"function evaluation" "current f(x)" "best-so-far f(x)" "current af(x)+b"  "best af(x)+b"
1 86.3754 86.3754 127.155 127.155
2 86.0869 86.0869 126.867 126.867
3 85.4954 85.4954 126.275 126.275
5 85.408 85.408 126.188 126.188
6 85.1561 85.1561 125.936 125.936
9 81.782 81.782 122.562 122.562
34 81.4495 81.4495 122.23 122.23
122 80.3635 80.3635 121.143 121.143
239 77.1485 77.1485 117.928 117.928
821 77.1002 77.1002 117.88 117.88
1003 74.1964 74.1964 114.976 114.976
2012 68.7241 68.7241 109.504 109.504
2018 67.1395 67.1395 107.919 107.919
4127 52.2413 52.2413 93.0213 93.0213
7217 34.7186 34.7186 75.4986 75.4986
12117 33.7068 33.7068 74.4868 74.4868
12133 28.1885 28.1885 68.9685 68.9685
20620 22.9695 22.9695 63.7495 63.7495
20635 20.4173 20.4173 61.1973 61.1973
21605 14.9825 14.9825 55.7625 55.7625
36124 11.9793 11.9793 52.7593 52.7593
46531 8.65004 8.65004 49.43 49.43
87007 6.41103 6.41103 47.191 47.191
87024 6.17336 6.17336 46.9534 46.9534
95346 5.11632 5.11632 45.8963 45.8963
195010 3.40037 3.40037 44.1804 44.1804
195025 1.99736 1.99736 42.7774 42.7774
200050 778.176 1.99736 818.956 42.7774
"function evaluation" "current f(x)" "best-so-far f(x)" "current af(x)+b"  "best af(x)+b"
1 85.0474 85.0474 83.4474 83.4474
2 84.3344 84.3344 82.7344 82.7344
4 82.7634 82.7634 81.1634 81.1634
14 76.7332 76.7332 75.1332 75.1332
419 68.1531 68.1531 66.5531 66.5531
929 68.0704 68.0704 66.4704 66.4704
940 54.5094 54.5094 52.9094 52.9094
6248 51.4162 51.4162 49.8162 49.8162
12506 49.7063 49.7063 48.1063 48.1063
12838 47.4976 47.4976 45.8976 45.8976
12840 26.7403 26.7403 25.1403 25.1403
17339 22.6119 22.6119 21.0119 21.0119
22612 20.6192 20.6192 19.0192 19.0192
26637 19.1035 19.1035 17.5035 17.5035
37617 16.7133 16.7133 15.1133 15.1133
83106 13.3344 13.3344 11.7344 11.7344
137116 11.6949 11.6949 10.0949 10.0949
154008 10.9273 10.9273 9.32727 9.32727
156304 10.4013 10.4013 8.80134 8.80134
164329 8.92268 8.92268 7.32268 7.32268
200050 127.229 8.92268 125.629 7.32268
"function evaluation" "current f(x)" "best-so-far f(x)" "current af(x)+b"  "best af(x)+b"
1 85.4424 85.4424 -285.398 -285.398
2 85.3503 85.3503 -285.49 -285.49
4 84.8344 84.8344 -286.006 -286.006
7 83.2206 83.2206 -287.619 -287.619
14 81.1871 81.1871 -289.653 -289.653
109 80.8285 80.8285 -290.011 -290.011
119 80.8216 80.8216 -290.018 -290.018
126 80.0084 80.0084 -290.832 -290.832
304 78.5664 78.5664 -292.274 -292.274
423 73.4869 73.4869 -297.353 -297.353
1219 70.959 70.959 -299.881 -299.881
2711 70.348 70.348 -300.492 -300.492
4601 67.615 67.615 -303.225 -303.225
5405 64.9668 64.9668 -305.873 -305.873
5411 63.8999 63.8999 -306.94 -306.94
5432 60.0873 60.0873 -310.753 -310.753
5433 55.0838 55.0838 -315.756 -315.756
14119 51.5118 51.5118 -319.328 -319.328
14141 45.022 45.022 -325.818 -325.818
23205 43.0948 43.0948 -327.745 -327.745
37307 38.6763 38.6763 -332.164 -332.164
52211 33.6639 33.6639 -337.176 -337.176
73544 31.2485 31.2485 -339.592 -339.592
197117 31.1751 31.1751 -339.665 -339.665
200050 74.0462 31.1751 -296.794 -339.665
"function evaluation" "current f(x)" "best-so-far f(x)" "current af(x)+b"  "best af(x)+b"
1 86.1733 86.1733 53.6133 53.6133
2 83.0269 83.0269 50.4669 50.4669
12 82.1472 82.1472 49.5872 49.5872
15 81.8773 81.8773 49.3173 49.3173
26 79.9991 79.9991 47.4391 47.4391
108 77.0897 77.0897 44.5297 44.5297
332 74.984 74.984 42.424 42.424
1947 74.3257 74.3257 41.7657 41.7657
2302 73.8033 73.8033 41.2433 41.2433
2324 73.0573 73.0573 40.4973 40.4973
5407 72.3281 72.3281 39.7681 39.7681
5424 72.008 72.008 39.448 39.448
5440 70.6908 70.6908 38.1308 38.1308
5449 67.8461 67.8461 35.2861 35.2861
6008 67.7363 67.7363 35.1763 35.1763
6012 63.7224 63.7224 31.1624 31.1624
6724 63.2152 63.2152 30.6552 30.6552
7239 59.2468 59.2468 26.6868 26.6868
7938 58.7153 58.7153 26.1553 26.1553
8133 54.8847 54.8847 22.3247 22.3247
9638 48.3876 48.3876 15.8276 15.8276
9650 38.4791 38.4791 5.91913 5.91913
9809 24.156 24.156 -8.40404 -8.40404
26320 19.6491 19.6491 -12.9109 -12.9109
26927 17.3533 17.3533 -15.2067 -15.2067
26931 16.9272 16.9272 -15.6328 -15.6328
27605 16.1496 16.1496 -16.4104 -16.4104
39925 9.7794 9.7794 -22.7806 -22.7806
66522 9.58478 9.58478 -22.9752 -22.9752
67910 9.25701 9.25701 -23.303 -23.303
73925 8.54111 8.54111 -24.0189 -24.0189
90708 7.63315 7.63315 -24.9268 -24.9268
95608 7.15954 7.15954 -25.4005 -25.4005
95641 3.81159 3.81159 -28.7484 -28.7484
151735 3.20856 3.20856 -29.3514 -29.3514
200050 103.035 3.20856 70.4751 -29.3514
"function evaluation" "current f(x)" "best-so-far f(x)" "current af(x)+b"  "best af(x)+b"
1 86.139 86.139 601.539 601.539
2 85.0614 85.0614 600.461 600.461
3 84.7938 84.7938 600.194 600.194
8 76.8606 76.8606 592.261 592.261
20 75.2369 75.2369 590.637 590.637
1224 74.5803 74.5803 589.98 589.98
1507 68.9634 68.9634 584.363 584.363
1515 68.2188 68.2188 583.619 583.619
2002 68.1576 68.1576 583.558 583.558
2026 67.6395 67.6395 583.04 583.04
2410 62.369 62.369 577.769 577.769
2449 57.3276 57.3276 572.728 572.728
3211 54.9017 54.9017 570.302 570.302
3213 44.4753 44.4753 559.875 559.875
4044 41.1022 41.1022 556.502 556.502
4518 38.0121 38.0121 553.412 553.412
4542 34.2551 34.2551 549.655 549.655
5023 25.4142 25.4142 540.814 540.814
14713 23.7077 23.7077 539.108 539.108
14729 23.5176 23.5176 538.918 538.918
15242 19.2341 19.2341 534.634 534.634
19401 15.9515 15.9515 531.352 531.352
24724 15.6348 15.6348 531.035 531.035
41248 9.14789 9.14789 524.548 524.548
69708 8.58816 8.58816 523.988 523.988
73811 8.34753 8.34753 523.748 523.748
101804 7.52628 7.52628 522.926 522.926
101805 7.33472 7.33472 522.735 522.735
200050 77.4591 7.33472 592.859 522.735
"function evaluation" "current f(x)" "best-so-far f(x)" "current af(x)+b"  "best af(x)+b"
1 82.4049 82.4049 1068.63 1068.63
11 80.0188 80.0188 1066.25 1066.25
102 75.2372 75.2372 1061.47 1061.47
828 73.2193 73.2193 1059.45 1059.45
2217 72.9868 72.9868 1059.22 1059.22
2826 72.7484 72.7484 1058.98 1058.98
3125 71.3706 71.3706 1057.6 1057.6
3306 68.3837 68.3837 1054.61 1054.61
3335 65.2074 65.2074 1051.44 1051.44
4840 65.1678 65.1678 1051.4 1051.4
4916 59.0954 59.0954 1045.33 1045.33
6109 52.8228 52.8228 1039.05 1039.05
6110 52.3118 52.3118 1038.54 1038.54
6147 34.6026 34.6026 1020.83 1020.83
9323 29.6393 29.6393 1015.87 1015.87
11536 28.2907 28.2907 1014.52 1014.52
13302 25.1999 25.1999 1011.43 1011.43
13328 20.2677 20.2677 1006.5 1006.5
13709 18.7759 18.7759 1005.01 1005.01
13932 15.8607 15.8607 1002.09 1002.09
26947 14.0726 14.0726 1000.3 1000.3
52009 12.4441 12.4441 998.674 998.674
52518 11.647 11.647 997.877 997.877
60224 11.4584 11.4584 997.688 997.688
60249 10.025 10.025 996.255 996.255
121807 8.48575 8.48575 994.716 994.716
168837 8.40785 8.40785 994.638 994.638
172533 8.34272 8.34272 994.573 994.573
200050 110.905 8.34272 1097.13 994.573
"function evaluation" "current f(x)" "best-so-far f(x)" "current af(x)+b"  "best af(x)+b"
1 83.6462 83.6462 207.726 207.726
2 80.0445 80.0445 204.125 204.125
14 74.8885 74.8885 198.968 198.968
1630 71.0679 71.0679 195.148 195.148
3622 70.8756 70.8756 194.956 194.956
3631 66.858 66.858 190.938 190.938
10929 66.3485 66.3485 190.428 190.428
10930 50.4422 50.4422 174.522 174.522
12204 45.4915 45.4915 169.571 169.571
14921 43.4881 43.4881 167.568 167.568
16543 41.2652 41.2652 165.345 165.345
20906 27.1068 27.1068 151.187 151.187
21104 25.5979 25.5979 149.678 149.678
26933 18.0158 18.0158 142.096 142.096
32329 15.4274 15.4274 139.507 139.507
50604 14.8788 14.8788 138.959 138.959
53506 12.5267 12.5267 136.607 136.607
53537 12.2633 12.2633 136.343 136.343
58644 10.7546 10.7546 134.835 134.835
77321 10.3489 10.3489 134.429 134.429
88122 9.44067 9.44067 133.521 133.521
113147 8.39889 8.39889 132.479 132.479
127415 7.84361 7.84361 131.924 131.924
129922 7.07032 7.07032 131.15 131.15
198504 5.88173 5.88173 129.962 129.962
200050 87.5751 5.88173 211.655 129.962
"function evaluation" "current f(x)" "best-so-far f(x)" "current af(x)+b"  "best af(x)+b"
1 85.2139 85.2139 -383.096 -383.096
2 85.1982 85.1982 -383.112 -383.112
4 84.8502 84.8502 -383.46 -383.46
7 83.5738 83.5738 -384.736 -384.736
8 81.3117 81.3117 -386.998 -386.998
28 80.0049 80.0049 -388.305 -388.305
113 79.7586 79.7586 -388.551 -388.551
121 77.365 77.365 -390.945 -390.945
221 72.8497 72.8497 -395.46 -395.46
547 72.73 72.73 -395.58 -395.58
1409 69.6863 69.6863 -398.624 -398.624
1720 60.4163 60.4163 -407.894 -407.894
5142 57.081 57.081 -411.229 -411.229
6432 45.6302 45.6302 -422.68 -422.68
6522 41.7465 41.7465 -426.564 -426.564
13416 40.8542 40.8542 -427.456 -427.456
13846 31.3583 31.3583 -436.952 -436.952
18630 31.0495 31.0495 -437.26 -437.26
21607 25.9562 25.9562 -442.354 -442.354
26044 24.9174 24.9174 -443.393 -443.393
26420 19.735 19.735 -448.575 -448.575
35714 17.8863 17.8863 -450.424 -450.424
37348 14.3822 14.3822 -453.928 -453.928
48614 12.5498 12.5498 -455.76 -455.76
60705 8.85043 8.85043 -459.46 -459.46
76442 7.72524 7.72524 -460.585 -460.585
102224 6.72269 6.72269 -461.587 -461.587
103901 6.11544 6.11544 -462.195 -462.195
140004 2.5876 2.5876 -465.722 -465.722
140012 2.19177 2.19177 -466.118 -466.118
200050 112.392 2.19177 -355.918 -466.118
"function evaluation" "current f(x)" "best-so-far f(x)" "current af(x)+b"  "best af(x)+b"
1 84.3144 84.3144 23.6944 23.6944
3 83.2569 83.2569 22.6369 22.6369
8 80.0498 80.0498 19.4298 19.4298
50 77.2108 77.2108 16.5908 16.5908
223 76.7714 76.7714 16.1514 16.1514
224 71.3516 71.3516 10.7316 10.7316
601 69.9352 69.9352 9.31524 9.31524
619 68.8562 68.8562 8.2362 8.2362
4102 68.7475 68.7475 8.12752 8.12752
4415 59.9325 59.9325 -0.687528 -0.687528
7350 59.687 59.687 -0.933008 -0.933008
7649 59.4107 59.4107 -1.20928 -1.20928
8304 48.2627 48.2627 -12.3573 -12.3573
8415 45.0409 45.0409 -15.5791 -15.5791
8436 44.6699 44.6699 -15.9501 -15.9501
8833 43.9153 43.9153 -16.7047 -16.7047
10934 31.0879 31.0879 -29.5321 -29.5321
12923 29.5792 29.5792 -31.0408 -31.0408
12934 29.122 29.122 -31.498 -31.498
12936 26.2368 26.2368 -34.3832 -34.3832
14007 25.2686 25.2686 -35.3514 -35.3514
14009 21.8405 21.8405 -38.7795 -38.7795
15808 21.6966 21.6966 -38.9234 -38.9234
15840 18.5071 18.5071 -42.1129 -42.1129
28243 13.7437 13.7437 -46.8763 -46.8763
63811 13.6552 13.6552 -46.9648 -46.9648
102307 13.2511 13.2511 -47.3689 -47.3689
102837 12.885 12.885 -47.735 -47.735
109711 10.197 10.197 -50.423 -50.423
109744 9.23226 9.23226 -51.3877 -51.3877
200050 71.5035 9.23226 10.8835 -51.3877
"function evaluation" "current f(x)" "best-so-far f(x)" "current af(x)+b"  "best af(x)+b"
1 83.7103 83.7103 370.17 370.17
2 83.3121 83.3121 369.772 369.772
5 80.5876 80.5876 367.048 367.048
15 80.4461 80.4461 366.906 366.906
229 80.3158 80.3158 366.776 366.776
401 77.9224 77.9224 364.382 364.382
411 69.4026 69.4026 355.863 355.863
438 66.5002 66.5002 352.96 352.96
7414 51.1066 51.1066 337.567 337.567
29034 47.8109 47.8109 334.271 334.271
36405 45.5345 45.5345 331.995 331.995
38540 42.7594 42.7594 329.219 329.219
42127 40.9622 40.9622 327.422 327.422
43539 32.3343 32.3343 318.794 318.794
88926 30.6335 30.6335 317.093 317.093
94715 29.2191 29.2191 315.679 315.679
173728 26.4075 26.4075 312.868 312.868
195007 26.3845 26.3845 312.845 312.845
200050 96.9374 26.3845 383.397 312.845
"function evaluation" "current f(x)" "best-so-far f(x)" "current af(x)+b"  "best af(x)+b"
1 85.4849 85.4849 198.905 198.905
5 85.3966 85.3966 198.817 198.817
6 85.123 85.123 198.543 198.543
9 84.6955 84.6955 198.115 198.115
11 84.1432 84.1432 197.563 197.563
12 82.2463 82.2463 195.666 195.666
17 81.2431 81.2431 194.663 194.663
45 81.0555 81.0555 194.476 194.476
48 79.6269 79.6269 193.047 193.047
211 73.9006 73.9006 187.321 187.321
922 73.7018 73.7018 187.122 187.122
929 68.8112 68.8112 182.231 182.231
2841 66.665 66.665 180.085 180.085
2935 64.0243 64.0243 177.444 177.444
3435 63.8648 63.8648 177.285 177.285
4230 63.4821 63.4821 176.902 176.902
5417 63.4283 63.4283 176.848 176.848
5421 62.9916 62.9916 176.412 176.412
5446 54.2626 54.2626 167.683 167.683
5831 33.2409 33.2409 146.661 146.661
19201 33.0369 33.0369 146.457 146.457
19210 27.8802 27.8802 141.3 141.3
19212 20.4315 20.4315 133.852 133.852
19243 15.8247 15.8247 129.245 129.245
24924 12.141 12.141 125.561 125.561
36525 10.468 10.468 123.888 123.888
69621 8.31678 8.31678 121.737 121.737
127121 7.33756 7.33756 120.758 120.758
200050 76.2291 7.33756 189.649 120.758
"function evaluation" "current f(x)" "best-so-far f(x)" "current af(x)+b"  "best af(x)+b"
1 81.4894 81.4894 -114.371 -114.371
3 80.6213 80.6213 -115.239 -115.239
6 77.0948 77.0948 -118.765 -118.765
930 66.5491 66.5491 -129.311 -129.311
9417 52.9476 52.9476 -142.912 -142.912
14202 44.0647 44.0647 -151.795 -151.795
15916 30.2219 30.2219 -165.638 -165.638
21546 30.0395 30.0395 -165.82 -165.82
25217 17.4241 17.4241 -178.436 -178.436
41946 14.6984 14.6984 -181.162 -181.162
44907 9.43243 9.43243 -186.428 -186.428
59106 8.82089 8.82089 -187.039 -187.039
116023 6.67302 6.67302 -189.187 -189.187
200050 74.9732 6.67302 -120.887 -189.187
"function evaluation" "current f(x)" "best-so-far f(x)" "current af(x)+b"  "best af(x)+b"
1 85.2995 85.2995 79.5395 79.5395
4 83.4974 83.4974 77.7374 77.7374
6 81.061 81.061 75.301 75.301
8 78.9095 78.9095 73.1495 73.1495
10 74.8022 74.8022 69.0422 69.0422
1545 71.5448 71.5448 65.7848 65.7848
1636 71.3606 71.3606 65.6006 65.6006
1815 70.008 70.008 64.248 64.248
1819 67.8493 67.8493 62.0893 62.0893
3640 67.5837 67.5837 61.8237 61.8237
3641 62.8278 62.8278 57.0678 57.0678
4903 61.4365 61.4365 55.6765 55.6765
6626 56.2644 56.2644 50.5044 50.5044
7019 51.7386 51.7386 45.9786 45.9786
7050 36.2312 36.2312 30.4712 30.4712
9020 19.0788 19.0788 13.3188 13.3188
19129 11.1969 11.1969 5.43691 5.43691
26924 9.03683 9.03683 3.27683 3.27683
90449 8.59458 8.59458 2.83458 2.83458
96046 7.48887 7.48887 1.72887 1.72887
97203 7.11055 7.11055 1.35055 1.35055
111037 6.85694 6.85694 1.09694 1.09694
126412 6.55389 6.55389 0.793885 0.793885
152434 5.55407 5.55407 -0.205933 -0.205933
200050 71.4004 5.55407 65.6404 -0.205933
"function evaluation" "current f(x)" "best-so-far f(x)" "current af(x)+b"  "best af(x)+b"
1 86.413 86.413 -412.237 -412.237
2 84.9915 84.9915 -413.659 -413.659
7 78.675 78.675 -419.975 -419.975
50 74.5308 74.5308 -424.119 -424.119
1026 73.4183 73.4183 -425.232 -425.232
1520 68.4905 68.4905 -430.16 -430.16
2116 57.0695 57.0695 -441.581 -441.581
5314 46.3557 46.3557 -452.294 -452.294
5315 43.4537 43.4537 -455.196 -455.196
6924 37.0878 37.0878 -461.562 -461.562
7118 29.5216 29.5216 -469.128 -469.128
9708 28.6626 28.6626 -469.987 -469.987
14110 26.2041 26.2041 -472.446 -472.446
14120 10.4175 10.4175 -488.233 -488.233
50734 9.40555 9.40555 -489.244 -489.244
82132 8.59376 8.59376 -490.056 -490.056
107715 5.95949 5.95949 -492.691 -492.691
200050 83.7491 5.95949 -414.901 -492.691
"function evaluation" "current f(x)" "best-so-far f(x)" "current af(x)+b"  "best af(x)+b"
1 84.8853 84.8853 42.0253 42.0253
5 84.7598 84.7598 41.8998 41.8998
7 83.8423 83.8423 40.9823 40.9823
9 82.1046 82.1046 39.2446 39.2446
11 80.2186 80.2186 37.3586 37.3586
305 80.1133 80.1133 37.2533 37.2533
827 76.8561 76.8561 33.9961 33.9961
836 75.6756 75.6756 32.8156 32.8156
1437 71.5971 71.5971 28.7371 28.7371
1917 71.4586 71.4586 28.5986 28.5986
3126 69.6118 69.6118 26.7518 26.7518
3707 68.6888 68.6888 25.8288 25.8288
4447 67.1615 67.1615 24.3015 24.3015
6045 54.797 54.797 11.937 11.937
16010 49.3557 49.3557 6.4957 6.4957
19244 37.0337 37.0337 -5.82632 -5.82632
20026 35.1041 35.1041 -7.75594 -7.75594
24244 29.5706 29.5706 -13.2894 -13.2894
28728 25.8071 25.8071 -17.0529 -17.0529
30519 21.8415 21.8415 -21.0185 -21.0185
35218 20.5754 20.5754 -22.2846 -22.2846
73738 19.8105 19.8105 -23.0495 -23.0495
91610 19.2412 19.2412 -23.6188 -23.6188
91629 17.0638 17.0638 -25.7962 -25.7962
91648 9.87495 9.87495 -32.9851 -32.9851
200050 88.5597 9.87495 45.6997 -32.9851
"function evaluation" "current f(x)" "best-so-far f(x)" "current af(x)+b"  "best af(x)+b"
1 82.9163 82.9163 110.486 110.486
5 82.3564 82.3564 109.926 109.926
19 82.1785 82.1785 109.749 109.749
39 78.6277 78.6277 106.198 106.198
240 77.5246 77.5246 105.095 105.095
242 76.7194 76.7194 104.289 104.289
343 76.299 76.299 103.869 103.869
2001 74.3132 74.3132 101.883 101.883
3407 73.5771 73.5771 101.147 101.147
3415 73.5176 73.5176 101.088 101.088
3435 70.4134 70.4134 97.9834 97.9834
3522 69.0131 69.0131 96.5831 96.5831
4842 67.322 67.322 94.892 94.892
6519 61.2509 61.2509 88.8209 88.8209
7108 51.1748 51.1748 78.7448 78.7448
10128 41.7325 41.7325 69.3025 69.3025
10129 36.0647 36.0647 63.6347 63.6347
11135 35.9449 35.9449 63.5149 63.5149
11706 34.4716 34.4716 62.0416 62.0416
11902 31.6098 31.6098 59.1798 59.1798
16607 31.3864 31.3864 58.9564 58.9564
17244 15.9747 15.9747 43.5447 43.5447
21401 14.9956 14.9956 42.5656 42.5656
21403 13.5103 13.5103 41.0803 41.0803
21417 10.7803 10.7803 38.3503 38.3503
27335 10.4752 10.4752 38.0452 38.0452
31503 9.96274 9.96274 37.5327 37.5327
31507 9.03452 9.03452 36.6045 36.6045
43147 7.64156 7.64156 35.2116 35.2116
167622 5.48379 5.48379 33.0538 33.0538
200050 22.501 5.48379 50.071 33.0538
"function evaluation" "current f(x)" "best-so-far f(x)" "current af(x)+b"  "best af(x)+b"
1 84.7423 84.7423 97.5123 97.5123
12 84.3558 84.3558 97.1258 97.1258
19 82.6879 82.6879 95.4579 95.4579
34 81.6623 81.6623 94.4323 94.4323
40 81.5927 81.5927 94.3627 94.3627
206 81.0264 81.0264 93.7964 93.7964
305 76.9924 76.9924 89.7624 89.7624
312 76.4533 76.4533 89.2233 89.2233
344 76.3218 76.3218 89.0918 89.0918
907 72.091 72.091 84.861 84.861
2101 71.343 71.343 84.113 84.113
2106 69.6755 69.6755 82.4455 82.4455
2121 69.1028 69.1028 81.8728 81.8728
3311 68.7692 68.7692 81.5392 81.5392
5901 68.4886 68.4886 81.2586 81.2586
5906 65.93 65.93 78.7 78.7
7506 58.7046 58.7046 71.4746 71.4746
12241 54.289 54.289 67.059 67.059
13227 53.649 53.649 66.419 66.419
14222 49.9615 49.9615 62.7315 62.7315
15804 47.6591 47.6591 60.4291 60.4291
16643 44.4781 44.4781 57.2481 57.2481
23233 40.5914 40.5914 53.3614 53.3614
28408 33.0168 33.0168 45.7868 45.7868
28419 31.9157 31.9157 44.6857 44.6857
37017 29.8685 29.8685 42.6385 42.6385
39510 27.2426 27.2426 40.0126 40.0126
39539 25.7741 25.7741 38.5441 38.5441
40807 21.8954 21.8954 34.6654 34.6654
64635 20.2316 20.2316 33.0016 33.0016
84225 18.8623 18.8623 31.6323 31.6323
117533 18.7424 18.7424 31.5124 31.5124
120239 17.0433 17.0433 29.8133 29.8133
200050 172.072 17.0433 184.842 29.8133
"function evaluation" "current f(x)" "best-so-far f(x)" "current af(x)+b"  "best af(x)+b"
1 85.6756 85.6756 -739.394 -739.394
3 84.4557 84.4557 -740.614 -740.614
5 84.4028 84.4028 -740.667 -740.667
10 79.8049 79.8049 -745.265 -745.265
515 72.1806 72.1806 -752.889 -752.889
1622 70.8756 70.8756 -754.194 -754.194
3911 70.5158 70.5158 -754.554 -754.554
4201 68.5856 68.5856 -756.484 -756.484
4245 55.9246 55.9246 -769.145 -769.145
14204 45.9504 45.9504 -779.12 -779.12
20009 40.3103 40.3103 -784.76 -784.76
20105 37.9354 37.9354 -787.135 -787.135
24514 33.9278 33.9278 -791.142 -791.142
24521 29.1895 29.1895 -795.88 -795.88
33505 25.9373 25.9373 -799.133 -799.133
33605 20.4385 20.4385 -804.632 -804.632
111204 18.5843 18.5843 -806.486 -806.486
144944 18.4115 18.4115 -806.658 -806.658
200050 73.8694 18.4115 -751.201 -806.658
"function evaluation" "current f(x)" "best-so-far f(x)" "current af(x)+b"  "best af(x)+b"
1 85.4994 85.4994 1085.5 1085.5
2 80.3509 80.3509 1080.35 1080.35
8 74.3256 74.3256 1074.33 1074.33
223 73.4847 73.4847 1073.48 1073.48
1327 69.9343 69.9343 1069.93 1069.93
1334 62.8313 62.8313 1062.83 1062.83
11507 55.3513 55.3513 1055.35 1055.35
11535 52.755 52.755 1052.75 1052.75
13109 48.6353 48.6353 1048.64 1048.64
18610 38.521 38.521 1038.52 1038.52
23443 35.8434 35.8434 1035.84 1035.84
25143 34.7076 34.7076 1034.71 1034.71
26001 33.3975 33.3975 1033.4 1033.4
26013 32.2403 32.2403 1032.24 1032.24
26020 29.7286 29.7286 1029.73 1029.73
33128 27.7943 27.7943 1027.79 1027.79
37349 26.227 26.227 1026.23 1026.23
39519 25.7928 25.7928 1025.79 1025.79
50436 24.6335 24.6335 1024.63 1024.63
51011 24.0654 24.0654 1024.07 1024.07
51034 22.5994 22.5994 1022.6 1022.6
70437 17.9877 17.9877 1017.99 1017.99
186731 17.7121 17.7121 1017.71 1017.71
198427 15.4029 15.4029 1015.4 1015.4
200050 90.9158 15.4029 1090.92 1015.4
"function evaluation" "current f(x)" "best-so-far f(x)" "current af(x)+b"  "best af(x)+b"
1 84.4687 84.4687 -58.6513 -58.6513
5 80.4699 80.4699 -62.6501 -62.6501
37 80.2748 80.2748 -62.8452 -62.8452
209 73.6665 73.6665 -69.4535 -69.4535
2402 73.6645 73.6645 -69.4555 -69.4555
2444 72.3468 72.3468 -70.7732 -70.7732
3007 70.6674 70.6674 -72.4526 -72.4526
3102 70.0671 70.0671 -73.0529 -73.0529
3124 68.467 68.467 -74.653 -74.653
4701 58.4247 58.4247 -84.6953 -84.6953
8121 57.8144 57.8144 -85.3056 -85.3056
12302 52.1556 52.1556 -90.9644 -90.9644
16319 51.4166 51.4166 -91.7034 -91.7034
31842 47.5363 47.5363 -95.5837 -95.5837
64101 43.7243 43.7243 -99.3957 -99.3957
75011 41.7694 41.7694 -101.351 -101.351
189308 39.439 39.439 -103.681 -103.681
200050 137.885 39.439 -5.23459 -103.681
"function evaluation" "current f(x)" "best-so-far f(x)" "current af(x)+b"  "best af(x)+b"
1 84.131 84.131 -130.459 -130.459
2 75.9127 75.9127 -138.677 -138.677
442 75.444 75.444 -139.146 -139.146
513 73.1166 73.1166 -141.473 -141.473
635 66.8753 66.8753 -147.715 -147.715
912 66.2002 66.2002 -148.39 -148.39
3318 63.9624 63.9624 -150.628 -150.628
4426 57.5273 57.5273 -157.063 -157.063
7715 46.701 46.701 -167.889 -167.889
7728 38.863 38.863 -175.727 -175.727
7750 38.6306 38.6306 -175.959 -175.959
7946 35.2821 35.2821 -179.308 -179.308
8707 34.0549 34.0549 -180.535 -180.535
8801 30.7434 30.7434 -183.847 -183.847
12403 30.6476 30.6476 -183.942 -183.942
12413 26.2731 26.2731 -188.317 -188.317
12440 18.1472 18.1472 -196.443 -196.443
12441 14.3214 14.3214 -200.269 -200.269
25933 11.0931 11.0931 -203.497 -203.497
26020 9.3558 9.3558 -205.234 -205.234
35522 7.34079 7.34079 -207.249 -207.249
79003 4.67619 4.67619 -209.914 -209.914
164922 4.51156 4.51156 -210.078 -210.078
164932 4.38493 4.38493 -210.205 -210.205
195541 3.16197 3.16197 -211.428 -211.428
200050 106.249 3.16197 -108.341 -211.428
"function evaluation" "current f(x)" "best-so-far f(x)" "current af(x)+b"  "best af(x)+b"
1 84.1263 84.1263 356.836 356.836
3 82.3882 82.3882 355.098 355.098
21 77.7183 77.7183 350.428 350.428
245 76.5753 76.5753 349.285 349.285
522 76.5399 76.5399 349.25 349.25
527 70.6392 70.6392 343.349 343.349
1644 70.3381 70.3381 343.048 343.048
2707 63.2862 63.2862 335.996 335.996
2723 62.5385 62.5385 335.248 335.248
3711 56.4248 56.4248 329.135 329.135
5146 55.6931 55.6931 328.403 328.403
5214 55.2665 55.2665 327.976 327.976
5420 51.3684 51.3684 324.078 324.078
5712 46.4487 46.4487 319.159 319.159
6302 45.1011 45.1011 317.811 317.811
6321 39.1466 39.1466 311.857 311.857
7850 38.9933 38.9933 311.703 311.703
9626 38.1968 38.1968 310.907 310.907
15331 33.2757 33.2757 305.986 305.986
17103 28.6434 28.6434 301.353 301.353
17635 25.7934 25.7934 298.503 298.503
23639 24.3051 24.3051 297.015 297.015
58139 22.4559 22.4559 295.166 295.166
74443 21.482 21.482 294.192 294.192
95830 21.3537 21.3537 294.064 294.064
108641 20.5228 20.5228 293.233 293.233
139928 18.6727 18.6727 291.383 291.383
173006 17.7934 17.7934 290.503 290.503
197702 13.8341 13.8341 286.544 286.544
197719 10.1355 10.1355 282.846 282.846
200050 178.132 10.1355 450.842 282.846
"function evaluation" "current f(x)" "best-so-far f(x)" "current af(x)+b"  "best af(x)+b"
1 82.9154 82.9154 22.6554 22.6554
9 82.7198 82.7198 22.4598 22.4598
18 82.0698 82.0698 21.8098 21.8098
41 79.0484 79.0484 18.7884 18.7884
47 78.6443 78.6443 18.3843 18.3843
214 77.5051 77.5051 17.2451 17.2451
310 76.6843 76.6843 16.4243 16.4243
1401 75.2715 75.2715 15.0115 15.0115
2744 73.8582 73.8582 13.5982 13.5982
4101 71.1254 71.1254 10.8654 10.8654
4112 69.1741 69.1741 8.91407 8.91407
7042 66.904 66.904 6.64396 6.64396
7438 66.7256 66.7256 6.46562 6.46562
7444 65.7511 65.7511 5.49112 5.49112
7807 64.68 64.68 4.41996 4.41996
7827 59.2022 59.2022 -1.05781 -1.05781
10925 53.4942 53.4942 -6.76582 -6.76582
11823 52.6961 52.6961 -7.56386 -7.56386
12126 47.2552 47.2552 -13.0048 -13.0048
14314 43.5693 43.5693 -16.6907 -16.6907
16514 39.8564 39.8564 -20.4036 -20.4036
16547 39.6365 39.6365 -20.6235 -20.6235
28527 39.0571 39.0571 -21.2029 -21.2029
30417 36.2885 36.2885 -23.9715 -23.9715
34212 32.8767 32.8767 -27.3833 -27.3833
50721 28.7189 28.7189 -31.5411 -31.5411
50741 28.1393 28.1393 -32.1207 -32.1207
67701 24.9848 24.9848 -35.2752 -35.2752
109112 23.7968 23.7968 -36.4632 -36.4632
200050 182.384 23.7968 122.124 -36.4632
"function evaluation" "current f(x)" "best-so-far f(x)" "current af(x)+b"  "best af(x)+b"
1 85.642 85.642 50.392 50.392
3 83.0258 83.0258 47.7758 47.7758
11 76.3451 76.3451 41.0951 41.0951
212 73.1886 73.1886 37.9386 37.9386
618 73.0394 73.0394 37.7894 37.7894
2139 71.6462 71.6462 36.3962 36.3962
2224 70.1156 70.1156 34.8656 34.8656
3416 69.3279 69.3279 34.0779 34.0779
3417 67.7367 67.7367 32.4867 32.4867
3505 67.529 67.529 32.279 32.279
4145 61.4762 61.4762 26.2262 26.2262
9016 56.3526 56.3526 21.1026 21.1026
11927 55.5513 55.5513 20.3013 20.3013
12019 51.4747 51.4747 16.2247 16.2247
21825 49.331 49.331 14.081 14.081
27605 47.1758 47.1758 11.9258 11.9258
28801 46.1161 46.1161 10.8661 10.8661
29436 43.474 43.474 8.22398 8.22398
34706 42.1823 42.1823 6.93233 6.93233
41204 36.3829 36.3829 1.13293 1.13293
56904 34.422 34.422 -0.827973 -0.827973
64115 29.9316 29.9316 -5.31838 -5.31838
64139 25.3067 25.3067 -9.94334 -9.94334
200050 67.607 25.3067 32.357 -9.94334
"function evaluation" "current f(x)" "best-so-far f(x)" "current af(x)+b"  "best af(x)+b"
1 84.7662 84.7662 -190.344 -190.344
2 84.3073 84.3073 -190.803 -190.803
3 82.2592 82.2592 -192.851 -192.851
5 81.2339 81.2339 -193.876 -193.876
22 80.9074 80.9074 -194.203 -194.203
403 79.3291 79.3291 -195.781 -195.781
928 78.6424 78.6424 -196.468 -196.468
935 74.9886 74.9886 -200.121 -200.121
1817 71.4668 71.4668 -203.643 -203.643
3350 71.0362 71.0362 -204.074 -204.074
3501 63.3884 63.3884 -211.722 -211.722
3515 55.1838 55.1838 -219.926 -219.926
10049 30.0558 30.0558 -245.054 -245.054
13231 22.3577 22.3577 -252.752 -252.752
16102 17.8248 17.8248 -257.285 -257.285
43709 16.3042 16.3042 -258.806 -258.806
48742 10.419 10.419 -264.691 -264.691
119612 8.47166 8.47166 -266.638 -266.638
200050 76.8881 8.47166 -198.222 -266.638
