"function evaluation" "current f(x)" "best-so-far f(x)" "current af(x)+b"  "best af(x)+b"
1 3.42085e+06 3.42085e+06 3.42092e+06 3.42092e+06
2 8721.17 8721.17 8797.44 8797.44
56 3788.06 3788.06 3864.33 3864.33
171 1255.68 1255.68 1331.95 1331.95
222 304.703 304.703 380.973 380.973
818 112.606 112.606 188.876 188.876
2150 670312 112.606 670389 188.876
"function evaluation" "current f(x)" "best-so-far f(x)" "current af(x)+b"  "best af(x)+b"
1 2.86302e+06 2.86302e+06 2.863e+06 2.863e+06
5 1.08531e+06 1.08531e+06 1.08528e+06 1.08528e+06
7 1193.12 1193.12 1170.57 1170.57
441 1101.65 1101.65 1079.1 1079.1
454 247.25 247.25 224.7 224.7
756 216.52 216.52 193.97 193.97
811 204.605 204.605 182.055 182.055
1154 164.966 164.966 142.416 142.416
1676 151.609 151.609 129.059 129.059
1969 133.017 133.017 110.467 110.467
2150 179194 133.017 179171 110.467
"function evaluation" "current f(x)" "best-so-far f(x)" "current af(x)+b"  "best af(x)+b"
1 1.98464e+07 1.98464e+07 1.98464e+07 1.98464e+07
2 5.22116e+06 5.22116e+06 5.22117e+06 5.22117e+06
3 110.099 110.099 123.759 123.759
2150 542871 110.099 542885 123.759
"function evaluation" "current f(x)" "best-so-far f(x)" "current af(x)+b"  "best af(x)+b"
1 1.99107e+06 1.99107e+06 1.992e+06 1.992e+06
4 100564 100564 101502 101502
15 89630.8 89630.8 90568.6 90568.6
19 67714.7 67714.7 68652.6 68652.6
49 1442.88 1442.88 2380.72 2380.72
226 480.774 480.774 1418.61 1418.61
263 349.507 349.507 1287.35 1287.35
381 192.651 192.651 1130.49 1130.49
1854 171.711 171.711 1109.55 1109.55
2150 3.61015e+06 171.711 3.61109e+06 1109.55
"function evaluation" "current f(x)" "best-so-far f(x)" "current af(x)+b"  "best af(x)+b"
1 1.72234e+06 1.72234e+06 1.72226e+06 1.72226e+06
3 766467 766467 766388 766388
4 4234.69 4234.69 4155.97 4155.97
32 342.514 342.514 263.794 263.794
243 242.594 242.594 163.874 163.874
507 172.22 172.22 93.5003 93.5003
748 167.892 167.892 89.1725 89.1725
1893 149.747 149.747 71.0274 71.0274
2150 1.54225e+07 149.747 1.54224e+07 71.0274
"function evaluation" "current f(x)" "best-so-far f(x)" "current af(x)+b"  "best af(x)+b"
1 1.2391e+07 1.2391e+07 1.23904e+07 1.23904e+07
2 5.44704e+06 5.44704e+06 5.44644e+06 5.44644e+06
5 2.63622e+06 2.63622e+06 2.63562e+06 2.63562e+06
6 2.37092e+06 2.37092e+06 2.37032e+06 2.37032e+06
13 1.68587e+06 1.68587e+06 1.68527e+06 1.68527e+06
24 494824 494824 494225 494225
25 986.301 986.301 387.871 387.871
388 583.84 583.84 -14.5902 -14.5902
432 373.498 373.498 -224.932 -224.932
559 359.401 359.401 -239.029 -239.029
979 329.154 329.154 -269.276 -269.276
2150 8093.68 329.154 7495.25 -269.276
"function evaluation" "current f(x)" "best-so-far f(x)" "current af(x)+b"  "best af(x)+b"
1 7.57557e+06 7.57557e+06 7.57548e+06 7.57548e+06
3 297929 297929 297843 297843
5 76581.3 76581.3 76495.9 76495.9
7 58489.4 58489.4 58403.9 58403.9
19 38163.7 38163.7 38078.3 38078.3
21 28710.4 28710.4 28625 28625
49 6688.22 6688.22 6602.8 6602.8
81 2656.9 2656.9 2571.48 2571.48
156 511.003 511.003 425.583 425.583
264 493.806 493.806 408.386 408.386
291 283.212 283.212 197.792 197.792
1390 246.31 246.31 160.89 160.89
2007 175.567 175.567 90.147 90.147
2150 11738.2 175.567 11652.8 90.147
"function evaluation" "current f(x)" "best-so-far f(x)" "current af(x)+b"  "best af(x)+b"
1 1.79865e+07 1.79865e+07 1.79867e+07 1.79867e+07
3 2.02729e+06 2.02729e+06 2.02748e+06 2.02748e+06
5 31827 31827 32020.2 32020.2
41 28226.1 28226.1 28419.4 28419.4
100 5451.77 5451.77 5645.02 5645.02
190 4793.07 4793.07 4986.32 4986.32
270 2623.18 2623.18 2816.43 2816.43
293 312.514 312.514 505.764 505.764
621 249.659 249.659 442.909 442.909
971 166.138 166.138 359.388 359.388
2150 135827 166.138 136020 359.388
"function evaluation" "current f(x)" "best-so-far f(x)" "current af(x)+b"  "best af(x)+b"
1 1.06084e+07 1.06084e+07 1.06082e+07 1.06082e+07
2 3.76446e+06 3.76446e+06 3.76428e+06 3.76428e+06
8 2.19981e+06 2.19981e+06 2.19963e+06 2.19963e+06
9 24976.1 24976.1 24794.6 24794.6
56 2350.84 2350.84 2169.34 2169.34
58 1500.55 1500.55 1319.05 1319.05
64 380.089 380.089 198.589 198.589
403 300.307 300.307 118.807 118.807
613 235.339 235.339 53.8394 53.8394
820 218.173 218.173 36.6733 36.6733
1031 96.0409 96.0409 -85.4591 -85.4591
2150 887551 96.0409 887370 -85.4591
"function evaluation" "current f(x)" "best-so-far f(x)" "current af(x)+b"  "best af(x)+b"
1 67598.2 67598.2 68050.8 68050.8
7 13864.5 13864.5 14317.1 14317.1
54 3213.93 3213.93 3666.55 3666.55
141 1637.35 1637.35 2089.97 2089.97
285 688.737 688.737 1141.36 1141.36
719 212.878 212.878 665.498 665.498
914 157.976 157.976 610.596 610.596
2150 429722 157.976 430174 610.596
"function evaluation" "current f(x)" "best-so-far f(x)" "current af(x)+b"  "best af(x)+b"
1 3.28071e+07 3.28071e+07 3.2807e+07 3.2807e+07
2 2.15154e+07 2.15154e+07 2.15153e+07 2.15153e+07
4 1.70539e+07 1.70539e+07 1.70538e+07 1.70538e+07
6 9.90609e+06 9.90609e+06 9.90597e+06 9.90597e+06
9 109994 109994 109876 109876
71 243.74 243.74 125.28 125.28
417 228.198 228.198 109.738 109.738
842 160.053 160.053 41.5935 41.5935
2150 2.30426e+07 160.053 2.30424e+07 41.5935
"function evaluation" "current f(x)" "best-so-far f(x)" "current af(x)+b"  "best af(x)+b"
1 5.32086e+06 5.32086e+06 5.32096e+06 5.32096e+06
4 175325 175325 175425 175425
10 153906 153906 154006 154006
24 4203.24 4203.24 4302.97 4302.97
198 3418.68 3418.68 3518.41 3518.41
217 1794.49 1794.49 1894.22 1894.22
345 213.239 213.239 312.969 312.969
1205 152.807 152.807 252.537 252.537
1479 141.669 141.669 241.399 241.399
1931 96.9499 96.9499 196.68 196.68
2150 493824 96.9499 493924 196.68
"function evaluation" "current f(x)" "best-so-far f(x)" "current af(x)+b"  "best af(x)+b"
1 6.75415e+06 6.75415e+06 6.75419e+06 6.75419e+06
2 903352 903352 903392 903392
4 59007.8 59007.8 59048.2 59048.2
13 6800.97 6800.97 6841.41 6841.41
81 6551.71 6551.71 6592.15 6592.15
143 123.289 123.289 163.729 163.729
2150 7.09612e+06 123.289 7.09617e+06 163.729
"function evaluation" "current f(x)" "best-so-far f(x)" "current af(x)+b"  "best af(x)+b"
1 2.28335e+07 2.28335e+07 2.28333e+07 2.28333e+07
3 9.8704e+06 9.8704e+06 9.87027e+06 9.87027e+06
4 7.43124e+06 7.43124e+06 7.43112e+06 7.43112e+06
5 7.3618e+06 7.3618e+06 7.36168e+06 7.36168e+06
7 2.04953e+06 2.04953e+06 2.04941e+06 2.04941e+06
9 1.99892e+06 1.99892e+06 1.9988e+06 1.9988e+06
14 1.81347e+06 1.81347e+06 1.81335e+06 1.81335e+06
15 543456 543456 543334 543334
27 274257 274257 274135 274135
38 257182 257182 257060 257060
40 140744 140744 140623 140623
65 96719.2 96719.2 96597.6 96597.6
76 19886.1 19886.1 19764.5 19764.5
117 5083.71 5083.71 4962.11 4962.11
262 148.694 148.694 27.0939 27.0939
2150 89872.2 148.694 89750.6 27.0939
"function evaluation" "current f(x)" "best-so-far f(x)" "current af(x)+b"  "best af(x)+b"
1 489247 489247 489209 489209
3 12483.7 12483.7 12445.6 12445.6
39 11956.2 11956.2 11918.1 11918.1
67 3921.64 3921.64 3883.53 3883.53
76 456.789 456.789 418.679 418.679
589 339.17 339.17 301.06 301.06
657 271.857 271.857 233.747 233.747
1112 250.713 250.713 212.603 212.603
1861 165.764 165.764 127.654 127.654
2150 4.47801e+06 165.764 4.47797e+06 127.654
"function evaluation" "current f(x)" "best-so-far f(x)" "current af(x)+b"  "best af(x)+b"
1 2.87137e+06 2.87137e+06 2.87121e+06 2.87121e+06
3 375158 375158 375003 375003
5 150576 150576 150421 150421
6 2565.3 2565.3 2410.75 2410.75
88 524.223 524.223 369.673 369.673
590 257.98 257.98 103.43 103.43
1348 241.877 241.877 87.327 87.327
1634 207.791 207.791 53.2413 53.2413
1893 161.638 161.638 7.08776 7.08776
2150 409449 161.638 409294 7.08776
"function evaluation" "current f(x)" "best-so-far f(x)" "current af(x)+b"  "best af(x)+b"
1 1.77841e+07 1.77841e+07 1.77841e+07 1.77841e+07
2 391063 391063 391051 391051
4 18470.5 18470.5 18457.8 18457.8
22 1675.19 1675.19 1662.49 1662.49
31 1288.33 1288.33 1275.63 1275.63
53 624.712 624.712 612.012 612.012
151 338.063 338.063 325.363 325.363
191 325.939 325.939 313.239 313.239
850 209.578 209.578 196.878 196.878
1139 118.857 118.857 106.157 106.157
1632 117.057 117.057 104.357 104.357
2150 53432.3 117.057 53419.6 104.357
"function evaluation" "current f(x)" "best-so-far f(x)" "current af(x)+b"  "best af(x)+b"
1 720546 720546 720366 720366
2 31875.4 31875.4 31694.8 31694.8
71 5623 5623 5442.36 5442.36
134 371.81 371.81 191.17 191.17
251 307.85 307.85 127.21 127.21
791 228.893 228.893 48.2527 48.2527
2150 8.13185e+06 228.893 8.13167e+06 48.2527
"function evaluation" "current f(x)" "best-so-far f(x)" "current af(x)+b"  "best af(x)+b"
1 953107 953107 953117 953117
6 200608 200608 200618 200618
7 74920.6 74920.6 74929.9 74929.9
9 17310.3 17310.3 17319.7 17319.7
18 401.146 401.146 410.526 410.526
359 227.737 227.737 237.117 237.117
510 208.55 208.55 217.93 217.93
2150 9.18439e+06 208.55 9.1844e+06 217.93
"function evaluation" "current f(x)" "best-so-far f(x)" "current af(x)+b"  "best af(x)+b"
1 282375 282375 282385 282385
12 21440.5 21440.5 21450.8 21450.8
13 13887.5 13887.5 13897.8 13897.8
37 325.987 325.987 336.307 336.307
161 306.283 306.283 316.603 316.603
572 185.542 185.542 195.862 195.862
2150 60316 185.542 60326.3 195.862
"function evaluation" "current f(x)" "best-so-far f(x)" "current af(x)+b"  "best af(x)+b"
1 706372 706372 706488 706488
10 253153 253153 253269 253269
18 77959.2 77959.2 78074.4 78074.4
27 19573.4 19573.4 19688.6 19688.6
91 5183.74 5183.74 5298.91 5298.91
123 4049.23 4049.23 4164.4 4164.4
176 978.884 978.884 1094.05 1094.05
300 753.148 753.148 868.318 868.318
383 156.731 156.731 271.901 271.901
2150 1.03022e+06 156.731 1.03033e+06 271.901
"function evaluation" "current f(x)" "best-so-far f(x)" "current af(x)+b"  "best af(x)+b"
1 5.16934e+06 5.16934e+06 5.16834e+06 5.16834e+06
2 1.9677e+06 1.9677e+06 1.9667e+06 1.9667e+06
4 530380 530380 529380 529380
13 199260 199260 198260 198260
17 17722.7 17722.7 16722.7 16722.7
36 3648.91 3648.91 2648.91 2648.91
41 466.197 466.197 -533.803 -533.803
420 257.429 257.429 -742.571 -742.571
697 134.699 134.699 -865.301 -865.301
2150 3.61526e+06 134.699 3.61426e+06 -865.301
"function evaluation" "current f(x)" "best-so-far f(x)" "current af(x)+b"  "best af(x)+b"
1 143163 143163 143272 143272
5 15053 15053 15162.2 15162.2
70 8832.55 8832.55 8941.77 8941.77
74 5714.79 5714.79 5824.01 5824.01
90 5092.52 5092.52 5201.74 5201.74
96 4047.12 4047.12 4156.34 4156.34
119 554.537 554.537 663.757 663.757
265 545.597 545.597 654.817 654.817
380 243.933 243.933 353.153 353.153
454 214.945 214.945 324.165 324.165
857 78.6436 78.6436 187.864 187.864
2150 2.92647e+06 78.6436 2.92658e+06 187.864
"function evaluation" "current f(x)" "best-so-far f(x)" "current af(x)+b"  "best af(x)+b"
1 5.51358e+06 5.51358e+06 5.51346e+06 5.51346e+06
8 10290.6 10290.6 10169.8 10169.8
39 5165.68 5165.68 5044.92 5044.92
82 985.062 985.062 864.302 864.302
108 553.461 553.461 432.701 432.701
136 367.063 367.063 246.303 246.303
710 295.125 295.125 174.365 174.365
1257 266.004 266.004 145.244 145.244
1586 256.068 256.068 135.308 135.308
2150 472978 256.068 472857 135.308
"function evaluation" "current f(x)" "best-so-far f(x)" "current af(x)+b"  "best af(x)+b"
1 2.00375e+07 2.00375e+07 2.00374e+07 2.00374e+07
3 5.68778e+06 5.68778e+06 5.6877e+06 5.6877e+06
4 251355 251355 251281 251281
14 3935.3 3935.3 3861.19 3861.19
136 1078.54 1078.54 1004.43 1004.43
170 389.482 389.482 315.372 315.372
548 269.271 269.271 195.161 195.161
820 256.928 256.928 182.818 182.818
1046 195.063 195.063 120.953 120.953
1937 126.542 126.542 52.4318 52.4318
2150 86030.8 126.542 85956.7 52.4318
