"function evaluation" "current f(x)" "best-so-far f(x)" "current af(x)+b"  "best af(x)+b"
1 250.915 250.915 233.975 233.975
10 112.541 112.541 95.6015 95.6015
11 103.169 103.169 86.2286 86.2286
22 87.4411 87.4411 70.5011 70.5011
29 66.5262 66.5262 49.5862 49.5862
44 48.0909 48.0909 31.1509 31.1509
530 37.7917 37.7917 20.8517 20.8517
755 28.6206 28.6206 11.6806 11.6806
1786 25.3498 25.3498 8.40981 8.40981
1805 24.7584 24.7584 7.81837 7.81837
2150 64.5367 24.7584 47.5967 7.81837
"function evaluation" "current f(x)" "best-so-far f(x)" "current af(x)+b"  "best af(x)+b"
1 237.731 237.731 256.541 256.541
2 93.0575 93.0575 111.867 111.867
4 88.6924 88.6924 107.502 107.502
5 54.1266 54.1266 72.9366 72.9366
112 52.1998 52.1998 71.0098 71.0098
131 47.1945 47.1945 66.0045 66.0045
145 40.2361 40.2361 59.0461 59.0461
408 36.5965 36.5965 55.4065 55.4065
739 36.5226 36.5226 55.3326 55.3326
768 33.1635 33.1635 51.9735 51.9735
890 26.0668 26.0668 44.8768 44.8768
1299 17.7429 17.7429 36.5529 36.5529
2150 26.8708 17.7429 45.6808 36.5529
"function evaluation" "current f(x)" "best-so-far f(x)" "current af(x)+b"  "best af(x)+b"
1 93.7722 93.7722 366.922 366.922
102 83.2404 83.2404 356.39 356.39
255 81.96 81.96 355.11 355.11
409 52.2304 52.2304 325.38 325.38
757 40.1532 40.1532 313.303 313.303
1125 36.7052 36.7052 309.855 309.855
1471 34.4228 34.4228 307.573 307.573
1527 26.9955 26.9955 300.145 300.145
1629 23.2007 23.2007 296.351 296.351
2150 81.4887 23.2007 354.639 296.351
"function evaluation" "current f(x)" "best-so-far f(x)" "current af(x)+b"  "best af(x)+b"
1 142.004 142.004 179.184 179.184
2 95.1808 95.1808 132.361 132.361
10 79.1266 79.1266 116.307 116.307
18 68.8398 68.8398 106.02 106.02
21 65.2759 65.2759 102.456 102.456
27 58.9862 58.9862 96.1662 96.1662
70 39.8216 39.8216 77.0016 77.0016
660 38.69 38.69 75.87 75.87
810 37.7106 37.7106 74.8906 74.8906
1079 36.6718 36.6718 73.8518 73.8518
1145 33.5028 33.5028 70.6828 70.6828
1210 28.8258 28.8258 66.0058 66.0058
1548 28.7706 28.7706 65.9506 65.9506
1628 28.4805 28.4805 65.6605 65.6605
1910 28.1816 28.1816 65.3616 65.3616
1975 27.621 27.621 64.801 64.801
2150 88.5519 27.621 125.732 64.801
"function evaluation" "current f(x)" "best-so-far f(x)" "current af(x)+b"  "best af(x)+b"
1 39.0162 39.0162 -108.884 -108.884
695 38.9081 38.9081 -108.992 -108.992
851 37.2348 37.2348 -110.665 -110.665
1111 34.5553 34.5553 -113.345 -113.345
1118 33.782 33.782 -114.118 -114.118
1147 32.836 32.836 -115.064 -115.064
1192 32.134 32.134 -115.766 -115.766
1386 31.5623 31.5623 -116.338 -116.338
1717 29.0715 29.0715 -118.829 -118.829
1728 24.9914 24.9914 -122.909 -122.909
2150 204.374 24.9914 56.4737 -122.909
"function evaluation" "current f(x)" "best-so-far f(x)" "current af(x)+b"  "best af(x)+b"
1 133.017 133.017 -88.8735 -88.8735
4 89.1296 89.1296 -132.76 -132.76
11 88.2572 88.2572 -133.633 -133.633
12 72.1008 72.1008 -149.789 -149.789
20 68.8355 68.8355 -153.055 -153.055
35 61.6072 61.6072 -160.283 -160.283
48 54.6517 54.6517 -167.238 -167.238
55 43.9179 43.9179 -177.972 -177.972
70 36.7182 36.7182 -185.172 -185.172
169 27.9747 27.9747 -193.915 -193.915
1003 26.9679 26.9679 -194.922 -194.922
1173 25.4974 25.4974 -196.393 -196.393
1212 24.6394 24.6394 -197.251 -197.251
1219 22.1759 22.1759 -199.714 -199.714
1307 18.4539 18.4539 -203.436 -203.436
2150 30.4749 18.4539 -191.415 -203.436
"function evaluation" "current f(x)" "best-so-far f(x)" "current af(x)+b"  "best af(x)+b"
1 89.8415 89.8415 209.381 209.381
2 82.4368 82.4368 201.977 201.977
5 66.2537 66.2537 185.794 185.794
17 45.2958 45.2958 164.836 164.836
20 45.0287 45.0287 164.569 164.569
95 43.677 43.677 163.217 163.217
194 35.0007 35.0007 154.541 154.541
492 33.8199 33.8199 153.36 153.36
627 31.0578 31.0578 150.598 150.598
753 28.6932 28.6932 148.233 148.233
758 25.7409 25.7409 145.281 145.281
1386 23.9344 23.9344 143.474 143.474
1611 20.9449 20.9449 140.485 140.485
1654 16.5841 16.5841 136.124 136.124
2150 32.9591 16.5841 152.499 136.124
"function evaluation" "current f(x)" "best-so-far f(x)" "current af(x)+b"  "best af(x)+b"
1 206.29 206.29 276.12 276.12
2 160.897 160.897 230.727 230.727
3 106.306 106.306 176.136 176.136
7 103.22 103.22 173.05 173.05
12 78.828 78.828 148.658 148.658
37 76.5555 76.5555 146.386 146.386
46 59.9713 59.9713 129.801 129.801
133 41.0372 41.0372 110.867 110.867
762 36.5604 36.5604 106.39 106.39
955 34.5036 34.5036 104.334 104.334
1272 29.5211 29.5211 99.3511 99.3511
1709 29.2525 29.2525 99.0825 99.0825
1727 27.2241 27.2241 97.0541 97.0541
1767 24.6744 24.6744 94.5044 94.5044
2130 24.4695 24.4695 94.2995 94.2995
2150 60.8775 24.4695 130.707 94.2995
"function evaluation" "current f(x)" "best-so-far f(x)" "current af(x)+b"  "best af(x)+b"
1 52.5671 52.5671 52.6371 52.6371
291 50.4837 50.4837 50.5537 50.5537
348 49.1508 49.1508 49.2208 49.2208
430 38.9847 38.9847 39.0547 39.0547
801 38.1265 38.1265 38.1965 38.1965
811 29.2316 29.2316 29.3016 29.3016
1041 20.6284 20.6284 20.6984 20.6984
2150 153.14 20.6284 153.21 20.6984
"function evaluation" "current f(x)" "best-so-far f(x)" "current af(x)+b"  "best af(x)+b"
1 151.624 151.624 156.584 156.584
24 137.551 137.551 142.511 142.511
26 85.813 85.813 90.773 90.773
45 80.8603 80.8603 85.8203 85.8203
97 78.7467 78.7467 83.7067 83.7067
102 78.5976 78.5976 83.5576 83.5576
294 68.7112 68.7112 73.6712 73.6712
327 66.6822 66.6822 71.6422 71.6422
418 57.568 57.568 62.528 62.528
545 51.2088 51.2088 56.1688 56.1688
1100 43.8673 43.8673 48.8273 48.8273
1290 41.8188 41.8188 46.7788 46.7788
1695 37.7985 37.7985 42.7585 42.7585
2150 162.8 37.7985 167.76 42.7585
"function evaluation" "current f(x)" "best-so-far f(x)" "current af(x)+b"  "best af(x)+b"
1 118.39 118.39 310.69 310.69
13 90.2395 90.2395 282.539 282.539
24 89.867 89.867 282.167 282.167
32 59.3545 59.3545 251.654 251.654
118 58.1663 58.1663 250.466 250.466
229 43.6452 43.6452 235.945 235.945
407 34.5298 34.5298 226.83 226.83
737 29.7546 29.7546 222.055 222.055
1239 27.575 27.575 219.875 219.875
1316 21.9934 21.9934 214.293 214.293
2150 93.5771 21.9934 285.877 214.293
"function evaluation" "current f(x)" "best-so-far f(x)" "current af(x)+b"  "best af(x)+b"
1 175.626 175.626 225.336 225.336
3 95.126 95.126 144.836 144.836
11 86.7477 86.7477 136.458 136.458
51 73.4971 73.4971 123.207 123.207
71 57.2699 57.2699 106.98 106.98
414 52.2851 52.2851 101.995 101.995
448 49.1028 49.1028 98.8128 98.8128
461 36.9694 36.9694 86.6794 86.6794
679 36.7539 36.7539 86.4639 86.4639
1114 34.0042 34.0042 83.7142 83.7142
1170 33.1501 33.1501 82.8601 82.8601
1507 32.2517 32.2517 81.9617 81.9617
1811 25.2845 25.2845 74.9945 74.9945
2150 68.6396 25.2845 118.35 74.9945
"function evaluation" "current f(x)" "best-so-far f(x)" "current af(x)+b"  "best af(x)+b"
1 116.577 116.577 321.697 321.697
2 85.8552 85.8552 290.975 290.975
3 59.7531 59.7531 264.873 264.873
80 57.6052 57.6052 262.725 262.725
104 47.2049 47.2049 252.325 252.325
370 43.8806 43.8806 249.001 249.001
465 42.161 42.161 247.281 247.281
555 35.9026 35.9026 241.023 241.023
839 35.0807 35.0807 240.201 240.201
1507 29.2624 29.2624 234.382 234.382
1582 27.887 27.887 233.007 233.007
2125 25.9794 25.9794 231.099 231.099
2150 55.4331 25.9794 260.553 231.099
"function evaluation" "current f(x)" "best-so-far f(x)" "current af(x)+b"  "best af(x)+b"
1 395.306 395.306 222.406 222.406
5 256.644 256.644 83.7436 83.7436
6 228.948 228.948 56.0483 56.0483
7 154.531 154.531 -18.3685 -18.3685
10 120.135 120.135 -52.7645 -52.7645
29 104.972 104.972 -67.9282 -67.9282
32 97.1453 97.1453 -75.7547 -75.7547
45 65.2719 65.2719 -107.628 -107.628
354 56.1294 56.1294 -116.771 -116.771
483 51.6319 51.6319 -121.268 -121.268
605 49.1131 49.1131 -123.787 -123.787
640 42.6414 42.6414 -130.259 -130.259
774 39.5168 39.5168 -133.383 -133.383
785 37.5207 37.5207 -135.379 -135.379
951 37.422 37.422 -135.478 -135.478
1095 36.3764 36.3764 -136.524 -136.524
1174 34.1292 34.1292 -138.771 -138.771
1177 28.269 28.269 -144.631 -144.631
1444 27.5007 27.5007 -145.399 -145.399
1634 23.5546 23.5546 -149.345 -149.345
2150 57.017 23.5546 -115.883 -149.345
"function evaluation" "current f(x)" "best-so-far f(x)" "current af(x)+b"  "best af(x)+b"
1 522.863 522.863 172.243 172.243
2 464.093 464.093 113.473 113.473
3 138.262 138.262 -212.358 -212.358
5 101.361 101.361 -249.259 -249.259
32 97.467 97.467 -253.153 -253.153
49 84.6781 84.6781 -265.942 -265.942
194 62.2439 62.2439 -288.376 -288.376
525 49.8481 49.8481 -300.772 -300.772
963 45.2685 45.2685 -305.351 -305.351
1183 40.898 40.898 -309.722 -309.722
1216 38.8733 38.8733 -311.747 -311.747
1494 34.588 34.588 -316.032 -316.032
1700 31.6851 31.6851 -318.935 -318.935
1810 30.4858 30.4858 -320.134 -320.134
2150 116.346 30.4858 -234.274 -320.134
"function evaluation" "current f(x)" "best-so-far f(x)" "current af(x)+b"  "best af(x)+b"
1 3386.7 3386.7 3557.78 3557.78
2 80.3097 80.3097 251.39 251.39
39 69.9092 69.9092 240.989 240.989
88 66.9644 66.9644 238.044 238.044
148 55.2139 55.2139 226.294 226.294
427 49.8985 49.8985 220.979 220.979
431 45.2511 45.2511 216.331 216.331
652 44.5006 44.5006 215.581 215.581
954 39.763 39.763 210.843 210.843
967 32.1984 32.1984 203.278 203.278
1980 29.3187 29.3187 200.399 200.399
2150 103.325 29.3187 274.405 200.399
"function evaluation" "current f(x)" "best-so-far f(x)" "current af(x)+b"  "best af(x)+b"
1 280.393 280.393 374.073 374.073
2 228.705 228.705 322.385 322.385
3 136.249 136.249 229.929 229.929
4 127.777 127.777 221.457 221.457
6 58.3943 58.3943 152.074 152.074
8 47.5234 47.5234 141.203 141.203
64 41.8791 41.8791 135.559 135.559
434 36.4368 36.4368 130.117 130.117
450 31.8712 31.8712 125.551 125.551
875 29.1895 29.1895 122.869 122.869
1398 28.161 28.161 121.841 121.841
1863 26.1192 26.1192 119.799 119.799
2150 81.0964 26.1192 174.776 119.799
"function evaluation" "current f(x)" "best-so-far f(x)" "current af(x)+b"  "best af(x)+b"
1 524.718 524.718 285.548 285.548
2 101.988 101.988 -137.182 -137.182
3 38.0633 38.0633 -201.107 -201.107
621 37.9597 37.9597 -201.21 -201.21
780 33.5933 33.5933 -205.577 -205.577
909 33.0346 33.0346 -206.135 -206.135
984 32.7453 32.7453 -206.425 -206.425
1035 31.9712 31.9712 -207.199 -207.199
1097 27.6157 27.6157 -211.554 -211.554
1099 27.154 27.154 -212.016 -212.016
2150 191.301 27.154 -47.8688 -212.016
"function evaluation" "current f(x)" "best-so-far f(x)" "current af(x)+b"  "best af(x)+b"
1 516.899 516.899 638.589 638.589
2 166.445 166.445 288.135 288.135
4 85.9439 85.9439 207.634 207.634
26 69.371 69.371 191.061 191.061
30 57.2633 57.2633 178.953 178.953
88 49.4772 49.4772 171.167 171.167
168 43.1415 43.1415 164.832 164.832
244 40.0013 40.0013 161.691 161.691
460 38.3861 38.3861 160.076 160.076
525 32.0067 32.0067 153.697 153.697
868 29.0551 29.0551 150.745 150.745
1140 29.0395 29.0395 150.73 150.73
1141 28.3006 28.3006 149.991 149.991
1200 22.191 22.191 143.881 143.881
1513 21.9874 21.9874 143.677 143.677
1516 14.1699 14.1699 135.86 135.86
2150 55.0749 14.1699 176.765 135.86
"function evaluation" "current f(x)" "best-so-far f(x)" "current af(x)+b"  "best af(x)+b"
1 222.777 222.777 232.907 232.907
2 71.6612 71.6612 81.7912 81.7912
412 70.0293 70.0293 80.1593 80.1593
454 63.8735 63.8735 74.0035 74.0035
512 54.2577 54.2577 64.3877 64.3877
836 38.7873 38.7873 48.9173 48.9173
1172 31.054 31.054 41.184 41.184
1259 23.5005 23.5005 33.6305 33.6305
1923 22.9032 22.9032 33.0332 33.0332
2150 106.99 22.9032 117.12 33.0332
"function evaluation" "current f(x)" "best-so-far f(x)" "current af(x)+b"  "best af(x)+b"
1 114.017 114.017 154.617 154.617
5 100.594 100.594 141.194 141.194
7 89.5282 89.5282 130.128 130.128
13 58.742 58.742 99.342 99.342
113 46.2424 46.2424 86.8424 86.8424
509 45.7509 45.7509 86.3509 86.3509
510 43.4438 43.4438 84.0438 84.0438
513 37.3113 37.3113 77.9113 77.9113
642 35.4925 35.4925 76.0925 76.0925
838 24.8298 24.8298 65.4298 65.4298
2150 73.362 24.8298 113.962 65.4298
"function evaluation" "current f(x)" "best-so-far f(x)" "current af(x)+b"  "best af(x)+b"
1 356.422 356.422 402.762 402.762
2 154.588 154.588 200.928 200.928
5 95.1233 95.1233 141.463 141.463
27 86.4368 86.4368 132.777 132.777
61 86.0834 86.0834 132.423 132.423
77 61.2338 61.2338 107.574 107.574
403 57.7834 57.7834 104.123 104.123
423 53.3404 53.3404 99.6804 99.6804
427 46.8688 46.8688 93.2088 93.2088
622 34.3679 34.3679 80.7079 80.7079
833 23.8666 23.8666 70.2066 70.2066
2150 58.5986 23.8666 104.939 70.2066
"function evaluation" "current f(x)" "best-so-far f(x)" "current af(x)+b"  "best af(x)+b"
1 177.303 177.303 -63.7875 -63.7875
2 89.8047 89.8047 -151.285 -151.285
6 68.0182 68.0182 -173.072 -173.072
10 61.5019 61.5019 -179.588 -179.588
62 54.2506 54.2506 -186.839 -186.839
74 51.432 51.432 -189.658 -189.658
131 47.7732 47.7732 -193.317 -193.317
438 36.8908 36.8908 -204.199 -204.199
510 36.1271 36.1271 -204.963 -204.963
1007 30.7341 30.7341 -210.356 -210.356
1577 30.1646 30.1646 -210.925 -210.925
1734 27.6863 27.6863 -213.404 -213.404
1997 23.0342 23.0342 -218.056 -218.056
2150 76.2962 23.0342 -164.794 -218.056
"function evaluation" "current f(x)" "best-so-far f(x)" "current af(x)+b"  "best af(x)+b"
1 426.586 426.586 259.706 259.706
2 226.948 226.948 60.0681 60.0681
4 183.146 183.146 16.266 16.266
5 178.823 178.823 11.9429 11.9429
8 132.314 132.314 -34.5662 -34.5662
13 102.764 102.764 -64.1157 -64.1157
24 79.8658 79.8658 -87.0142 -87.0142
30 69.593 69.593 -97.287 -97.287
54 65.2951 65.2951 -101.585 -101.585
200 64.0629 64.0629 -102.817 -102.817
257 59.5534 59.5534 -107.327 -107.327
407 57.5381 57.5381 -109.342 -109.342
423 43.9797 43.9797 -122.9 -122.9
561 38.5765 38.5765 -128.304 -128.304
1117 37.4662 37.4662 -129.414 -129.414
1146 36.5804 36.5804 -130.3 -130.3
1188 26.5953 26.5953 -140.285 -140.285
2150 75.5129 26.5953 -91.3671 -140.285
"function evaluation" "current f(x)" "best-so-far f(x)" "current af(x)+b"  "best af(x)+b"
1 129.83 129.83 -216.58 -216.58
2 79.7977 79.7977 -266.612 -266.612
5 72.5769 72.5769 -273.833 -273.833
24 72.4349 72.4349 -273.975 -273.975
166 65.8492 65.8492 -280.561 -280.561
188 58.3823 58.3823 -288.028 -288.028
433 46.5443 46.5443 -299.866 -299.866
762 39.8497 39.8497 -306.56 -306.56
785 38.176 38.176 -308.234 -308.234
951 33.4258 33.4258 -312.984 -312.984
1065 32.3632 32.3632 -314.047 -314.047
1516 27.7491 27.7491 -318.661 -318.661
2150 113.63 27.7491 -232.78 -318.661
