"function evaluation" "current f(x)" "best-so-far f(x)" "current af(x)+b"  "best af(x)+b"
1 1.53021e+06 1.53021e+06 1.53028e+06 1.53028e+06
2 233216 233216 233293 233293
3 43192 43192 43268.3 43268.3
6 18006.8 18006.8 18083 18083
117 396.119 396.119 472.389 472.389
375 307.98 307.98 384.25 384.25
514 291.94 291.94 368.21 368.21
530 248.283 248.283 324.553 324.553
736 134.412 134.412 210.682 210.682
2050 2.57774e+06 134.412 2.57782e+06 210.682
"function evaluation" "current f(x)" "best-so-far f(x)" "current af(x)+b"  "best af(x)+b"
1 307597 307597 307574 307574
12 4397.73 4397.73 4375.18 4375.18
129 211.416 211.416 188.866 188.866
131 159.82 159.82 137.27 137.27
1349 127.593 127.593 105.043 105.043
2050 3.87986e+07 127.593 3.87986e+07 105.043
"function evaluation" "current f(x)" "best-so-far f(x)" "current af(x)+b"  "best af(x)+b"
1 2.56247e+06 2.56247e+06 2.56248e+06 2.56248e+06
7 143645 143645 143659 143659
8 11589.9 11589.9 11603.5 11603.5
29 434.982 434.982 448.642 448.642
166 141.269 141.269 154.929 154.929
1222 138.489 138.489 152.149 152.149
2050 1.65524e+07 138.489 1.65524e+07 152.149
"function evaluation" "current f(x)" "best-so-far f(x)" "current af(x)+b"  "best af(x)+b"
1 1.94496e+07 1.94496e+07 1.94505e+07 1.94505e+07
2 4.66382e+06 4.66382e+06 4.66476e+06 4.66476e+06
4 429153 429153 430091 430091
14 189981 189981 190918 190918
17 15954 15954 16891.8 16891.8
19 3566.31 3566.31 4504.15 4504.15
141 2157.59 2157.59 3095.43 3095.43
181 135.799 135.799 1073.64 1073.64
585 128.383 128.383 1066.22 1066.22
2050 8.76758e+06 128.383 8.76852e+06 1066.22
"function evaluation" "current f(x)" "best-so-far f(x)" "current af(x)+b"  "best af(x)+b"
1 1.90955e+07 1.90955e+07 1.90955e+07 1.90955e+07
4 4.54251e+06 4.54251e+06 4.54243e+06 4.54243e+06
6 323342 323342 323264 323264
15 221707 221707 221628 221628
16 125815 125815 125737 125737
110 1217.91 1217.91 1139.19 1139.19
231 339.608 339.608 260.888 260.888
727 172.531 172.531 93.8107 93.8107
1508 153.733 153.733 75.0135 75.0135
1635 114.517 114.517 35.7975 35.7975
2050 6.9187e+06 114.517 6.91862e+06 35.7975
"function evaluation" "current f(x)" "best-so-far f(x)" "current af(x)+b"  "best af(x)+b"
1 8.48158e+06 8.48158e+06 8.48098e+06 8.48098e+06
5 2.96655e+06 2.96655e+06 2.96595e+06 2.96595e+06
8 85989.3 85989.3 85390.8 85390.8
25 423.59 423.59 -174.84 -174.84
265 182.317 182.317 -416.113 -416.113
2050 1.63049e+07 182.317 1.63043e+07 -416.113
"function evaluation" "current f(x)" "best-so-far f(x)" "current af(x)+b"  "best af(x)+b"
1 2.51621e+06 2.51621e+06 2.51612e+06 2.51612e+06
2 2.13768e+06 2.13768e+06 2.1376e+06 2.1376e+06
9 1.98275e+06 1.98275e+06 1.98267e+06 1.98267e+06
10 136154 136154 136068 136068
17 127235 127235 127150 127150
18 25276.9 25276.9 25191.5 25191.5
35 3014.63 3014.63 2929.21 2929.21
200 1695.97 1695.97 1610.55 1610.55
345 1311.28 1311.28 1225.86 1225.86
567 612.929 612.929 527.509 527.509
608 265.35 265.35 179.93 179.93
2050 2.32017e+06 265.35 2.32009e+06 179.93
"function evaluation" "current f(x)" "best-so-far f(x)" "current af(x)+b"  "best af(x)+b"
1 3.69841e+06 3.69841e+06 3.69861e+06 3.69861e+06
4 1.48929e+06 1.48929e+06 1.48948e+06 1.48948e+06
7 40944.4 40944.4 41137.7 41137.7
10 11354.2 11354.2 11547.5 11547.5
36 3857.79 3857.79 4051.04 4051.04
41 868.799 868.799 1062.05 1062.05
144 657.421 657.421 850.671 850.671
167 391.416 391.416 584.666 584.666
291 246.005 246.005 439.255 439.255
1111 197.577 197.577 390.827 390.827
1168 146.422 146.422 339.672 339.672
1176 127.617 127.617 320.867 320.867
2050 2.16527e+06 127.617 2.16547e+06 320.867
"function evaluation" "current f(x)" "best-so-far f(x)" "current af(x)+b"  "best af(x)+b"
1 9.18166e+06 9.18166e+06 9.18148e+06 9.18148e+06
2 1.28069e+06 1.28069e+06 1.28051e+06 1.28051e+06
10 489011 489011 488829 488829
11 70051.1 70051.1 69869.6 69869.6
14 4702.05 4702.05 4520.55 4520.55
49 1230.67 1230.67 1049.17 1049.17
286 432.551 432.551 251.051 251.051
375 95.1202 95.1202 -86.3798 -86.3798
2050 3.70319e+06 95.1202 3.70301e+06 -86.3798
"function evaluation" "current f(x)" "best-so-far f(x)" "current af(x)+b"  "best af(x)+b"
1 4.40509e+06 4.40509e+06 4.40554e+06 4.40554e+06
2 3.704e+06 3.704e+06 3.70446e+06 3.70446e+06
3 3.60866e+06 3.60866e+06 3.60912e+06 3.60912e+06
8 2.98371e+06 2.98371e+06 2.98416e+06 2.98416e+06
9 121149 121149 121602 121602
21 119787 119787 120239 120239
25 30237.7 30237.7 30690.3 30690.3
31 24125.2 24125.2 24577.8 24577.8
116 11459.7 11459.7 11912.3 11912.3
118 8868.31 8868.31 9320.93 9320.93
136 646.97 646.97 1099.59 1099.59
404 175.565 175.565 628.185 628.185
1080 138.101 138.101 590.721 590.721
2050 202073 138.101 202526 590.721
"function evaluation" "current f(x)" "best-so-far f(x)" "current af(x)+b"  "best af(x)+b"
1 7.87974e+06 7.87974e+06 7.87962e+06 7.87962e+06
6 6.99721e+06 6.99721e+06 6.99709e+06 6.99709e+06
7 2.24065e+06 2.24065e+06 2.24054e+06 2.24054e+06
23 141783 141783 141664 141664
29 24563.9 24563.9 24445.4 24445.4
47 3422.1 3422.1 3303.64 3303.64
591 2758.1 2758.1 2639.64 2639.64
665 244.021 244.021 125.561 125.561
692 156.699 156.699 38.2389 38.2389
2050 2.84542e+07 156.699 2.84541e+07 38.2389
"function evaluation" "current f(x)" "best-so-far f(x)" "current af(x)+b"  "best af(x)+b"
1 2.64508e+06 2.64508e+06 2.64518e+06 2.64518e+06
2 58735.2 58735.2 58835 58835
8 55637.5 55637.5 55737.2 55737.2
101 12462.7 12462.7 12562.5 12562.5
126 6298.85 6298.85 6398.58 6398.58
223 412.02 412.02 511.75 511.75
450 209.448 209.448 309.178 309.178
626 156.916 156.916 256.646 256.646
2050 2.19855e+06 156.916 2.19865e+06 256.646
"function evaluation" "current f(x)" "best-so-far f(x)" "current af(x)+b"  "best af(x)+b"
1 3.69415e+06 3.69415e+06 3.69419e+06 3.69419e+06
5 103828 103828 103869 103869
14 44614.7 44614.7 44655.1 44655.1
37 39228.2 39228.2 39268.6 39268.6
44 11411 11411 11451.4 11451.4
102 7798.5 7798.5 7838.94 7838.94
131 1570.4 1570.4 1610.84 1610.84
344 997.271 997.271 1037.71 1037.71
410 484.917 484.917 525.357 525.357
969 187.816 187.816 228.256 228.256
2050 1.2878e+07 187.816 1.28781e+07 228.256
"function evaluation" "current f(x)" "best-so-far f(x)" "current af(x)+b"  "best af(x)+b"
1 4.10409e+07 4.10409e+07 4.10407e+07 4.10407e+07
2 3.90673e+07 3.90673e+07 3.90671e+07 3.90671e+07
3 2.11769e+07 2.11769e+07 2.11768e+07 2.11768e+07
4 1.72104e+06 1.72104e+06 1.72092e+06 1.72092e+06
6 632125 632125 632003 632003
9 103229 103229 103108 103108
35 754.909 754.909 633.309 633.309
446 60.8409 60.8409 -60.7591 -60.7591
2050 5.21258e+07 60.8409 5.21257e+07 -60.7591
"function evaluation" "current f(x)" "best-so-far f(x)" "current af(x)+b"  "best af(x)+b"
1 2.21517e+06 2.21517e+06 2.21513e+06 2.21513e+06
2 539412 539412 539374 539374
5 44059.7 44059.7 44021.6 44021.6
50 2663.55 2663.55 2625.44 2625.44
221 947.77 947.77 909.66 909.66
328 813.964 813.964 775.854 775.854
411 156.884 156.884 118.774 118.774
1037 85.3307 85.3307 47.2207 47.2207
2050 1.61767e+06 85.3307 1.61763e+06 47.2207
"function evaluation" "current f(x)" "best-so-far f(x)" "current af(x)+b"  "best af(x)+b"
1 1.33521e+07 1.33521e+07 1.33519e+07 1.33519e+07
2 5.75454e+06 5.75454e+06 5.75439e+06 5.75439e+06
3 720186 720186 720031 720031
13 132250 132250 132096 132096
16 18167 18167 18012.4 18012.4
38 5208.67 5208.67 5054.12 5054.12
45 2385.92 2385.92 2231.37 2231.37
214 444.587 444.587 290.037 290.037
268 234.746 234.746 80.1956 80.1956
1082 225.568 225.568 71.0178 71.0178
1727 168.411 168.411 13.8607 13.8607
1948 148.348 148.348 -6.20217 -6.20217
2050 4.77973e+06 148.348 4.77957e+06 -6.20217
"function evaluation" "current f(x)" "best-so-far f(x)" "current af(x)+b"  "best af(x)+b"
1 77593.7 77593.7 77581 77581
46 20891.5 20891.5 20878.8 20878.8
104 1179.67 1179.67 1166.97 1166.97
121 427.881 427.881 415.181 415.181
244 138.455 138.455 125.755 125.755
2050 4.72086e+06 138.455 4.72085e+06 125.755
"function evaluation" "current f(x)" "best-so-far f(x)" "current af(x)+b"  "best af(x)+b"
1 3.03183e+06 3.03183e+06 3.03165e+06 3.03165e+06
2 110165 110165 109985 109985
5 39164.8 39164.8 38984.1 38984.1
7 22408.9 22408.9 22228.3 22228.3
29 614.19 614.19 433.55 433.55
124 579.06 579.06 398.42 398.42
256 451.355 451.355 270.715 270.715
271 138.492 138.492 -42.1476 -42.1476
2050 574032 138.492 573851 -42.1476
"function evaluation" "current f(x)" "best-so-far f(x)" "current af(x)+b"  "best af(x)+b"
1 4.34207e+06 4.34207e+06 4.34208e+06 4.34208e+06
2 353148 353148 353158 353158
8 45439.4 45439.4 45448.8 45448.8
108 390.393 390.393 399.773 399.773
127 133.04 133.04 142.42 142.42
2050 31632.3 133.04 31641.7 142.42
"function evaluation" "current f(x)" "best-so-far f(x)" "current af(x)+b"  "best af(x)+b"
1 1.36812e+06 1.36812e+06 1.36813e+06 1.36813e+06
5 747839 747839 747850 747850
7 152270 152270 152281 152281
9 141292 141292 141302 141302
18 109959 109959 109969 109969
24 42582.8 42582.8 42593.1 42593.1
46 11955.3 11955.3 11965.6 11965.6
129 2899.77 2899.77 2910.09 2910.09
130 213.532 213.532 223.852 223.852
182 208.591 208.591 218.911 218.911
624 157.528 157.528 167.848 167.848
2050 2.89734e+06 157.528 2.89735e+06 167.848
"function evaluation" "current f(x)" "best-so-far f(x)" "current af(x)+b"  "best af(x)+b"
1 3.49375e+07 3.49375e+07 3.49376e+07 3.49376e+07
2 1.39478e+06 1.39478e+06 1.3949e+06 1.3949e+06
4 424235 424235 424351 424351
19 305484 305484 305599 305599
25 164417 164417 164532 164532
28 53683.4 53683.4 53798.5 53798.5
134 7263.18 7263.18 7378.35 7378.35
199 2167.12 2167.12 2282.29 2282.29
315 913.611 913.611 1028.78 1028.78
657 579.974 579.974 695.144 695.144
697 338.777 338.777 453.947 453.947
714 146.463 146.463 261.633 261.633
732 96.8706 96.8706 212.041 212.041
2050 485702 96.8706 485817 212.041
"function evaluation" "current f(x)" "best-so-far f(x)" "current af(x)+b"  "best af(x)+b"
1 222731 222731 221731 221731
25 188121 188121 187121 187121
33 94037.4 94037.4 93037.4 93037.4
37 21566.9 21566.9 20566.9 20566.9
134 200.17 200.17 -799.83 -799.83
943 74.6279 74.6279 -925.372 -925.372
2050 2.36064e+06 74.6279 2.35964e+06 -925.372
"function evaluation" "current f(x)" "best-so-far f(x)" "current af(x)+b"  "best af(x)+b"
1 5.01442e+06 5.01442e+06 5.01453e+06 5.01453e+06
3 311784 311784 311893 311893
6 90319 90319 90428.2 90428.2
10 62941 62941 63050.2 63050.2
15 45363.7 45363.7 45472.9 45472.9
28 26182.8 26182.8 26292 26292
32 21731.9 21731.9 21841.1 21841.1
42 7941.23 7941.23 8050.45 8050.45
107 7024.68 7024.68 7133.9 7133.9
114 4187.16 4187.16 4296.38 4296.38
115 1933.15 1933.15 2042.37 2042.37
140 253.33 253.33 362.55 362.55
391 205.157 205.157 314.377 314.377
691 136.648 136.648 245.868 245.868
737 131.846 131.846 241.066 241.066
777 124.728 124.728 233.948 233.948
929 63.5936 63.5936 172.814 172.814
2050 775566 63.5936 775675 172.814
"function evaluation" "current f(x)" "best-so-far f(x)" "current af(x)+b"  "best af(x)+b"
1 1.17512e+07 1.17512e+07 1.17511e+07 1.17511e+07
2 108066 108066 107945 107945
48 22238.9 22238.9 22118.1 22118.1
109 3097.4 3097.4 2976.64 2976.64
128 635.982 635.982 515.222 515.222
282 417.653 417.653 296.893 296.893
793 139.786 139.786 19.026 19.026
2050 1.49701e+07 139.786 1.497e+07 19.026
"function evaluation" "current f(x)" "best-so-far f(x)" "current af(x)+b"  "best af(x)+b"
1 4.16922e+06 4.16922e+06 4.16914e+06 4.16914e+06
2 3.02707e+06 3.02707e+06 3.02699e+06 3.02699e+06
12 2.81257e+06 2.81257e+06 2.81249e+06 2.81249e+06
14 769923 769923 769849 769849
31 427325 427325 427251 427251
42 82953.3 82953.3 82879.2 82879.2
177 62948 62948 62873.9 62873.9
224 61145.4 61145.4 61071.3 61071.3
285 3435.1 3435.1 3360.99 3360.99
564 1609.51 1609.51 1535.4 1535.4
639 165.386 165.386 91.2758 91.2758
1897 142.944 142.944 68.8342 68.8342
2012 105.812 105.812 31.7018 31.7018
2050 297419 105.812 297345 31.7018
