"function evaluation" "current f(x)" "best-so-far f(x)" "current af(x)+b"  "best af(x)+b"
1 82.6748 82.6748 -19.8752 -19.8752
2 38.144 38.144 -64.406 -64.406
3 27.4093 27.4093 -75.1407 -75.1407
12 25.2875 25.2875 -77.2625 -77.2625
51 21.5905 21.5905 -80.9595 -80.9595
76 15.8299 15.8299 -86.7201 -86.7201
85 12.2204 12.2204 -90.3296 -90.3296
472 11.8477 11.8477 -90.7023 -90.7023
511 11.544 11.544 -91.006 -91.006
617 11.4267 11.4267 -91.1233 -91.1233
681 8.89783 8.89783 -93.6522 -93.6522
808 8.86502 8.86502 -93.685 -93.685
1158 7.92059 7.92059 -94.6294 -94.6294
1457 7.60265 7.60265 -94.9474 -94.9474
1799 5.64397 5.64397 -96.906 -96.906
2150 17.1207 5.64397 -85.4293 -96.906
"function evaluation" "current f(x)" "best-so-far f(x)" "current af(x)+b"  "best af(x)+b"
1 46.8587 46.8587 118.549 118.549
4 36.7407 36.7407 108.431 108.431
19 35.8107 35.8107 107.501 107.501
23 25.8737 25.8737 97.5637 97.5637
34 24.2326 24.2326 95.9226 95.9226
35 23.4662 23.4662 95.1562 95.1562
72 15.7511 15.7511 87.4411 87.4411
112 12.1692 12.1692 83.8592 83.8592
442 11.5341 11.5341 83.2241 83.2241
454 11.291 11.291 82.981 82.981
489 11.1331 11.1331 82.8231 82.8231
496 10.6392 10.6392 82.3292 82.3292
592 10.5428 10.5428 82.2328 82.2328
724 10.1254 10.1254 81.8154 81.8154
800 9.82003 9.82003 81.51 81.51
825 8.98631 8.98631 80.6763 80.6763
1171 8.73946 8.73946 80.4295 80.4295
1279 8.62169 8.62169 80.3117 80.3117
1389 6.49713 6.49713 78.1871 78.1871
2150 19.1161 6.49713 90.8061 78.1871
"function evaluation" "current f(x)" "best-so-far f(x)" "current af(x)+b"  "best af(x)+b"
1 56.7633 56.7633 270.773 270.773
5 46.5809 46.5809 260.591 260.591
9 44.3941 44.3941 258.404 258.404
15 42.5436 42.5436 256.554 256.554
28 36.6196 36.6196 250.63 250.63
36 31.3904 31.3904 245.4 245.4
54 15.2087 15.2087 229.219 229.219
343 11.6026 11.6026 225.613 225.613
415 10.09 10.09 224.1 224.1
446 8.82833 8.82833 222.838 222.838
860 8.67389 8.67389 222.684 222.684
1012 7.85622 7.85622 221.866 221.866
1154 7.69327 7.69327 221.703 221.703
1621 7.57343 7.57343 221.583 221.583
2136 7.39082 7.39082 221.401 221.401
2150 15.145 7.39082 229.155 221.401
"function evaluation" "current f(x)" "best-so-far f(x)" "current af(x)+b"  "best af(x)+b"
1 40.3263 40.3263 -18.1537 -18.1537
2 27.0018 27.0018 -31.4782 -31.4782
13 25.7196 25.7196 -32.7604 -32.7604
32 21.9791 21.9791 -36.5009 -36.5009
59 19.5201 19.5201 -38.9599 -38.9599
60 17.0502 17.0502 -41.4298 -41.4298
69 11.6056 11.6056 -46.8744 -46.8744
398 10.8838 10.8838 -47.5962 -47.5962
403 10.629 10.629 -47.851 -47.851
404 9.55222 9.55222 -48.9278 -48.9278
906 9.38372 9.38372 -49.0963 -49.0963
1183 8.95194 8.95194 -49.5281 -49.5281
1387 8.39289 8.39289 -50.0871 -50.0871
1482 8.32723 8.32723 -50.1528 -50.1528
1893 6.84967 6.84967 -51.6303 -51.6303
2150 206.8 6.84967 148.32 -51.6303
"function evaluation" "current f(x)" "best-so-far f(x)" "current af(x)+b"  "best af(x)+b"
1 39.4882 39.4882 -573.592 -573.592
15 23.8031 23.8031 -589.277 -589.277
57 17.0165 17.0165 -596.063 -596.063
72 16.5353 16.5353 -596.545 -596.545
75 12.7867 12.7867 -600.293 -600.293
207 12.6509 12.6509 -600.429 -600.429
412 12.5335 12.5335 -600.547 -600.547
422 11.3311 11.3311 -601.749 -601.749
550 9.88491 9.88491 -603.195 -603.195
770 9.70776 9.70776 -603.372 -603.372
801 8.52166 8.52166 -604.558 -604.558
904 8.37756 8.37756 -604.702 -604.702
1427 5.11758 5.11758 -607.962 -607.962
2150 53.2905 5.11758 -559.79 -607.962
"function evaluation" "current f(x)" "best-so-far f(x)" "current af(x)+b"  "best af(x)+b"
1 43.4117 43.4117 -141.858 -141.858
6 29.542 29.542 -155.728 -155.728
10 28.9298 28.9298 -156.34 -156.34
49 27.4037 27.4037 -157.866 -157.866
56 23.3026 23.3026 -161.967 -161.967
71 17.3152 17.3152 -167.955 -167.955
80 15.4667 15.4667 -169.803 -169.803
94 14.0853 14.0853 -171.185 -171.185
107 13.9405 13.9405 -171.329 -171.329
292 13.3858 13.3858 -171.884 -171.884
415 10.4796 10.4796 -174.79 -174.79
505 9.22853 9.22853 -176.041 -176.041
751 8.34102 8.34102 -176.929 -176.929
889 8.19616 8.19616 -177.074 -177.074
1370 6.22155 6.22155 -179.048 -179.048
2150 13.1508 6.22155 -172.119 -179.048
"function evaluation" "current f(x)" "best-so-far f(x)" "current af(x)+b"  "best af(x)+b"
1 60.1169 60.1169 97.5869 97.5869
3 21.2089 21.2089 58.6789 58.6789
6 16.7372 16.7372 54.2072 54.2072
90 16.2846 16.2846 53.7546 53.7546
215 11.6639 11.6639 49.1339 49.1339
236 8.31503 8.31503 45.785 45.785
1250 6.40393 6.40393 43.8739 43.8739
2006 6.11605 6.11605 43.5861 43.5861
2150 28.1566 6.11605 65.6266 43.5861
"function evaluation" "current f(x)" "best-so-far f(x)" "current af(x)+b"  "best af(x)+b"
1 49.2741 49.2741 -345.196 -345.196
3 45.578 45.578 -348.892 -348.892
4 37.8295 37.8295 -356.641 -356.641
23 33.5805 33.5805 -360.889 -360.889
27 21.348 21.348 -373.122 -373.122
56 20.4671 20.4671 -374.003 -374.003
65 20.3825 20.3825 -374.087 -374.087
76 18.9303 18.9303 -375.54 -375.54
93 15.4527 15.4527 -379.017 -379.017
404 14.004 14.004 -380.466 -380.466
415 12.3315 12.3315 -382.139 -382.139
422 9.83852 9.83852 -384.631 -384.631
788 9.35159 9.35159 -385.118 -385.118
799 8.33614 8.33614 -386.134 -386.134
1098 7.95831 7.95831 -386.512 -386.512
1805 7.45277 7.45277 -387.017 -387.017
2083 7.30622 7.30622 -387.164 -387.164
2150 13.3561 7.30622 -381.114 -387.164
"function evaluation" "current f(x)" "best-so-far f(x)" "current af(x)+b"  "best af(x)+b"
1 78.949 78.949 -23.671 -23.671
2 59.1535 59.1535 -43.4665 -43.4665
5 54.8198 54.8198 -47.8002 -47.8002
9 43.8021 43.8021 -58.8179 -58.8179
11 40.8592 40.8592 -61.7608 -61.7608
12 22.7286 22.7286 -79.8914 -79.8914
52 22.0472 22.0472 -80.5728 -80.5728
73 21.1041 21.1041 -81.5159 -81.5159
78 17.1615 17.1615 -85.4585 -85.4585
89 13.9674 13.9674 -88.6526 -88.6526
140 13.2459 13.2459 -89.3741 -89.3741
318 12.2955 12.2955 -90.3245 -90.3245
354 12.0541 12.0541 -90.5659 -90.5659
410 10.2991 10.2991 -92.3209 -92.3209
903 9.80514 9.80514 -92.8149 -92.8149
1102 9.12811 9.12811 -93.4919 -93.4919
1177 8.57139 8.57139 -94.0486 -94.0486
1458 6.6459 6.6459 -95.9741 -95.9741
2150 19.467 6.6459 -83.153 -95.9741
"function evaluation" "current f(x)" "best-so-far f(x)" "current af(x)+b"  "best af(x)+b"
1 41.0037 41.0037 313.834 313.834
3 39.1992 39.1992 312.029 312.029
4 28.1912 28.1912 301.021 301.021
18 24.449 24.449 297.279 297.279
52 20.0873 20.0873 292.917 292.917
61 16.894 16.894 289.724 289.724
89 12.9791 12.9791 285.809 285.809
471 12.9489 12.9489 285.779 285.779
480 11.5356 11.5356 284.366 284.366
520 10.6648 10.6648 283.495 283.495
601 8.87262 8.87262 281.703 281.703
848 7.46681 7.46681 280.297 280.297
860 7.15957 7.15957 279.99 279.99
2150 47.0179 7.15957 319.848 279.99
"function evaluation" "current f(x)" "best-so-far f(x)" "current af(x)+b"  "best af(x)+b"
1 102.035 102.035 98.6355 98.6355
2 61.3908 61.3908 57.9908 57.9908
3 41.8486 41.8486 38.4486 38.4486
4 38.1792 38.1792 34.7792 34.7792
7 33.0503 33.0503 29.6503 29.6503
19 29.1001 29.1001 25.7001 25.7001
20 28.3179 28.3179 24.9179 24.9179
21 26.5975 26.5975 23.1975 23.1975
57 25.282 25.282 21.882 21.882
60 24.0031 24.0031 20.6031 20.6031
64 23.1753 23.1753 19.7753 19.7753
69 15.545 15.545 12.145 12.145
104 14.3396 14.3396 10.9396 10.9396
162 12.3867 12.3867 8.98667 8.98667
409 10.0558 10.0558 6.65577 6.65577
415 10.0153 10.0153 6.61532 6.61532
557 9.52645 9.52645 6.12645 6.12645
682 9.12097 9.12097 5.72097 5.72097
761 8.10728 8.10728 4.70728 4.70728
1140 7.60963 7.60963 4.20963 4.20963
1664 5.89144 5.89144 2.49144 2.49144
2150 9.79963 5.89144 6.39963 2.49144
"function evaluation" "current f(x)" "best-so-far f(x)" "current af(x)+b"  "best af(x)+b"
1 38.2388 38.2388 -146.931 -146.931
2 37.422 37.422 -147.748 -147.748
4 31.7204 31.7204 -153.45 -153.45
17 27.5458 27.5458 -157.624 -157.624
49 24.8846 24.8846 -160.285 -160.285
56 24.3373 24.3373 -160.833 -160.833
60 17.1158 17.1158 -168.054 -168.054
62 14.5628 14.5628 -170.607 -170.607
152 13.5439 13.5439 -171.626 -171.626
386 12.1437 12.1437 -173.026 -173.026
597 11.5387 11.5387 -173.631 -173.631
663 10.1653 10.1653 -175.005 -175.005
819 9.38507 9.38507 -175.785 -175.785
1067 8.59527 8.59527 -176.575 -176.575
1413 8.53866 8.53866 -176.631 -176.631
1448 7.91684 7.91684 -177.253 -177.253
1449 6.35172 6.35172 -178.818 -178.818
2150 37.1655 6.35172 -148.004 -178.818
"function evaluation" "current f(x)" "best-so-far f(x)" "current af(x)+b"  "best af(x)+b"
1 36.6377 36.6377 137.978 137.978
9 26.4491 26.4491 127.789 127.789
67 18.0699 18.0699 119.41 119.41
92 13.3184 13.3184 114.658 114.658
216 10.8103 10.8103 112.15 112.15
545 9.59449 9.59449 110.934 110.934
572 8.91722 8.91722 110.257 110.257
822 8.47687 8.47687 109.817 109.817
836 7.97536 7.97536 109.315 109.315
1608 7.7604 7.7604 109.1 109.1
1740 7.54692 7.54692 108.887 108.887
2150 78.8237 7.54692 180.164 108.887
"function evaluation" "current f(x)" "best-so-far f(x)" "current af(x)+b"  "best af(x)+b"
1 38.1438 38.1438 35.7438 35.7438
5 32.2589 32.2589 29.8589 29.8589
22 31.7849 31.7849 29.3849 29.3849
27 26.527 26.527 24.127 24.127
51 25.9833 25.9833 23.5833 23.5833
63 23.3807 23.3807 20.9807 20.9807
64 22.7442 22.7442 20.3442 20.3442
66 20.669 20.669 18.269 18.269
73 14.175 14.175 11.775 11.775
84 13.2979 13.2979 10.8979 10.8979
124 12.0826 12.0826 9.68264 9.68264
414 10.8213 10.8213 8.42125 8.42125
528 9.88375 9.88375 7.48375 7.48375
753 9.42592 9.42592 7.02592 7.02592
806 8.94795 8.94795 6.54795 6.54795
939 7.72629 7.72629 5.32629 5.32629
1520 5.18426 5.18426 2.78426 2.78426
2150 13.6067 5.18426 11.2067 2.78426
"function evaluation" "current f(x)" "best-so-far f(x)" "current af(x)+b"  "best af(x)+b"
1 46.0025 46.0025 18.2225 18.2225
2 39.3128 39.3128 11.5328 11.5328
11 19.1112 19.1112 -8.66883 -8.66883
80 17.9373 17.9373 -9.84268 -9.84268
81 15.3917 15.3917 -12.3883 -12.3883
163 14.6837 14.6837 -13.0963 -13.0963
195 14.5859 14.5859 -13.1941 -13.1941
229 13.73 13.73 -14.05 -14.05
328 13.5421 13.5421 -14.2379 -14.2379
352 12.1363 12.1363 -15.6437 -15.6437
455 11.341 11.341 -16.439 -16.439
464 9.69413 9.69413 -18.0859 -18.0859
731 8.0664 8.0664 -19.7136 -19.7136
1169 7.90845 7.90845 -19.8716 -19.8716
1170 7.60961 7.60961 -20.1704 -20.1704
1232 7.31944 7.31944 -20.4606 -20.4606
2059 6.78215 6.78215 -20.9979 -20.9979
2150 10.9947 6.78215 -16.7853 -20.9979
"function evaluation" "current f(x)" "best-so-far f(x)" "current af(x)+b"  "best af(x)+b"
1 46.9463 46.9463 110.446 110.446
2 40.8214 40.8214 104.321 104.321
13 40.0864 40.0864 103.586 103.586
14 25.4593 25.4593 88.9593 88.9593
24 23.2337 23.2337 86.7337 86.7337
112 19.569 19.569 83.069 83.069
140 17.8194 17.8194 81.3194 81.3194
143 14.7819 14.7819 78.2819 78.2819
184 13.9417 13.9417 77.4417 77.4417
230 13.2989 13.2989 76.7989 76.7989
455 10.1127 10.1127 73.6127 73.6127
819 8.74053 8.74053 72.2405 72.2405
1340 7.15883 7.15883 70.6588 70.6588
1561 6.31353 6.31353 69.8135 69.8135
1995 5.60505 5.60505 69.105 69.105
2150 21.747 5.60505 85.247 69.105
"function evaluation" "current f(x)" "best-so-far f(x)" "current af(x)+b"  "best af(x)+b"
1 49.7409 49.7409 74.2209 74.2209
3 45.4742 45.4742 69.9542 69.9542
5 37.6484 37.6484 62.1284 62.1284
10 22.5817 22.5817 47.0617 47.0617
54 20.6206 20.6206 45.1006 45.1006
62 17.5998 17.5998 42.0798 42.0798
128 16.4715 16.4715 40.9515 40.9515
153 12.9828 12.9828 37.4628 37.4628
230 12.7242 12.7242 37.2042 37.2042
355 11.0449 11.0449 35.5249 35.5249
427 10.6825 10.6825 35.1625 35.1625
486 7.93507 7.93507 32.4151 32.4151
975 7.51244 7.51244 31.9924 31.9924
1641 6.71473 6.71473 31.1947 31.1947
2150 16.75 6.71473 41.23 31.1947
"function evaluation" "current f(x)" "best-so-far f(x)" "current af(x)+b"  "best af(x)+b"
1 53.7359 53.7359 223.606 223.606
2 51.6479 51.6479 221.518 221.518
7 36.266 36.266 206.136 206.136
11 28.8487 28.8487 198.719 198.719
44 20.573 20.573 190.443 190.443
52 13.407 13.407 183.277 183.277
186 12.7934 12.7934 182.663 182.663
261 10.9808 10.9808 180.851 180.851
511 9.48333 9.48333 179.353 179.353
543 9.33998 9.33998 179.21 179.21
645 8.45669 8.45669 178.327 178.327
717 7.82494 7.82494 177.695 177.695
914 7.43097 7.43097 177.301 177.301
1618 5.80243 5.80243 175.672 175.672
2150 10.5661 5.80243 180.436 175.672
"function evaluation" "current f(x)" "best-so-far f(x)" "current af(x)+b"  "best af(x)+b"
1 75.4812 75.4812 354.241 354.241
2 53.2603 53.2603 332.02 332.02
3 47.0199 47.0199 325.78 325.78
4 41.6881 41.6881 320.448 320.448
6 40.9284 40.9284 319.688 319.688
9 32.2827 32.2827 311.043 311.043
13 31.9528 31.9528 310.713 310.713
14 28.2074 28.2074 306.967 306.967
15 17.8859 17.8859 296.646 296.646
52 15.7241 15.7241 294.484 294.484
194 14.7675 14.7675 293.527 293.527
248 14.2312 14.2312 292.991 292.991
261 14.183 14.183 292.943 292.943
407 13.6963 13.6963 292.456 292.456
419 13.0827 13.0827 291.843 291.843
421 12.2413 12.2413 291.001 291.001
533 11.3403 11.3403 290.1 290.1
644 11.3277 11.3277 290.088 290.088
676 11.0602 11.0602 289.82 289.82
698 9.3098 9.3098 288.07 288.07
1013 8.73442 8.73442 287.494 287.494
1108 7.26489 7.26489 286.025 286.025
1260 6.17744 6.17744 284.937 284.937
2150 13.9578 6.17744 292.718 284.937
"function evaluation" "current f(x)" "best-so-far f(x)" "current af(x)+b"  "best af(x)+b"
1 61.0872 61.0872 79.8672 79.8672
2 48.14 48.14 66.92 66.92
3 33.5376 33.5376 52.3176 52.3176
4 33.3686 33.3686 52.1486 52.1486
5 30.4873 30.4873 49.2673 49.2673
25 27.8407 27.8407 46.6207 46.6207
45 25.0156 25.0156 43.7956 43.7956
53 21.8377 21.8377 40.6177 40.6177
54 18.7177 18.7177 37.4977 37.4977
57 18.3769 18.3769 37.1569 37.1569
58 18.2284 18.2284 37.0084 37.0084
70 15.0984 15.0984 33.8784 33.8784
121 13.7857 13.7857 32.5657 32.5657
197 12.8529 12.8529 31.6329 31.6329
312 12.7919 12.7919 31.5719 31.5719
426 10.5429 10.5429 29.3229 29.3229
457 9.40775 9.40775 28.1877 28.1877
792 9.35729 9.35729 28.1373 28.1373
807 9.22099 9.22099 28.001 28.001
1055 9.07913 9.07913 27.8591 27.8591
1138 8.35426 8.35426 27.1343 27.1343
1153 7.74388 7.74388 26.5239 26.5239
1382 6.29349 6.29349 25.0735 25.0735
2150 12.7518 6.29349 31.5318 25.0735
"function evaluation" "current f(x)" "best-so-far f(x)" "current af(x)+b"  "best af(x)+b"
1 44.6003 44.6003 118.06 118.06
2 27.7465 27.7465 101.206 101.206
54 24.6176 24.6176 98.0776 98.0776
63 21.4776 21.4776 94.9376 94.9376
80 18.47 18.47 91.93 91.93
103 18.2758 18.2758 91.7358 91.7358
117 17.492 17.492 90.952 90.952
140 16.9919 16.9919 90.4519 90.4519
326 12.7355 12.7355 86.1955 86.1955
423 10.6765 10.6765 84.1365 84.1365
544 10.6612 10.6612 84.1212 84.1212
737 10.0898 10.0898 83.5498 83.5498
780 9.14592 9.14592 82.6059 82.6059
938 9.0863 9.0863 82.5463 82.5463
953 7.24353 7.24353 80.7035 80.7035
1879 6.50656 6.50656 79.9666 79.9666
2150 21.4021 6.50656 94.8621 79.9666
"function evaluation" "current f(x)" "best-so-far f(x)" "current af(x)+b"  "best af(x)+b"
1 80.9895 80.9895 85.5495 85.5495
2 53.6451 53.6451 58.2051 58.2051
3 48.0037 48.0037 52.5637 52.5637
8 43.853 43.853 48.413 48.413
9 33.6683 33.6683 38.2283 38.2283
14 30.8131 30.8131 35.3731 35.3731
20 26.6398 26.6398 31.1998 31.1998
36 26.6141 26.6141 31.1741 31.1741
48 25.8486 25.8486 30.4086 30.4086
54 19.3364 19.3364 23.8964 23.8964
95 18.18 18.18 22.74 22.74
107 16.8873 16.8873 21.4473 21.4473
125 16.6793 16.6793 21.2393 21.2393
280 16.0622 16.0622 20.6222 20.6222
384 11.5291 11.5291 16.0891 16.0891
537 11.2525 11.2525 15.8125 15.8125
558 9.77597 9.77597 14.336 14.336
776 7.68514 7.68514 12.2451 12.2451
1336 7.52987 7.52987 12.0899 12.0899
1678 6.8234 6.8234 11.3834 11.3834
1926 6.56847 6.56847 11.1285 11.1285
2150 66.767 6.56847 71.327 11.1285
"function evaluation" "current f(x)" "best-so-far f(x)" "current af(x)+b"  "best af(x)+b"
1 144.396 144.396 1144.4 1144.4
2 123.874 123.874 1123.87 1123.87
3 59.6649 59.6649 1059.66 1059.66
6 42.1219 42.1219 1042.12 1042.12
12 40.5613 40.5613 1040.56 1040.56
23 39.2592 39.2592 1039.26 1039.26
25 37.677 37.677 1037.68 1037.68
33 29.3056 29.3056 1029.31 1029.31
50 28.5735 28.5735 1028.57 1028.57
51 17.5631 17.5631 1017.56 1017.56
79 13.525 13.525 1013.52 1013.52
171 13.117 13.117 1013.12 1013.12
244 11.6105 11.6105 1011.61 1011.61
424 10.9059 10.9059 1010.91 1010.91
527 7.74041 7.74041 1007.74 1007.74
1554 7.442 7.442 1007.44 1007.44
2150 9.81275 7.442 1009.81 1007.44
"function evaluation" "current f(x)" "best-so-far f(x)" "current af(x)+b"  "best af(x)+b"
1 63.3881 63.3881 79.1581 79.1581
2 39.5514 39.5514 55.3214 55.3214
6 39.4024 39.4024 55.1724 55.1724
12 28.6739 28.6739 44.4439 44.4439
21 17.2719 17.2719 33.0419 33.0419
74 16.1238 16.1238 31.8938 31.8938
83 14.5312 14.5312 30.3012 30.3012
168 12.2222 12.2222 27.9922 27.9922
410 12.1866 12.1866 27.9566 27.9566
428 11.9804 11.9804 27.7504 27.7504
430 11.966 11.966 27.736 27.736
454 10.2623 10.2623 26.0323 26.0323
758 9.23796 9.23796 25.008 25.008
759 8.0456 8.0456 23.8156 23.8156
1126 8.02707 8.02707 23.7971 23.7971
1290 7.41746 7.41746 23.1875 23.1875
1928 6.90627 6.90627 22.6763 22.6763
2150 29.5002 6.90627 45.2702 22.6763
"function evaluation" "current f(x)" "best-so-far f(x)" "current af(x)+b"  "best af(x)+b"
1 92.1604 92.1604 -77.5896 -77.5896
2 26.5598 26.5598 -143.19 -143.19
36 21.7224 21.7224 -148.028 -148.028
57 20.7411 20.7411 -149.009 -149.009
82 15.3485 15.3485 -154.401 -154.401
193 14.4041 14.4041 -155.346 -155.346
198 11.2379 11.2379 -158.512 -158.512
536 9.80338 9.80338 -159.947 -159.947
669 9.62114 9.62114 -160.129 -160.129
1142 9.44339 9.44339 -160.307 -160.307
1201 9.29914 9.29914 -160.451 -160.451
1240 7.64912 7.64912 -162.101 -162.101
1247 7.2834 7.2834 -162.467 -162.467
1438 6.42857 6.42857 -163.321 -163.321
2150 11.2742 6.42857 -158.476 -163.321
