"function evaluation" "current f(x)" "best-so-far f(x)" "current af(x)+b"  "best af(x)+b"
1 3.54743e+09 3.54743e+09 3.54743e+09 3.54743e+09
2 6.02189e+08 6.02189e+08 6.02188e+08 6.02188e+08
7 1.02876e+08 1.02876e+08 1.02875e+08 1.02875e+08
102 6.64363e+07 6.64363e+07 6.64357e+07 6.64357e+07
361 5.87595e+07 5.87595e+07 5.87589e+07 5.87589e+07
597 5.28609e+07 5.28609e+07 5.28603e+07 5.28603e+07
1182 3.77153e+07 3.77153e+07 3.77147e+07 3.77147e+07
1712 3.61561e+07 3.61561e+07 3.61555e+07 3.61555e+07
1756 2.66509e+07 2.66509e+07 2.66502e+07 2.66502e+07
2050 8.46362e+07 2.66509e+07 8.46356e+07 2.66502e+07
"function evaluation" "current f(x)" "best-so-far f(x)" "current af(x)+b"  "best af(x)+b"
1 1.45347e+10 1.45347e+10 1.45347e+10 1.45347e+10
2 2.02402e+09 2.02402e+09 2.02402e+09 2.02402e+09
7 1.44281e+09 1.44281e+09 1.44281e+09 1.44281e+09
9 2.91801e+08 2.91801e+08 2.918e+08 2.918e+08
114 2.27588e+08 2.27588e+08 2.27588e+08 2.27588e+08
501 2.08536e+08 2.08536e+08 2.08536e+08 2.08536e+08
530 1.85096e+08 1.85096e+08 1.85095e+08 1.85095e+08
548 1.54697e+08 1.54697e+08 1.54696e+08 1.54696e+08
583 1.50833e+08 1.50833e+08 1.50832e+08 1.50832e+08
605 1.29325e+08 1.29325e+08 1.29324e+08 1.29324e+08
921 1.06344e+08 1.06344e+08 1.06343e+08 1.06343e+08
1000 9.84312e+07 9.84312e+07 9.84309e+07 9.84309e+07
1014 5.36708e+07 5.36708e+07 5.36706e+07 5.36706e+07
1138 4.70949e+07 4.70949e+07 4.70946e+07 4.70946e+07
1426 4.42224e+07 4.42224e+07 4.42221e+07 4.42221e+07
1635 2.45375e+07 2.45375e+07 2.45372e+07 2.45372e+07
2050 1.1509e+08 2.45375e+07 1.1509e+08 2.45372e+07
"function evaluation" "current f(x)" "best-so-far f(x)" "current af(x)+b"  "best af(x)+b"
1 2.2206e+09 2.2206e+09 2.2206e+09 2.2206e+09
2 6.72163e+08 6.72163e+08 6.72163e+08 6.72163e+08
6 5.26081e+08 5.26081e+08 5.26082e+08 5.26082e+08
14 3.13036e+08 3.13036e+08 3.13036e+08 3.13036e+08
230 1.52359e+08 1.52359e+08 1.52359e+08 1.52359e+08
507 1.28239e+08 1.28239e+08 1.28239e+08 1.28239e+08
518 1.0794e+08 1.0794e+08 1.0794e+08 1.0794e+08
783 9.70807e+07 9.70807e+07 9.70807e+07 9.70807e+07
1087 8.86965e+07 8.86965e+07 8.86966e+07 8.86966e+07
1108 7.77905e+07 7.77905e+07 7.77905e+07 7.77905e+07
1345 7.53354e+07 7.53354e+07 7.53355e+07 7.53355e+07
1348 7.23144e+07 7.23144e+07 7.23144e+07 7.23144e+07
1464 4.62298e+07 4.62298e+07 4.62299e+07 4.62299e+07
1809 4.3063e+07 4.3063e+07 4.30631e+07 4.30631e+07
1906 4.16097e+07 4.16097e+07 4.16097e+07 4.16097e+07
2050 1.82502e+08 4.16097e+07 1.82502e+08 4.16097e+07
"function evaluation" "current f(x)" "best-so-far f(x)" "current af(x)+b"  "best af(x)+b"
1 9.91205e+08 9.91205e+08 9.91205e+08 9.91205e+08
4 2.18105e+08 2.18105e+08 2.18105e+08 2.18105e+08
5 1.49178e+08 1.49178e+08 1.49178e+08 1.49178e+08
11 9.24079e+07 9.24079e+07 9.24079e+07 9.24079e+07
944 6.77959e+07 6.77959e+07 6.77959e+07 6.77959e+07
1305 6.65685e+07 6.65685e+07 6.65684e+07 6.65684e+07
1447 3.63898e+07 3.63898e+07 3.63898e+07 3.63898e+07
1869 3.48847e+07 3.48847e+07 3.48847e+07 3.48847e+07
2050 1.34508e+08 3.48847e+07 1.34508e+08 3.48847e+07
"function evaluation" "current f(x)" "best-so-far f(x)" "current af(x)+b"  "best af(x)+b"
1 3.11063e+08 3.11063e+08 3.11063e+08 3.11063e+08
24 2.85721e+08 2.85721e+08 2.85721e+08 2.85721e+08
43 2.34044e+08 2.34044e+08 2.34044e+08 2.34044e+08
107 2.01546e+08 2.01546e+08 2.01546e+08 2.01546e+08
113 1.93158e+08 1.93158e+08 1.93158e+08 1.93158e+08
135 1.82155e+08 1.82155e+08 1.82155e+08 1.82155e+08
139 1.6447e+08 1.6447e+08 1.6447e+08 1.6447e+08
141 7.09142e+07 7.09142e+07 7.09142e+07 7.09142e+07
1184 6.47355e+07 6.47355e+07 6.47355e+07 6.47355e+07
1217 6.38113e+07 6.38113e+07 6.38113e+07 6.38113e+07
1223 6.07346e+07 6.07346e+07 6.07347e+07 6.07347e+07
1243 5.13271e+07 5.13271e+07 5.13271e+07 5.13271e+07
1730 4.67946e+07 4.67946e+07 4.67946e+07 4.67946e+07
2050 1.90644e+08 4.67946e+07 1.90644e+08 4.67946e+07
"function evaluation" "current f(x)" "best-so-far f(x)" "current af(x)+b"  "best af(x)+b"
1 1.97865e+09 1.97865e+09 1.97865e+09 1.97865e+09
2 1.28801e+09 1.28801e+09 1.28801e+09 1.28801e+09
6 1.04716e+09 1.04716e+09 1.04716e+09 1.04716e+09
7 6.13915e+08 6.13915e+08 6.13915e+08 6.13915e+08
16 4.03947e+08 4.03947e+08 4.03947e+08 4.03947e+08
25 2.18258e+08 2.18258e+08 2.18258e+08 2.18258e+08
119 1.88597e+08 1.88597e+08 1.88597e+08 1.88597e+08
122 1.8469e+08 1.8469e+08 1.8469e+08 1.8469e+08
324 1.84606e+08 1.84606e+08 1.84606e+08 1.84606e+08
384 1.72458e+08 1.72458e+08 1.72458e+08 1.72458e+08
510 9.59744e+07 9.59744e+07 9.59744e+07 9.59744e+07
588 7.77278e+07 7.77278e+07 7.77278e+07 7.77278e+07
1088 7.68135e+07 7.68135e+07 7.68135e+07 7.68135e+07
1101 6.02872e+07 6.02872e+07 6.02871e+07 6.02871e+07
1458 5.17153e+07 5.17153e+07 5.17153e+07 5.17153e+07
1632 4.2394e+07 4.2394e+07 4.2394e+07 4.2394e+07
2050 5.60771e+08 4.2394e+07 5.60771e+08 4.2394e+07
"function evaluation" "current f(x)" "best-so-far f(x)" "current af(x)+b"  "best af(x)+b"
1 5.80631e+08 5.80631e+08 5.80631e+08 5.80631e+08
5 1.65047e+08 1.65047e+08 1.65047e+08 1.65047e+08
151 1.45216e+08 1.45216e+08 1.45215e+08 1.45215e+08
529 1.15558e+08 1.15558e+08 1.15558e+08 1.15558e+08
955 1.05912e+08 1.05912e+08 1.05912e+08 1.05912e+08
1026 9.37067e+07 9.37067e+07 9.37065e+07 9.37065e+07
1089 7.90143e+07 7.90143e+07 7.90141e+07 7.90141e+07
1310 6.54793e+07 6.54793e+07 6.54791e+07 6.54791e+07
1482 6.41715e+07 6.41715e+07 6.41714e+07 6.41714e+07
1507 6.41012e+07 6.41012e+07 6.4101e+07 6.4101e+07
2050 2.73701e+08 6.41012e+07 2.73701e+08 6.4101e+07
"function evaluation" "current f(x)" "best-so-far f(x)" "current af(x)+b"  "best af(x)+b"
1 4.18576e+08 4.18576e+08 4.18576e+08 4.18576e+08
2 4.06302e+08 4.06302e+08 4.06302e+08 4.06302e+08
3 3.53254e+08 3.53254e+08 3.53254e+08 3.53254e+08
4 2.80036e+08 2.80036e+08 2.80037e+08 2.80037e+08
9 2.77978e+08 2.77978e+08 2.77978e+08 2.77978e+08
15 2.10026e+08 2.10026e+08 2.10026e+08 2.10026e+08
27 2.07322e+08 2.07322e+08 2.07322e+08 2.07322e+08
28 1.08748e+08 1.08748e+08 1.08748e+08 1.08748e+08
127 9.91954e+07 9.91954e+07 9.91957e+07 9.91957e+07
364 7.06065e+07 7.06065e+07 7.06069e+07 7.06069e+07
662 6.36263e+07 6.36263e+07 6.36267e+07 6.36267e+07
970 4.3248e+07 4.3248e+07 4.32483e+07 4.32483e+07
1011 3.82441e+07 3.82441e+07 3.82444e+07 3.82444e+07
1370 3.40889e+07 3.40889e+07 3.40893e+07 3.40893e+07
1603 2.304e+07 2.304e+07 2.30404e+07 2.30404e+07
2050 1.5335e+08 2.304e+07 1.5335e+08 2.30404e+07
"function evaluation" "current f(x)" "best-so-far f(x)" "current af(x)+b"  "best af(x)+b"
1 1.0304e+10 1.0304e+10 1.0304e+10 1.0304e+10
2 1.75412e+09 1.75412e+09 1.75412e+09 1.75412e+09
3 5.75446e+08 5.75446e+08 5.75446e+08 5.75446e+08
7 5.71542e+08 5.71542e+08 5.71542e+08 5.71542e+08
10 2.31209e+08 2.31209e+08 2.31209e+08 2.31209e+08
321 1.98046e+08 1.98046e+08 1.98046e+08 1.98046e+08
527 1.67528e+08 1.67528e+08 1.67528e+08 1.67528e+08
529 1.63272e+08 1.63272e+08 1.63272e+08 1.63272e+08
590 1.61934e+08 1.61934e+08 1.61934e+08 1.61934e+08
602 9.97033e+07 9.97033e+07 9.97033e+07 9.97033e+07
750 9.63128e+07 9.63128e+07 9.63128e+07 9.63128e+07
915 9.45608e+07 9.45608e+07 9.45607e+07 9.45607e+07
926 9.37325e+07 9.37325e+07 9.37324e+07 9.37324e+07
951 8.17878e+07 8.17878e+07 8.17877e+07 8.17877e+07
1058 4.00298e+07 4.00298e+07 4.00297e+07 4.00297e+07
1766 3.09524e+07 3.09524e+07 3.09524e+07 3.09524e+07
2050 2.41434e+08 3.09524e+07 2.41434e+08 3.09524e+07
"function evaluation" "current f(x)" "best-so-far f(x)" "current af(x)+b"  "best af(x)+b"
1 3.76759e+09 3.76759e+09 3.76759e+09 3.76759e+09
2 5.34864e+08 5.34864e+08 5.34864e+08 5.34864e+08
7 2.57284e+08 2.57284e+08 2.57284e+08 2.57284e+08
13 2.23071e+08 2.23071e+08 2.23071e+08 2.23071e+08
107 1.84073e+08 1.84073e+08 1.84073e+08 1.84073e+08
243 1.79357e+08 1.79357e+08 1.79357e+08 1.79357e+08
267 1.7196e+08 1.7196e+08 1.7196e+08 1.7196e+08
317 1.02359e+08 1.02359e+08 1.02359e+08 1.02359e+08
662 9.29964e+07 9.29964e+07 9.29964e+07 9.29964e+07
939 9.28371e+07 9.28371e+07 9.28371e+07 9.28371e+07
1022 7.4999e+07 7.4999e+07 7.4999e+07 7.4999e+07
1115 6.94794e+07 6.94794e+07 6.94795e+07 6.94795e+07
1335 5.77861e+07 5.77861e+07 5.77861e+07 5.77861e+07
1346 5.76535e+07 5.76535e+07 5.76535e+07 5.76535e+07
1474 5.43265e+07 5.43265e+07 5.43265e+07 5.43265e+07
1711 5.38837e+07 5.38837e+07 5.38837e+07 5.38837e+07
1789 3.78019e+07 3.78019e+07 3.78019e+07 3.78019e+07
2050 2.50371e+08 3.78019e+07 2.50371e+08 3.78019e+07
"function evaluation" "current f(x)" "best-so-far f(x)" "current af(x)+b"  "best af(x)+b"
1 8.38772e+08 8.38772e+08 8.38772e+08 8.38772e+08
7 5.2784e+08 5.2784e+08 5.27841e+08 5.27841e+08
9 4.58645e+08 4.58645e+08 4.58645e+08 4.58645e+08
27 2.92811e+08 2.92811e+08 2.92811e+08 2.92811e+08
182 2.57923e+08 2.57923e+08 2.57923e+08 2.57923e+08
204 2.24701e+08 2.24701e+08 2.24701e+08 2.24701e+08
217 1.64984e+08 1.64984e+08 1.64984e+08 1.64984e+08
386 1.60657e+08 1.60657e+08 1.60657e+08 1.60657e+08
442 1.49849e+08 1.49849e+08 1.49849e+08 1.49849e+08
503 1.2206e+08 1.2206e+08 1.2206e+08 1.2206e+08
692 1.17212e+08 1.17212e+08 1.17212e+08 1.17212e+08
917 8.91927e+07 8.91927e+07 8.91928e+07 8.91928e+07
984 8.37551e+07 8.37551e+07 8.37551e+07 8.37551e+07
1210 7.90412e+07 7.90412e+07 7.90413e+07 7.90413e+07
1373 5.10022e+07 5.10022e+07 5.10022e+07 5.10022e+07
1747 4.94779e+07 4.94779e+07 4.94779e+07 4.94779e+07
1877 4.82239e+07 4.82239e+07 4.82239e+07 4.82239e+07
1988 4.58143e+07 4.58143e+07 4.58143e+07 4.58143e+07
2050 1.31445e+09 4.58143e+07 1.31445e+09 4.58143e+07
"function evaluation" "current f(x)" "best-so-far f(x)" "current af(x)+b"  "best af(x)+b"
1 3.26039e+08 3.26039e+08 3.26038e+08 3.26038e+08
7 1.69921e+08 1.69921e+08 1.6992e+08 1.6992e+08
112 1.62179e+08 1.62179e+08 1.62178e+08 1.62178e+08
131 1.2539e+08 1.2539e+08 1.2539e+08 1.2539e+08
331 1.19522e+08 1.19522e+08 1.19522e+08 1.19522e+08
547 9.54187e+07 9.54187e+07 9.54184e+07 9.54184e+07
599 6.22966e+07 6.22966e+07 6.22963e+07 6.22963e+07
929 6.09757e+07 6.09757e+07 6.09754e+07 6.09754e+07
968 5.76993e+07 5.76993e+07 5.7699e+07 5.7699e+07
1052 4.97475e+07 4.97475e+07 4.97472e+07 4.97472e+07
1243 4.24226e+07 4.24226e+07 4.24223e+07 4.24223e+07
1422 4.11117e+07 4.11117e+07 4.11114e+07 4.11114e+07
1714 3.37379e+07 3.37379e+07 3.37376e+07 3.37376e+07
1741 2.89679e+07 2.89679e+07 2.89676e+07 2.89676e+07
1857 2.61762e+07 2.61762e+07 2.61759e+07 2.61759e+07
2050 7.62366e+07 2.61762e+07 7.62363e+07 2.61759e+07
"function evaluation" "current f(x)" "best-so-far f(x)" "current af(x)+b"  "best af(x)+b"
1 1.25705e+09 1.25705e+09 1.25705e+09 1.25705e+09
2 1.06611e+09 1.06611e+09 1.06611e+09 1.06611e+09
3 6.18504e+08 6.18504e+08 6.18503e+08 6.18503e+08
4 5.64807e+08 5.64807e+08 5.64806e+08 5.64806e+08
8 1.95062e+08 1.95062e+08 1.95061e+08 1.95061e+08
120 1.08209e+08 1.08209e+08 1.08208e+08 1.08208e+08
141 1.04869e+08 1.04869e+08 1.04868e+08 1.04868e+08
262 7.51496e+07 7.51496e+07 7.51486e+07 7.51486e+07
1200 5.35419e+07 5.35419e+07 5.35409e+07 5.35409e+07
2050 3.80928e+08 5.35419e+07 3.80927e+08 5.35409e+07
"function evaluation" "current f(x)" "best-so-far f(x)" "current af(x)+b"  "best af(x)+b"
1 2.64438e+09 2.64438e+09 2.64438e+09 2.64438e+09
2 5.73544e+08 5.73544e+08 5.73544e+08 5.73544e+08
7 2.67717e+08 2.67717e+08 2.67717e+08 2.67717e+08
8 2.14196e+08 2.14196e+08 2.14196e+08 2.14196e+08
10 2.06191e+08 2.06191e+08 2.06191e+08 2.06191e+08
33 1.94426e+08 1.94426e+08 1.94426e+08 1.94426e+08
101 1.8858e+08 1.8858e+08 1.8858e+08 1.8858e+08
111 1.58829e+08 1.58829e+08 1.58829e+08 1.58829e+08
138 1.42611e+08 1.42611e+08 1.42611e+08 1.42611e+08
151 1.13475e+08 1.13475e+08 1.13475e+08 1.13475e+08
546 1.11075e+08 1.11075e+08 1.11075e+08 1.11075e+08
554 9.11712e+07 9.11712e+07 9.11712e+07 9.11712e+07
697 6.85506e+07 6.85506e+07 6.85507e+07 6.85507e+07
911 6.64064e+07 6.64064e+07 6.64065e+07 6.64065e+07
997 6.35929e+07 6.35929e+07 6.35929e+07 6.35929e+07
1069 5.85267e+07 5.85267e+07 5.85268e+07 5.85268e+07
1146 5.13764e+07 5.13764e+07 5.13765e+07 5.13765e+07
1365 4.33884e+07 4.33884e+07 4.33884e+07 4.33884e+07
1456 3.89828e+07 3.89828e+07 3.89829e+07 3.89829e+07
2050 1.30724e+08 3.89828e+07 1.30725e+08 3.89829e+07
"function evaluation" "current f(x)" "best-so-far f(x)" "current af(x)+b"  "best af(x)+b"
1 4.92494e+08 4.92494e+08 4.92495e+08 4.92495e+08
6 4.13252e+08 4.13252e+08 4.13252e+08 4.13252e+08
13 3.83699e+08 3.83699e+08 3.83699e+08 3.83699e+08
126 3.0161e+08 3.0161e+08 3.0161e+08 3.0161e+08
171 2.65961e+08 2.65961e+08 2.65962e+08 2.65962e+08
194 1.35152e+08 1.35152e+08 1.35152e+08 1.35152e+08
727 1.17036e+08 1.17036e+08 1.17036e+08 1.17036e+08
776 9.58217e+07 9.58217e+07 9.58218e+07 9.58218e+07
1052 9.04608e+07 9.04608e+07 9.04609e+07 9.04609e+07
1325 8.90746e+07 8.90746e+07 8.90747e+07 8.90747e+07
1333 8.6543e+07 8.6543e+07 8.65431e+07 8.65431e+07
1369 8.51663e+07 8.51663e+07 8.51664e+07 8.51664e+07
1390 7.96573e+07 7.96573e+07 7.96574e+07 7.96574e+07
1522 7.89839e+07 7.89839e+07 7.8984e+07 7.8984e+07
1624 6.00877e+07 6.00877e+07 6.00878e+07 6.00878e+07
1776 5.15996e+07 5.15996e+07 5.15997e+07 5.15997e+07
1843 3.98243e+07 3.98243e+07 3.98244e+07 3.98244e+07
2050 1.07437e+08 3.98243e+07 1.07437e+08 3.98244e+07
"function evaluation" "current f(x)" "best-so-far f(x)" "current af(x)+b"  "best af(x)+b"
1 1.04185e+09 1.04185e+09 1.04185e+09 1.04185e+09
2 4.4537e+08 4.4537e+08 4.4537e+08 4.4537e+08
15 3.88134e+08 3.88134e+08 3.88134e+08 3.88134e+08
26 2.93887e+08 2.93887e+08 2.93887e+08 2.93887e+08
49 2.70586e+08 2.70586e+08 2.70586e+08 2.70586e+08
138 2.2037e+08 2.2037e+08 2.2037e+08 2.2037e+08
145 1.87563e+08 1.87563e+08 1.87563e+08 1.87563e+08
146 1.71486e+08 1.71486e+08 1.71486e+08 1.71486e+08
283 1.36547e+08 1.36547e+08 1.36547e+08 1.36547e+08
349 1.29088e+08 1.29088e+08 1.29088e+08 1.29088e+08
512 1.20308e+08 1.20308e+08 1.20308e+08 1.20308e+08
573 1.03018e+08 1.03018e+08 1.03018e+08 1.03018e+08
581 9.8444e+07 9.8444e+07 9.84439e+07 9.84439e+07
618 8.01488e+07 8.01488e+07 8.01488e+07 8.01488e+07
739 5.56117e+07 5.56117e+07 5.56117e+07 5.56117e+07
799 4.13215e+07 4.13215e+07 4.13214e+07 4.13214e+07
1499 3.50751e+07 3.50751e+07 3.5075e+07 3.5075e+07
1901 3.19231e+07 3.19231e+07 3.1923e+07 3.1923e+07
2021 2.7083e+07 2.7083e+07 2.70829e+07 2.70829e+07
2050 2.38536e+08 2.7083e+07 2.38536e+08 2.70829e+07
"function evaluation" "current f(x)" "best-so-far f(x)" "current af(x)+b"  "best af(x)+b"
1 1.39194e+09 1.39194e+09 1.39194e+09 1.39194e+09
7 7.9154e+08 7.9154e+08 7.91539e+08 7.91539e+08
10 7.1486e+08 7.1486e+08 7.14859e+08 7.14859e+08
13 5.16989e+08 5.16989e+08 5.16988e+08 5.16988e+08
102 4.71033e+08 4.71033e+08 4.71032e+08 4.71032e+08
152 4.52598e+08 4.52598e+08 4.52597e+08 4.52597e+08
158 1.23488e+08 1.23488e+08 1.23487e+08 1.23487e+08
930 8.95037e+07 8.95037e+07 8.95028e+07 8.95028e+07
1003 7.27456e+07 7.27456e+07 7.27447e+07 7.27447e+07
1126 5.8029e+07 5.8029e+07 5.80282e+07 5.80282e+07
1745 5.70836e+07 5.70836e+07 5.70828e+07 5.70828e+07
1750 5.40043e+07 5.40043e+07 5.40035e+07 5.40035e+07
1864 5.32548e+07 5.32548e+07 5.3254e+07 5.3254e+07
1872 3.31113e+07 3.31113e+07 3.31104e+07 3.31104e+07
2021 3.20488e+07 3.20488e+07 3.2048e+07 3.2048e+07
2050 2.21484e+08 3.20488e+07 2.21483e+08 3.2048e+07
"function evaluation" "current f(x)" "best-so-far f(x)" "current af(x)+b"  "best af(x)+b"
1 3.44905e+08 3.44905e+08 3.44905e+08 3.44905e+08
5 1.95867e+08 1.95867e+08 1.95867e+08 1.95867e+08
503 1.65447e+08 1.65447e+08 1.65447e+08 1.65447e+08
506 1.46793e+08 1.46793e+08 1.46793e+08 1.46793e+08
509 1.33111e+08 1.33111e+08 1.33111e+08 1.33111e+08
623 9.2093e+07 9.2093e+07 9.20931e+07 9.20931e+07
813 9.1616e+07 9.1616e+07 9.1616e+07 9.1616e+07
912 6.22674e+07 6.22674e+07 6.22674e+07 6.22674e+07
1206 3.81693e+07 3.81693e+07 3.81693e+07 3.81693e+07
1764 3.2461e+07 3.2461e+07 3.2461e+07 3.2461e+07
2050 5.92928e+07 3.2461e+07 5.92929e+07 3.2461e+07
"function evaluation" "current f(x)" "best-so-far f(x)" "current af(x)+b"  "best af(x)+b"
1 5.39243e+09 5.39243e+09 5.39243e+09 5.39243e+09
2 9.13527e+08 9.13527e+08 9.13526e+08 9.13526e+08
3 6.96433e+08 6.96433e+08 6.96432e+08 6.96432e+08
4 5.79787e+08 5.79787e+08 5.79786e+08 5.79786e+08
5 3.68711e+08 3.68711e+08 3.6871e+08 3.6871e+08
9 3.25032e+08 3.25032e+08 3.25032e+08 3.25032e+08
27 2.81499e+08 2.81499e+08 2.81498e+08 2.81498e+08
32 1.98529e+08 1.98529e+08 1.98528e+08 1.98528e+08
160 1.89043e+08 1.89043e+08 1.89042e+08 1.89042e+08
219 1.58619e+08 1.58619e+08 1.58619e+08 1.58619e+08
292 1.28719e+08 1.28719e+08 1.28718e+08 1.28718e+08
507 7.29283e+07 7.29283e+07 7.29278e+07 7.29278e+07
520 6.82661e+07 6.82661e+07 6.82656e+07 6.82656e+07
911 4.16746e+07 4.16746e+07 4.1674e+07 4.1674e+07
1350 3.09181e+07 3.09181e+07 3.09176e+07 3.09176e+07
1371 2.97079e+07 2.97079e+07 2.97074e+07 2.97074e+07
1920 2.81536e+07 2.81536e+07 2.81531e+07 2.81531e+07
2050 1.45704e+08 2.81536e+07 1.45703e+08 2.81531e+07
"function evaluation" "current f(x)" "best-so-far f(x)" "current af(x)+b"  "best af(x)+b"
1 6.02918e+08 6.02918e+08 6.02917e+08 6.02917e+08
2 2.14677e+08 2.14677e+08 2.14677e+08 2.14677e+08
187 1.53544e+08 1.53544e+08 1.53543e+08 1.53543e+08
439 1.29191e+08 1.29191e+08 1.29191e+08 1.29191e+08
619 1.01488e+08 1.01488e+08 1.01487e+08 1.01487e+08
643 9.76147e+07 9.76147e+07 9.76143e+07 9.76143e+07
944 7.92349e+07 7.92349e+07 7.92345e+07 7.92345e+07
1019 7.09156e+07 7.09156e+07 7.09152e+07 7.09152e+07
1383 6.67736e+07 6.67736e+07 6.67732e+07 6.67732e+07
1496 4.9377e+07 4.9377e+07 4.93766e+07 4.93766e+07
1839 3.95478e+07 3.95478e+07 3.95474e+07 3.95474e+07
2050 1.45865e+08 3.95478e+07 1.45865e+08 3.95474e+07
"function evaluation" "current f(x)" "best-so-far f(x)" "current af(x)+b"  "best af(x)+b"
1 1.16719e+09 1.16719e+09 1.16719e+09 1.16719e+09
2 3.9558e+08 3.9558e+08 3.95579e+08 3.95579e+08
4 3.94068e+08 3.94068e+08 3.94067e+08 3.94067e+08
7 2.46445e+08 2.46445e+08 2.46444e+08 2.46444e+08
18 2.34328e+08 2.34328e+08 2.34327e+08 2.34327e+08
46 2.0604e+08 2.0604e+08 2.06039e+08 2.06039e+08
109 1.61307e+08 1.61307e+08 1.61306e+08 1.61306e+08
158 1.46959e+08 1.46959e+08 1.46958e+08 1.46958e+08
162 1.46048e+08 1.46048e+08 1.46048e+08 1.46048e+08
371 1.14791e+08 1.14791e+08 1.1479e+08 1.1479e+08
515 8.03179e+07 8.03179e+07 8.03171e+07 8.03171e+07
986 7.57489e+07 7.57489e+07 7.5748e+07 7.5748e+07
989 7.03867e+07 7.03867e+07 7.03859e+07 7.03859e+07
1318 6.78172e+07 6.78172e+07 6.78164e+07 6.78164e+07
1325 6.52617e+07 6.52617e+07 6.52608e+07 6.52608e+07
1351 5.66373e+07 5.66373e+07 5.66364e+07 5.66364e+07
1444 5.26531e+07 5.26531e+07 5.26522e+07 5.26522e+07
1466 3.96347e+07 3.96347e+07 3.96339e+07 3.96339e+07
2050 7.12163e+08 3.96347e+07 7.12162e+08 3.96339e+07
"function evaluation" "current f(x)" "best-so-far f(x)" "current af(x)+b"  "best af(x)+b"
1 2.39144e+10 2.39144e+10 2.39144e+10 2.39144e+10
2 8.66908e+08 8.66908e+08 8.66908e+08 8.66908e+08
18 3.19573e+08 3.19573e+08 3.19573e+08 3.19573e+08
159 2.9871e+08 2.9871e+08 2.9871e+08 2.9871e+08
194 2.94653e+08 2.94653e+08 2.94653e+08 2.94653e+08
253 1.76408e+08 1.76408e+08 1.76408e+08 1.76408e+08
544 1.72723e+08 1.72723e+08 1.72723e+08 1.72723e+08
567 1.62624e+08 1.62624e+08 1.62624e+08 1.62624e+08
571 1.29319e+08 1.29319e+08 1.29319e+08 1.29319e+08
652 1.06145e+08 1.06145e+08 1.06145e+08 1.06145e+08
765 1.04803e+08 1.04803e+08 1.04803e+08 1.04803e+08
923 9.35077e+07 9.35077e+07 9.35077e+07 9.35077e+07
1066 8.42926e+07 8.42926e+07 8.42926e+07 8.42926e+07
1352 8.37069e+07 8.37069e+07 8.37069e+07 8.37069e+07
1390 8.03526e+07 8.03526e+07 8.03527e+07 8.03527e+07
1505 5.81952e+07 5.81952e+07 5.81952e+07 5.81952e+07
1728 5.78265e+07 5.78265e+07 5.78265e+07 5.78265e+07
1776 5.40002e+07 5.40002e+07 5.40002e+07 5.40002e+07
2050 1.05508e+08 5.40002e+07 1.05508e+08 5.40002e+07
"function evaluation" "current f(x)" "best-so-far f(x)" "current af(x)+b"  "best af(x)+b"
1 1.33772e+09 1.33772e+09 1.33772e+09 1.33772e+09
3 7.09363e+08 7.09363e+08 7.09363e+08 7.09363e+08
6 4.83623e+08 4.83623e+08 4.83623e+08 4.83623e+08
10 3.91696e+08 3.91696e+08 3.91696e+08 3.91696e+08
23 2.83687e+08 2.83687e+08 2.83687e+08 2.83687e+08
34 1.6753e+08 1.6753e+08 1.6753e+08 1.6753e+08
504 1.43919e+08 1.43919e+08 1.43919e+08 1.43919e+08
520 1.2343e+08 1.2343e+08 1.2343e+08 1.2343e+08
570 9.13346e+07 9.13346e+07 9.13346e+07 9.13346e+07
700 8.91992e+07 8.91992e+07 8.91993e+07 8.91993e+07
1042 6.2049e+07 6.2049e+07 6.20491e+07 6.20491e+07
1634 5.28174e+07 5.28174e+07 5.28175e+07 5.28175e+07
1998 4.87577e+07 4.87577e+07 4.87577e+07 4.87577e+07
2050 3.12587e+08 4.87577e+07 3.12587e+08 4.87577e+07
"function evaluation" "current f(x)" "best-so-far f(x)" "current af(x)+b"  "best af(x)+b"
1 5.30178e+08 5.30178e+08 5.30178e+08 5.30178e+08
15 2.69961e+08 2.69961e+08 2.69961e+08 2.69961e+08
21 2.41652e+08 2.41652e+08 2.41652e+08 2.41652e+08
26 2.28237e+08 2.28237e+08 2.28237e+08 2.28237e+08
134 1.93106e+08 1.93106e+08 1.93106e+08 1.93106e+08
137 1.62918e+08 1.62918e+08 1.62918e+08 1.62918e+08
234 1.21191e+08 1.21191e+08 1.21191e+08 1.21191e+08
237 9.95359e+07 9.95359e+07 9.95359e+07 9.95359e+07
1023 8.52291e+07 8.52291e+07 8.5229e+07 8.5229e+07
1127 5.51756e+07 5.51756e+07 5.51756e+07 5.51756e+07
1505 4.09281e+07 4.09281e+07 4.09281e+07 4.09281e+07
1748 3.97129e+07 3.97129e+07 3.97129e+07 3.97129e+07
1798 3.78777e+07 3.78777e+07 3.78777e+07 3.78777e+07
1831 3.65941e+07 3.65941e+07 3.65941e+07 3.65941e+07
2050 9.10485e+07 3.65941e+07 9.10485e+07 3.65941e+07
"function evaluation" "current f(x)" "best-so-far f(x)" "current af(x)+b"  "best af(x)+b"
1 8.22775e+08 8.22775e+08 8.22775e+08 8.22775e+08
4 2.90635e+08 2.90635e+08 2.90635e+08 2.90635e+08
11 2.59519e+08 2.59519e+08 2.59519e+08 2.59519e+08
29 2.39964e+08 2.39964e+08 2.39964e+08 2.39964e+08
32 1.85178e+08 1.85178e+08 1.85178e+08 1.85178e+08
111 1.1417e+08 1.1417e+08 1.1417e+08 1.1417e+08
230 9.57385e+07 9.57385e+07 9.57384e+07 9.57384e+07
545 7.84983e+07 7.84983e+07 7.84982e+07 7.84982e+07
597 7.6362e+07 7.6362e+07 7.63619e+07 7.63619e+07
995 6.28541e+07 6.28541e+07 6.2854e+07 6.2854e+07
1063 5.1376e+07 5.1376e+07 5.13759e+07 5.13759e+07
1088 5.09084e+07 5.09084e+07 5.09083e+07 5.09083e+07
1705 4.87016e+07 4.87016e+07 4.87015e+07 4.87015e+07
1750 4.15641e+07 4.15641e+07 4.1564e+07 4.1564e+07
1784 3.54383e+07 3.54383e+07 3.54382e+07 3.54382e+07
1937 2.40994e+07 2.40994e+07 2.40993e+07 2.40993e+07
2050 1.78693e+08 2.40994e+07 1.78693e+08 2.40993e+07
