"function evaluation" "current f(x)" "best-so-far f(x)" "current af(x)+b"  "best af(x)+b"
1 191.73 191.73 139.38 139.38
2 3.93491 3.93491 -48.4151 -48.4151
4 1.51969 1.51969 -50.8303 -50.8303
21 0.892661 0.892661 -51.4573 -51.4573
106 0.548698 0.548698 -51.8013 -51.8013
146 0.421091 0.421091 -51.9289 -51.9289
711 0.042209 0.042209 -52.3078 -52.3078
2047 0.0216968 0.0216968 -52.3283 -52.3283
2116 0.00643883 0.00643883 -52.3436 -52.3436
2718 0.00555728 0.00555728 -52.3444 -52.3444
3901 0.005015 0.005015 -52.345 -52.345
3921 0.00406594 0.00406594 -52.3459 -52.3459
4104 0.00400186 0.00400186 -52.346 -52.346
4116 0.00128586 0.00128586 -52.3487 -52.3487
9043 0.00119668 0.00119668 -52.3488 -52.3488
11720 0.000981129 0.000981129 -52.349 -52.349
20050 4.60456 0.000981129 -47.7454 -52.349
"function evaluation" "current f(x)" "best-so-far f(x)" "current af(x)+b"  "best af(x)+b"
1 18.4539 18.4539 -161.086 -161.086
2 4.49024 4.49024 -175.05 -175.05
4 1.18449 1.18449 -178.356 -178.356
49 1.10337 1.10337 -178.437 -178.437
305 0.507343 0.507343 -179.033 -179.033
306 0.275278 0.275278 -179.265 -179.265
342 0.180759 0.180759 -179.359 -179.359
649 0.175333 0.175333 -179.365 -179.365
713 0.152205 0.152205 -179.388 -179.388
825 0.0354401 0.0354401 -179.505 -179.505
1011 0.010454 0.010454 -179.53 -179.53
1901 0.00911816 0.00911816 -179.531 -179.531
2513 0.00766552 0.00766552 -179.532 -179.532
2518 0.00319951 0.00319951 -179.537 -179.537
3504 0.00142405 0.00142405 -179.539 -179.539
3515 0.000730694 0.000730694 -179.539 -179.539
20050 3.33271 0.000730694 -176.207 -179.539
"function evaluation" "current f(x)" "best-so-far f(x)" "current af(x)+b"  "best af(x)+b"
1 56.0916 56.0916 133.402 133.402
4 0.692854 0.692854 78.0029 78.0029
8 0.513257 0.513257 77.8233 77.8233
31 0.343867 0.343867 77.6539 77.6539
301 0.303154 0.303154 77.6132 77.6132
345 0.156522 0.156522 77.4665 77.4665
801 0.0445335 0.0445335 77.3545 77.3545
829 0.0125442 0.0125442 77.3225 77.3225
4604 0.00894413 0.00894413 77.3189 77.3189
5201 0.00546275 0.00546275 77.3155 77.3155
8645 0.00255983 0.00255983 77.3126 77.3126
9616 0.00162881 0.00162881 77.3116 77.3116
20050 676.659 0.00162881 753.969 77.3116
"function evaluation" "current f(x)" "best-so-far f(x)" "current af(x)+b"  "best af(x)+b"
1 288.083 288.083 328.003 328.003
2 2.84012 2.84012 42.7601 42.7601
7 2.24133 2.24133 42.1613 42.1613
19 2.20798 2.20798 42.128 42.128
45 1.44283 1.44283 41.3628 41.3628
47 0.883134 0.883134 40.8031 40.8031
101 0.566069 0.566069 40.4861 40.4861
1908 0.391767 0.391767 40.3118 40.3118
1909 0.107328 0.107328 40.0273 40.0273
2217 0.0113192 0.0113192 39.9313 39.9313
4807 0.00302399 0.00302399 39.923 39.923
5412 0.000946786 0.000946786 39.9209 39.9209
20050 7.28029 0.000946786 47.2003 39.9209
"function evaluation" "current f(x)" "best-so-far f(x)" "current af(x)+b"  "best af(x)+b"
1 2.89453 2.89453 -53.7155 -53.7155
4 1.506 1.506 -55.104 -55.104
12 0.917587 0.917587 -55.6924 -55.6924
245 0.481446 0.481446 -56.1286 -56.1286
501 0.437328 0.437328 -56.1727 -56.1727
502 0.329259 0.329259 -56.2807 -56.2807
537 0.0300863 0.0300863 -56.5799 -56.5799
2407 0.00600285 0.00600285 -56.604 -56.604
2823 0.00582848 0.00582848 -56.6042 -56.6042
10509 0.0016838 0.0016838 -56.6083 -56.6083
10542 0.0012159 0.0012159 -56.6088 -56.6088
20050 1465.43 0.0012159 1408.82 -56.6088
"function evaluation" "current f(x)" "best-so-far f(x)" "current af(x)+b"  "best af(x)+b"
1 46.7212 46.7212 98.0612 98.0612
8 2.22377 2.22377 53.5638 53.5638
11 1.21964 1.21964 52.5596 52.5596
15 0.383993 0.383993 51.724 51.724
616 0.325098 0.325098 51.6651 51.6651
625 0.140913 0.140913 51.4809 51.4809
1132 0.0595614 0.0595614 51.3996 51.3996
1332 0.00449072 0.00449072 51.3445 51.3445
6114 0.00346671 0.00346671 51.3435 51.3435
6143 0.00345497 0.00345497 51.3435 51.3435
6239 0.0029331 0.0029331 51.3429 51.3429
16122 0.0018434 0.0018434 51.3418 51.3418
16134 0.00170632 0.00170632 51.3417 51.3417
17203 0.000966093 0.000966093 51.341 51.341
17209 0.00067221 0.00067221 51.3407 51.3407
17233 0.000337093 0.000337093 51.3403 51.3403
20050 0.0555596 0.000337093 51.3956 51.3403
"function evaluation" "current f(x)" "best-so-far f(x)" "current af(x)+b"  "best af(x)+b"
1 213.179 213.179 88.779 88.779
2 5.61493 5.61493 -118.785 -118.785
7 0.538997 0.538997 -123.861 -123.861
49 0.419564 0.419564 -123.98 -123.98
235 0.00749421 0.00749421 -124.393 -124.393
442 0.00240516 0.00240516 -124.398 -124.398
20050 0.731379 0.00240516 -123.669 -124.398
"function evaluation" "current f(x)" "best-so-far f(x)" "current af(x)+b"  "best af(x)+b"
1 107.986 107.986 108.586 108.586
4 5.34872 5.34872 5.94872 5.94872
7 2.40402 2.40402 3.00402 3.00402
14 1.20461 1.20461 1.80461 1.80461
109 0.324417 0.324417 0.924417 0.924417
425 0.0562567 0.0562567 0.656257 0.656257
519 0.0440866 0.0440866 0.644087 0.644087
1246 0.0402603 0.0402603 0.64026 0.64026
1708 0.00694668 0.00694668 0.606947 0.606947
2003 0.00481165 0.00481165 0.604812 0.604812
3342 0.00211629 0.00211629 0.602116 0.602116
20050 69.5175 0.00211629 70.1175 0.602116
"function evaluation" "current f(x)" "best-so-far f(x)" "current af(x)+b"  "best af(x)+b"
1 90.967 90.967 50.257 50.257
2 0.23503 0.23503 -40.475 -40.475
15 0.160289 0.160289 -40.5497 -40.5497
308 0.0121912 0.0121912 -40.6978 -40.6978
2547 0.00340948 0.00340948 -40.7066 -40.7066
5747 0.0028757 0.0028757 -40.7071 -40.7071
13306 0.00277652 0.00277652 -40.7072 -40.7072
13325 0.00118057 0.00118057 -40.7088 -40.7088
13348 0.000808622 0.000808622 -40.7092 -40.7092
20050 7.27287 0.000808622 -33.4371 -40.7092
"function evaluation" "current f(x)" "best-so-far f(x)" "current af(x)+b"  "best af(x)+b"
1 259.444 259.444 1073.76 1073.76
2 0.5781 0.5781 814.898 814.898
16 0.164566 0.164566 814.485 814.485
2115 0.0250838 0.0250838 814.345 814.345
2326 0.0200851 0.0200851 814.34 814.34
2339 0.011223 0.011223 814.331 814.331
2348 0.00544294 0.00544294 814.325 814.325
2912 0.00247396 0.00247396 814.322 814.322
11411 0.00110978 0.00110978 814.321 814.321
20050 15.4197 0.00110978 829.74 814.321
"function evaluation" "current f(x)" "best-so-far f(x)" "current af(x)+b"  "best af(x)+b"
1 2.78249 2.78249 -59.2675 -59.2675
3 2.42928 2.42928 -59.6207 -59.6207
5 0.539454 0.539454 -61.5105 -61.5105
46 0.264335 0.264335 -61.7857 -61.7857
319 0.00664508 0.00664508 -62.0434 -62.0434
1402 0.00545975 0.00545975 -62.0445 -62.0445
1447 0.00538872 0.00538872 -62.0446 -62.0446
14905 0.00439268 0.00439268 -62.0456 -62.0456
14918 0.0029979 0.0029979 -62.047 -62.047
14939 0.000435583 0.000435583 -62.0496 -62.0496
20050 0.360555 0.000435583 -61.6894 -62.0496
"function evaluation" "current f(x)" "best-so-far f(x)" "current af(x)+b"  "best af(x)+b"
1 51.433 51.433 8.15297 8.15297
2 0.904228 0.904228 -42.3758 -42.3758
36 0.0998571 0.0998571 -43.1801 -43.1801
405 0.0308074 0.0308074 -43.2492 -43.2492
1214 0.0107225 0.0107225 -43.2693 -43.2693
2144 0.00927611 0.00927611 -43.2707 -43.2707
10127 0.00590855 0.00590855 -43.2741 -43.2741
10139 0.00235461 0.00235461 -43.2776 -43.2776
10842 0.000656 0.000656 -43.2793 -43.2793
13426 0.000215141 0.000215141 -43.2798 -43.2798
20050 66.0334 0.000215141 22.7534 -43.2798
"function evaluation" "current f(x)" "best-so-far f(x)" "current af(x)+b"  "best af(x)+b"
1 67.8789 67.8789 28.7189 28.7189
2 25.5089 25.5089 -13.6511 -13.6511
3 0.0819497 0.0819497 -39.0781 -39.0781
2015 0.0490578 0.0490578 -39.1109 -39.1109
2144 0.0149235 0.0149235 -39.1451 -39.1451
3544 0.0032471 0.0032471 -39.1568 -39.1568
6905 0.0016368 0.0016368 -39.1584 -39.1584
18634 0.000385027 0.000385027 -39.1596 -39.1596
20050 1.40321 0.000385027 -37.7568 -39.1596
"function evaluation" "current f(x)" "best-so-far f(x)" "current af(x)+b"  "best af(x)+b"
1 7.7317 7.7317 -165.548 -165.548
4 1.54683 1.54683 -171.733 -171.733
5 0.94465 0.94465 -172.335 -172.335
21 0.299909 0.299909 -172.98 -172.98
217 0.112475 0.112475 -173.168 -173.168
1018 0.105147 0.105147 -173.175 -173.175
1022 0.0499283 0.0499283 -173.23 -173.23
1517 0.0391941 0.0391941 -173.241 -173.241
2609 0.0013543 0.0013543 -173.279 -173.279
15112 0.000353589 0.000353589 -173.28 -173.28
20050 3.54399 0.000353589 -169.736 -173.28
"function evaluation" "current f(x)" "best-so-far f(x)" "current af(x)+b"  "best af(x)+b"
1 27.8258 27.8258 17.6558 17.6558
6 21.5363 21.5363 11.3663 11.3663
7 2.77417 2.77417 -7.39583 -7.39583
10 0.709649 0.709649 -9.46035 -9.46035
33 0.281896 0.281896 -9.8881 -9.8881
304 0.0623419 0.0623419 -10.1077 -10.1077
603 0.0303837 0.0303837 -10.1396 -10.1396
635 0.0140428 0.0140428 -10.156 -10.156
2313 0.00358032 0.00358032 -10.1664 -10.1664
5924 0.00352731 0.00352731 -10.1665 -10.1665
5947 0.00288837 0.00288837 -10.1671 -10.1671
14206 0.001878 0.001878 -10.1681 -10.1681
14811 0.00149233 0.00149233 -10.1685 -10.1685
20050 2411.01 0.00149233 2400.84 -10.1685
"function evaluation" "current f(x)" "best-so-far f(x)" "current af(x)+b"  "best af(x)+b"
1 7.68308 7.68308 -12.8469 -12.8469
2 5.98408 5.98408 -14.5459 -14.5459
4 3.02615 3.02615 -17.5039 -17.5039
6 0.66558 0.66558 -19.8644 -19.8644
147 0.495992 0.495992 -20.034 -20.034
1119 0.394031 0.394031 -20.136 -20.136
1122 0.0418188 0.0418188 -20.4882 -20.4882
1724 0.0394318 0.0394318 -20.4906 -20.4906
1812 0.00275738 0.00275738 -20.5272 -20.5272
5219 0.00111473 0.00111473 -20.5289 -20.5289
11122 0.000577161 0.000577161 -20.5294 -20.5294
20050 750.537 0.000577161 730.007 -20.5294
"function evaluation" "current f(x)" "best-so-far f(x)" "current af(x)+b"  "best af(x)+b"
1 3.89549 3.89549 9.92549 9.92549
6 1.28928 1.28928 7.31928 7.31928
40 0.395041 0.395041 6.42504 6.42504
423 0.0999901 0.0999901 6.12999 6.12999
1149 0.0486826 0.0486826 6.07868 6.07868
1719 0.0454824 0.0454824 6.07548 6.07548
1825 0.0304754 0.0304754 6.06048 6.06048
1843 0.0199394 0.0199394 6.04994 6.04994
6146 0.0161737 0.0161737 6.04617 6.04617
6149 0.0126168 0.0126168 6.04262 6.04262
6701 0.00928034 0.00928034 6.03928 6.03928
9131 0.00497619 0.00497619 6.03498 6.03498
11714 0.00324052 0.00324052 6.03324 6.03324
11738 0.00134393 0.00134393 6.03134 6.03134
20050 11.3978 0.00134393 17.4278 6.03134
"function evaluation" "current f(x)" "best-so-far f(x)" "current af(x)+b"  "best af(x)+b"
1 11.9715 11.9715 414.682 414.682
6 2.6473 2.6473 405.357 405.357
8 2.23666 2.23666 404.947 404.947
10 1.29936 1.29936 404.009 404.009
42 0.163881 0.163881 402.874 402.874
47 0.0259123 0.0259123 402.736 402.736
1913 0.00550958 0.00550958 402.716 402.716
3527 0.00422863 0.00422863 402.714 402.714
7208 0.00107302 0.00107302 402.711 402.711
20050 82.7464 0.00107302 485.456 402.711
"function evaluation" "current f(x)" "best-so-far f(x)" "current af(x)+b"  "best af(x)+b"
1 29.4249 29.4249 61.2149 61.2149
6 5.90749 5.90749 37.6975 37.6975
7 2.55478 2.55478 34.3448 34.3448
9 1.15209 1.15209 32.9421 32.9421
36 0.659296 0.659296 32.4493 32.4493
405 0.316645 0.316645 32.1066 32.1066
408 0.0930457 0.0930457 31.883 31.883
1543 0.0141117 0.0141117 31.8041 31.8041
2047 0.00929532 0.00929532 31.7993 31.7993
2108 0.000938667 0.000938667 31.7909 31.7909
14532 0.000748637 0.000748637 31.7907 31.7907
20050 1.67073 0.000748637 33.4607 31.7907
"function evaluation" "current f(x)" "best-so-far f(x)" "current af(x)+b"  "best af(x)+b"
1 21.2934 21.2934 24.0534 24.0534
3 4.90142 4.90142 7.66142 7.66142
8 3.99958 3.99958 6.75958 6.75958
11 1.74553 1.74553 4.50553 4.50553
45 0.826316 0.826316 3.58632 3.58632
639 0.729505 0.729505 3.4895 3.4895
722 0.136286 0.136286 2.89629 2.89629
1130 0.0332892 0.0332892 2.79329 2.79329
1146 0.0111961 0.0111961 2.7712 2.7712
3513 0.0106575 0.0106575 2.77066 2.77066
3547 0.00694494 0.00694494 2.76694 2.76694
4144 0.00526024 0.00526024 2.76526 2.76526
14932 0.00453138 0.00453138 2.76453 2.76453
18526 0.00139327 0.00139327 2.76139 2.76139
20050 3.05562 0.00139327 5.81562 2.76139
"function evaluation" "current f(x)" "best-so-far f(x)" "current af(x)+b"  "best af(x)+b"
1 281.813 281.813 298.013 298.013
2 3.41039 3.41039 19.6104 19.6104
4 2.59866 2.59866 18.7987 18.7987
10 1.64895 1.64895 17.849 17.849
16 1.39271 1.39271 17.5927 17.5927
50 0.847871 0.847871 17.0479 17.0479
217 0.728645 0.728645 16.9286 16.9286
230 0.486884 0.486884 16.6869 16.6869
302 0.149738 0.149738 16.3497 16.3497
304 0.0406277 0.0406277 16.2406 16.2406
609 0.0165957 0.0165957 16.2166 16.2166
612 0.000878492 0.000878492 16.2009 16.2009
8944 0.000578611 0.000578611 16.2006 16.2006
20050 219376 0.000578611 219392 16.2006
"function evaluation" "current f(x)" "best-so-far f(x)" "current af(x)+b"  "best af(x)+b"
1 49.827 49.827 -3.44295 -3.44295
3 1.12704 1.12704 -52.143 -52.143
19 1.05112 1.05112 -52.2189 -52.2189
28 1.03275 1.03275 -52.2372 -52.2372
50 0.695297 0.695297 -52.5747 -52.5747
204 0.467506 0.467506 -52.8025 -52.8025
205 0.184311 0.184311 -53.0857 -53.0857
1134 0.0789474 0.0789474 -53.1911 -53.1911
1602 0.0701473 0.0701473 -53.1999 -53.1999
1605 0.0248449 0.0248449 -53.2452 -53.2452
1736 0.00761467 0.00761467 -53.2624 -53.2624
2942 0.00139985 0.00139985 -53.2686 -53.2686
17108 0.000129801 0.000129801 -53.2699 -53.2699
20050 1.23406 0.000129801 -52.0359 -53.2699
"function evaluation" "current f(x)" "best-so-far f(x)" "current af(x)+b"  "best af(x)+b"
1 8.12029 8.12029 -991.88 -991.88
4 1.99181 1.99181 -998.008 -998.008
36 0.661547 0.661547 -999.338 -999.338
136 0.408125 0.408125 -999.592 -999.592
639 0.257945 0.257945 -999.742 -999.742
1004 0.0368095 0.0368095 -999.963 -999.963
1724 0.0319562 0.0319562 -999.968 -999.968
2231 0.025022 0.025022 -999.975 -999.975
2917 0.017389 0.017389 -999.983 -999.983
3101 0.0140627 0.0140627 -999.986 -999.986
3303 0.0111839 0.0111839 -999.989 -999.989
3311 0.0094789 0.0094789 -999.991 -999.991
6108 0.00585634 0.00585634 -999.994 -999.994
8624 0.00521163 0.00521163 -999.995 -999.995
9250 0.00379825 0.00379825 -999.996 -999.996
12305 0.00351522 0.00351522 -999.996 -999.996
12324 0.00128411 0.00128411 -999.999 -999.999
20050 0.234543 0.00128411 -999.765 -999.999
"function evaluation" "current f(x)" "best-so-far f(x)" "current af(x)+b"  "best af(x)+b"
1 59.6963 59.6963 719.726 719.726
2 24.3208 24.3208 684.351 684.351
5 3.0276 3.0276 663.058 663.058
11 1.38556 1.38556 661.416 661.416
33 0.512835 0.512835 660.543 660.543
35 0.12834 0.12834 660.158 660.158
417 0.0192316 0.0192316 660.049 660.049
2506 0.0060939 0.0060939 660.036 660.036
2839 0.00162703 0.00162703 660.032 660.032
20050 0.922309 0.00162703 660.952 660.032
"function evaluation" "current f(x)" "best-so-far f(x)" "current af(x)+b"  "best af(x)+b"
1 69.2496 69.2496 38.9296 38.9296
3 65.3392 65.3392 35.0192 35.0192
4 5.4786 5.4786 -24.8414 -24.8414
5 1.59486 1.59486 -28.7251 -28.7251
19 0.0300832 0.0300832 -30.2899 -30.2899
1747 0.00244165 0.00244165 -30.3176 -30.3176
4109 4.72503e-05 4.72503e-05 -30.32 -30.32
20050 36.363 4.72503e-05 6.04304 -30.32
