"function evaluation" "current f(x)" "best-so-far f(x)" "current af(x)+b"  "best af(x)+b"
1 100.733 100.733 48.3825 48.3825
7 76.5183 76.5183 24.1683 24.1683
16 61.6045 61.6045 9.25446 9.25446
19 39.3993 39.3993 -12.9507 -12.9507
34 38.2865 38.2865 -14.0635 -14.0635
233 31.3175 31.3175 -21.0325 -21.0325
521 30.9451 30.9451 -21.4049 -21.4049
543 25.6763 25.6763 -26.6737 -26.6737
1316 23.1078 23.1078 -29.2422 -29.2422
1340 21.5105 21.5105 -30.8395 -30.8395
4540 21.0338 21.0338 -31.3162 -31.3162
4543 21.0237 21.0237 -31.3263 -31.3263
5001 20.5212 20.5212 -31.8288 -31.8288
5014 18.1306 18.1306 -34.2194 -34.2194
5043 15.7037 15.7037 -36.6463 -36.6463
6124 14.5601 14.5601 -37.7899 -37.7899
7806 13.7316 13.7316 -38.6184 -38.6184
7821 12.8366 12.8366 -39.5134 -39.5134
11121 12.5044 12.5044 -39.8456 -39.8456
11129 11.0093 11.0093 -41.3407 -41.3407
16313 8.46448 8.46448 -43.8855 -43.8855
23730 8.41717 8.41717 -43.9328 -43.9328
27224 8.13183 8.13183 -44.2182 -44.2182
27514 7.05017 7.05017 -45.2998 -45.2998
36731 6.97299 6.97299 -45.377 -45.377
41001 6.52864 6.52864 -45.8214 -45.8214
41016 5.1745 5.1745 -47.1755 -47.1755
56213 5.1485 5.1485 -47.2015 -47.2015
66538 4.98952 4.98952 -47.3605 -47.3605
67832 4.97381 4.97381 -47.3762 -47.3762
71017 4.39676 4.39676 -47.9532 -47.9532
72634 4.24895 4.24895 -48.101 -48.101
85535 2.84125 2.84125 -49.5088 -49.5088
144406 2.75408 2.75408 -49.5959 -49.5959
144429 2.38273 2.38273 -49.9673 -49.9673
180306 1.7201 1.7201 -50.6299 -50.6299
200050 111.641 1.7201 59.2911 -50.6299
"function evaluation" "current f(x)" "best-so-far f(x)" "current af(x)+b"  "best af(x)+b"
1 64.3175 64.3175 -115.222 -115.222
5 49.0545 49.0545 -130.485 -130.485
1333 47.6979 47.6979 -131.842 -131.842
1503 39.3929 39.3929 -140.147 -140.147
2127 33.3751 33.3751 -146.165 -146.165
2505 30.2373 30.2373 -149.303 -149.303
2523 26.7738 26.7738 -152.766 -152.766
2525 23.011 23.011 -156.529 -156.529
3908 12.2669 12.2669 -167.273 -167.273
9101 11.9142 11.9142 -167.626 -167.626
9102 10.6153 10.6153 -168.925 -168.925
9112 10.2552 10.2552 -169.285 -169.285
9124 9.91475 9.91475 -169.625 -169.625
9136 8.50693 8.50693 -171.033 -171.033
9508 8.14856 8.14856 -171.391 -171.391
14239 6.9126 6.9126 -172.627 -172.627
15331 6.81782 6.81782 -172.722 -172.722
25521 6.62836 6.62836 -172.912 -172.912
25528 6.53666 6.53666 -173.003 -173.003
28708 6.12276 6.12276 -173.417 -173.417
29246 5.45212 5.45212 -174.088 -174.088
44011 4.28358 4.28358 -175.256 -175.256
56302 3.37695 3.37695 -176.163 -176.163
65638 2.99248 2.99248 -176.548 -176.548
117609 2.87812 2.87812 -176.662 -176.662
136036 2.56737 2.56737 -176.973 -176.973
153343 2.19299 2.19299 -177.347 -177.347
166318 1.97873 1.97873 -177.561 -177.561
166336 1.88859 1.88859 -177.651 -177.651
200050 97.558 1.88859 -81.982 -177.651
"function evaluation" "current f(x)" "best-so-far f(x)" "current af(x)+b"  "best af(x)+b"
1 120.135 120.135 197.445 197.445
3 66.0206 66.0206 143.331 143.331
13 51.9644 51.9644 129.274 129.274
17 50.9774 50.9774 128.287 128.287
534 39.8129 39.8129 117.123 117.123
603 35.4821 35.4821 112.792 112.792
607 33.8109 33.8109 111.121 111.121
611 33.3013 33.3013 110.611 110.611
632 30.5056 30.5056 107.816 107.816
1101 22.5992 22.5992 99.9092 99.9092
2241 20.5013 20.5013 97.8113 97.8113
2346 16.4387 16.4387 93.7487 93.7487
4318 15.483 15.483 92.793 92.793
5107 13.7756 13.7756 91.0856 91.0856
5830 12.8692 12.8692 90.1792 90.1792
7219 12.1947 12.1947 89.5047 89.5047
7346 11.9229 11.9229 89.2329 89.2329
7428 10.9973 10.9973 88.3073 88.3073
7431 9.93841 9.93841 87.2484 87.2484
7726 9.42152 9.42152 86.7315 86.7315
7746 9.18878 9.18878 86.4988 86.4988
11504 9.0563 9.0563 86.3663 86.3663
11542 8.17267 8.17267 85.4827 85.4827
15609 8.05081 8.05081 85.3608 85.3608
16426 7.63191 7.63191 84.9419 84.9419
16912 5.75353 5.75353 83.0635 83.0635
20745 5.10449 5.10449 82.4145 82.4145
25116 4.61015 4.61015 81.9201 81.9201
42405 4.37906 4.37906 81.6891 81.6891
62918 4.20922 4.20922 81.5192 81.5192
62939 3.78319 3.78319 81.0932 81.0932
69502 2.44199 2.44199 79.752 79.752
148112 2.2648 2.2648 79.5748 79.5748
175107 2.18984 2.18984 79.4998 79.4998
200050 103.524 2.18984 180.834 79.4998
"function evaluation" "current f(x)" "best-so-far f(x)" "current af(x)+b"  "best af(x)+b"
1 107.058 107.058 146.978 146.978
7 40.9605 40.9605 80.8805 80.8805
31 34.2609 34.2609 74.1809 74.1809
609 27.7154 27.7154 67.6354 67.6354
632 23.3703 23.3703 63.2903 63.2903
837 17.555 17.555 57.475 57.475
1313 14.672 14.672 54.592 54.592
1341 13.9297 13.9297 53.8497 53.8497
2406 11.4731 11.4731 51.3931 51.3931
2421 6.87505 6.87505 46.7951 46.7951
6019 5.83333 5.83333 45.7533 45.7533
9523 5.57405 5.57405 45.4941 45.4941
11322 5.25029 5.25029 45.1703 45.1703
12803 4.75037 4.75037 44.6704 44.6704
12812 4.72045 4.72045 44.6405 44.6405
12821 4.07693 4.07693 43.9969 43.9969
66019 4.03128 4.03128 43.9513 43.9513
79536 3.17299 3.17299 43.093 43.093
119423 3.04704 3.04704 42.967 42.967
119430 2.56202 2.56202 42.482 42.482
119447 2.15789 2.15789 42.0779 42.0779
200050 79.543 2.15789 119.463 42.0779
"function evaluation" "current f(x)" "best-so-far f(x)" "current af(x)+b"  "best af(x)+b"
1 100.801 100.801 44.1908 44.1908
3 90.1402 90.1402 33.5302 33.5302
12 40.1204 40.1204 -16.4896 -16.4896
39 18.2457 18.2457 -38.3643 -38.3643
1532 17.4424 17.4424 -39.1676 -39.1676
2801 17.3434 17.3434 -39.2666 -39.2666
3501 15.2519 15.2519 -41.3581 -41.3581
3707 12.673 12.673 -43.937 -43.937
8819 11.0638 11.0638 -45.5462 -45.5462
11008 10.9229 10.9229 -45.6871 -45.6871
14739 10.1897 10.1897 -46.4203 -46.4203
15420 9.37787 9.37787 -47.2321 -47.2321
28929 8.73095 8.73095 -47.879 -47.879
29404 8.44667 8.44667 -48.1633 -48.1633
38212 7.94088 7.94088 -48.6691 -48.6691
48812 6.91693 6.91693 -49.6931 -49.6931
50049 6.5667 6.5667 -50.0433 -50.0433
64946 5.89445 5.89445 -50.7155 -50.7155
88519 5.34626 5.34626 -51.2637 -51.2637
88524 5.21452 5.21452 -51.3955 -51.3955
99939 5.13652 5.13652 -51.4735 -51.4735
101415 4.9383 4.9383 -51.6717 -51.6717
112247 4.57747 4.57747 -52.0325 -52.0325
152018 3.26333 3.26333 -53.3467 -53.3467
155507 3.15557 3.15557 -53.4544 -53.4544
167320 2.41523 2.41523 -54.1948 -54.1948
188904 2.3289 2.3289 -54.2811 -54.2811
200050 321.751 2.3289 265.141 -54.2811
"function evaluation" "current f(x)" "best-so-far f(x)" "current af(x)+b"  "best af(x)+b"
1 75.4573 75.4573 126.797 126.797
16 74.8059 74.8059 126.146 126.146
32 59.2486 59.2486 110.589 110.589
334 24.2047 24.2047 75.5447 75.5447
3834 23.6625 23.6625 75.0025 75.0025
4128 22.7974 22.7974 74.1374 74.1374
4135 22.5633 22.5633 73.9033 73.9033
4311 20.7057 20.7057 72.0457 72.0457
5004 19.6928 19.6928 71.0328 71.0328
5737 16.7495 16.7495 68.0895 68.0895
5805 16.1267 16.1267 67.4667 67.4667
5902 15.0261 15.0261 66.3661 66.3661
5926 14.9109 14.9109 66.2509 66.2509
11609 11.4968 11.4968 62.8368 62.8368
18915 10.9048 10.9048 62.2448 62.2448
19229 10.7024 10.7024 62.0424 62.0424
20908 10.6588 10.6588 61.9988 61.9988
23316 7.07839 7.07839 58.4184 58.4184
45205 6.51626 6.51626 57.8563 57.8563
49703 6.01221 6.01221 57.3522 57.3522
49714 5.88246 5.88246 57.2225 57.2225
49716 5.00842 5.00842 56.3484 56.3484
49719 4.83549 4.83549 56.1755 56.1755
49728 4.62446 4.62446 55.9645 55.9645
49741 4.47328 4.47328 55.8133 55.8133
80221 4.34352 4.34352 55.6835 55.6835
83808 4.26245 4.26245 55.6024 55.6024
83829 4.05314 4.05314 55.3931 55.3931
84803 3.97094 3.97094 55.3109 55.3109
105614 3.85475 3.85475 55.1947 55.1947
105628 3.76991 3.76991 55.1099 55.1099
118702 3.66402 3.66402 55.004 55.004
135818 3.54452 3.54452 54.8845 54.8845
149211 3.09882 3.09882 54.4388 54.4388
161506 2.22235 2.22235 53.5624 53.5624
161550 2.1139 2.1139 53.4539 53.4539
200050 203.074 2.1139 254.414 53.4539
"function evaluation" "current f(x)" "best-so-far f(x)" "current af(x)+b"  "best af(x)+b"
1 293.785 293.785 169.385 169.385
2 206.596 206.596 82.1957 82.1957
3 125.684 125.684 1.28365 1.28365
10 53.5264 53.5264 -70.8736 -70.8736
28 38.8989 38.8989 -85.5011 -85.5011
633 36.4554 36.4554 -87.9446 -87.9446
2523 35.9333 35.9333 -88.4667 -88.4667
2530 34.3837 34.3837 -90.0163 -90.0163
2604 30.1678 30.1678 -94.2322 -94.2322
2915 28.8072 28.8072 -95.5928 -95.5928
3509 28.1197 28.1197 -96.2803 -96.2803
3713 22.4498 22.4498 -101.95 -101.95
6419 22.3436 22.3436 -102.056 -102.056
6636 22.2817 22.2817 -102.118 -102.118
9606 21.7895 21.7895 -102.61 -102.61
9633 18.4834 18.4834 -105.917 -105.917
10416 12.8885 12.8885 -111.511 -111.511
12804 8.58544 8.58544 -115.815 -115.815
23123 8.48842 8.48842 -115.912 -115.912
24823 7.93728 7.93728 -116.463 -116.463
24832 7.47766 7.47766 -116.922 -116.922
24844 6.64675 6.64675 -117.753 -117.753
28315 6.44248 6.44248 -117.958 -117.958
30735 6.36915 6.36915 -118.031 -118.031
39841 5.1277 5.1277 -119.272 -119.272
59927 4.77133 4.77133 -119.629 -119.629
87217 4.66997 4.66997 -119.73 -119.73
97726 3.72457 3.72457 -120.675 -120.675
121814 3.44258 3.44258 -120.957 -120.957
125542 3.27666 3.27666 -121.123 -121.123
133404 2.49686 2.49686 -121.903 -121.903
186410 2.46962 2.46962 -121.93 -121.93
194610 2.18154 2.18154 -122.218 -122.218
200050 458.327 2.18154 333.927 -122.218
"function evaluation" "current f(x)" "best-so-far f(x)" "current af(x)+b"  "best af(x)+b"
1 72.1162 72.1162 72.7162 72.7162
19 66.5614 66.5614 67.1614 67.1614
26 65.4337 65.4337 66.0337 66.0337
29 52.7339 52.7339 53.3339 53.3339
111 51.6712 51.6712 52.2712 52.2712
132 48.266 48.266 48.866 48.866
247 45.8707 45.8707 46.4707 46.4707
908 39.8212 39.8212 40.4212 40.4212
1208 39.7079 39.7079 40.3079 40.3079
1215 39.1991 39.1991 39.7991 39.7991
1217 33.8299 33.8299 34.4299 34.4299
1229 29.5452 29.5452 30.1452 30.1452
1230 22.2927 22.2927 22.8927 22.8927
4802 17.959 17.959 18.559 18.559
7501 16.6129 16.6129 17.2129 17.2129
7503 16.1588 16.1588 16.7588 16.7588
7505 12.8114 12.8114 13.4114 13.4114
9550 12.5567 12.5567 13.1567 13.1567
10703 12.1915 12.1915 12.7915 12.7915
10715 11.1129 11.1129 11.7129 11.7129
11121 11.032 11.032 11.632 11.632
11146 11.0019 11.0019 11.6019 11.6019
15017 10.6672 10.6672 11.2672 11.2672
15242 10.1182 10.1182 10.7182 10.7182
19021 9.2795 9.2795 9.8795 9.8795
19610 9.10829 9.10829 9.70829 9.70829
19623 7.22505 7.22505 7.82505 7.82505
22012 6.64667 6.64667 7.24667 7.24667
25302 4.89258 4.89258 5.49258 5.49258
26631 4.86786 4.86786 5.46786 5.46786
46605 4.44998 4.44998 5.04998 5.04998
48348 4.00753 4.00753 4.60753 4.60753
107226 3.99059 3.99059 4.59059 4.59059
132904 3.69374 3.69374 4.29374 4.29374
132934 3.01494 3.01494 3.61494 3.61494
146401 2.75127 2.75127 3.35127 3.35127
200050 2468.13 2.75127 2468.73 3.35127
"function evaluation" "current f(x)" "best-so-far f(x)" "current af(x)+b"  "best af(x)+b"
1 276.343 276.343 235.633 235.633
3 207.08 207.08 166.37 166.37
4 150.064 150.064 109.354 109.354
5 122.046 122.046 81.3364 81.3364
6 112.385 112.385 71.6754 71.6754
7 80.2841 80.2841 39.5741 39.5741
23 46.7905 46.7905 6.08051 6.08051
1307 44.0738 44.0738 3.36379 3.36379
1429 28.55 28.55 -12.16 -12.16
3641 25.5913 25.5913 -15.1187 -15.1187
4305 25.224 25.224 -15.486 -15.486
4307 21.1516 21.1516 -19.5584 -19.5584
4321 18.405 18.405 -22.305 -22.305
4904 17.1006 17.1006 -23.6094 -23.6094
4940 17.0016 17.0016 -23.7084 -23.7084
6022 16.1385 16.1385 -24.5715 -24.5715
6025 13.0292 13.0292 -27.6808 -27.6808
8417 12.6311 12.6311 -28.0789 -28.0789
10213 12.0876 12.0876 -28.6224 -28.6224
10236 10.9717 10.9717 -29.7383 -29.7383
14224 8.88257 8.88257 -31.8274 -31.8274
21136 8.51753 8.51753 -32.1925 -32.1925
22719 8.24923 8.24923 -32.4608 -32.4608
25603 8.17902 8.17902 -32.531 -32.531
34926 6.74153 6.74153 -33.9685 -33.9685
46050 6.37029 6.37029 -34.3397 -34.3397
62006 6.16242 6.16242 -34.5476 -34.5476
66050 4.81628 4.81628 -35.8937 -35.8937
70029 4.67212 4.67212 -36.0379 -36.0379
87045 4.6092 4.6092 -36.1008 -36.1008
106002 4.54185 4.54185 -36.1681 -36.1681
125528 4.38887 4.38887 -36.3211 -36.3211
141541 4.28234 4.28234 -36.4277 -36.4277
155103 3.93243 3.93243 -36.7776 -36.7776
155126 3.1992 3.1992 -37.5108 -37.5108
158805 3.06341 3.06341 -37.6466 -37.6466
200050 5858.39 3.06341 5817.68 -37.6466
"function evaluation" "current f(x)" "best-so-far f(x)" "current af(x)+b"  "best af(x)+b"
1 74.6415 74.6415 888.961 888.961
28 61.7879 61.7879 876.108 876.108
29 57.3306 57.3306 871.651 871.651
335 36.9307 36.9307 851.251 851.251
2134 36.0474 36.0474 850.367 850.367
2203 35.4545 35.4545 849.774 849.774
2206 32.9043 32.9043 847.224 847.224
2209 24.9313 24.9313 839.251 839.251
2213 20.7161 20.7161 835.036 835.036
2250 18.8336 18.8336 833.154 833.154
7235 17.1345 17.1345 831.455 831.455
8225 15.2433 15.2433 829.563 829.563
9842 14.8891 14.8891 829.209 829.209
12711 12.9444 12.9444 827.264 827.264
15841 12.5352 12.5352 826.855 826.855
16926 11.3478 11.3478 825.668 825.668
16938 10.8808 10.8808 825.201 825.201
18815 7.72475 7.72475 822.045 822.045
19701 7.53159 7.53159 821.852 821.852
26414 7.35209 7.35209 821.672 821.672
26628 6.39369 6.39369 820.714 820.714
33505 4.97584 4.97584 819.296 819.296
42924 4.80448 4.80448 819.124 819.124
70308 4.61549 4.61549 818.935 818.935
88220 3.60928 3.60928 817.929 817.929
106320 3.51041 3.51041 817.83 817.83
128243 3.2868 3.2868 817.607 817.607
139322 2.78034 2.78034 817.1 817.1
146112 2.03582 2.03582 816.356 816.356
167912 1.90724 1.90724 816.227 816.227
200050 35.0008 1.90724 849.321 816.227
"function evaluation" "current f(x)" "best-so-far f(x)" "current af(x)+b"  "best af(x)+b"
1 301.201 301.201 239.151 239.151
2 165.152 165.152 103.102 103.102
6 60.1647 60.1647 -1.88533 -1.88533
304 39.0442 39.0442 -23.0058 -23.0058
423 34.6576 34.6576 -27.3924 -27.3924
527 24.7974 24.7974 -37.2526 -37.2526
2216 24.3877 24.3877 -37.6623 -37.6623
2237 24.0293 24.0293 -38.0207 -38.0207
2309 19.9553 19.9553 -42.0947 -42.0947
2946 18.271 18.271 -43.779 -43.779
4312 14.1579 14.1579 -47.8921 -47.8921
4313 12.99 12.99 -49.06 -49.06
4450 11.0721 11.0721 -50.9779 -50.9779
6902 10.8303 10.8303 -51.2197 -51.2197
9303 7.58228 7.58228 -54.4677 -54.4677
22210 5.1566 5.1566 -56.8934 -56.8934
40343 4.2422 4.2422 -57.8078 -57.8078
42503 4.17765 4.17765 -57.8724 -57.8724
55011 3.79203 3.79203 -58.258 -58.258
55012 3.15153 3.15153 -58.8985 -58.8985
80902 2.93358 2.93358 -59.1164 -59.1164
98216 2.64568 2.64568 -59.4043 -59.4043
129808 2.43298 2.43298 -59.617 -59.617
188618 2.20724 2.20724 -59.8428 -59.8428
200050 29.5323 2.20724 -32.5177 -59.8428
"function evaluation" "current f(x)" "best-so-far f(x)" "current af(x)+b"  "best af(x)+b"
1 238.027 238.027 194.747 194.747
3 75.1917 75.1917 31.9117 31.9117
11 43.3899 43.3899 0.109928 0.109928
39 38.6173 38.6173 -4.66267 -4.66267
620 37.5034 37.5034 -5.77656 -5.77656
627 29.8952 29.8952 -13.3848 -13.3848
1541 21.6896 21.6896 -21.5904 -21.5904
2138 14.9784 14.9784 -28.3016 -28.3016
3003 12.1843 12.1843 -31.0957 -31.0957
7931 11.709 11.709 -31.571 -31.571
8312 9.80435 9.80435 -33.4756 -33.4756
9001 8.54479 8.54479 -34.7352 -34.7352
9523 8.46639 8.46639 -34.8136 -34.8136
11038 7.23356 7.23356 -36.0464 -36.0464
28620 7.21013 7.21013 -36.0699 -36.0699
30714 6.86145 6.86145 -36.4185 -36.4185
30715 4.51471 4.51471 -38.7653 -38.7653
55144 4.04244 4.04244 -39.2376 -39.2376
90013 3.75939 3.75939 -39.5206 -39.5206
106112 3.72639 3.72639 -39.5536 -39.5536
120438 3.64858 3.64858 -39.6314 -39.6314
155102 3.50091 3.50091 -39.7791 -39.7791
165215 3.44327 3.44327 -39.8367 -39.8367
192815 3.34352 3.34352 -39.9365 -39.9365
200050 84.459 3.34352 41.179 -39.9365
"function evaluation" "current f(x)" "best-so-far f(x)" "current af(x)+b"  "best af(x)+b"
1 242.342 242.342 203.182 203.182
2 213.051 213.051 173.891 173.891
4 172.623 172.623 133.463 133.463
6 74.061 74.061 34.901 34.901
9 68.5164 68.5164 29.3564 29.3564
11 52.5939 52.5939 13.4339 13.4339
423 46.6466 46.6466 7.48662 7.48662
1103 40.2076 40.2076 1.04756 1.04756
1107 22.033 22.033 -17.127 -17.127
1524 21.4339 21.4339 -17.7261 -17.7261
1644 20.7428 20.7428 -18.4172 -18.4172
2204 19.1152 19.1152 -20.0448 -20.0448
2205 18.162 18.162 -20.998 -20.998
2214 16.9168 16.9168 -22.2432 -22.2432
2227 16.3871 16.3871 -22.7729 -22.7729
3008 14.588 14.588 -24.572 -24.572
8533 14.4163 14.4163 -24.7437 -24.7437
9139 12.0284 12.0284 -27.1316 -27.1316
12035 11.3784 11.3784 -27.7816 -27.7816
21443 9.54995 9.54995 -29.6101 -29.6101
24205 7.64065 7.64065 -31.5193 -31.5193
28113 7.14504 7.14504 -32.015 -32.015
31110 7.01675 7.01675 -32.1432 -32.1432
33427 7.01459 7.01459 -32.1454 -32.1454
33445 6.88171 6.88171 -32.2783 -32.2783
34812 6.81381 6.81381 -32.3462 -32.3462
38427 6.00732 6.00732 -33.1527 -33.1527
38446 5.80332 5.80332 -33.3567 -33.3567
39217 4.98249 4.98249 -34.1775 -34.1775
53420 4.70127 4.70127 -34.4587 -34.4587
71419 4.08933 4.08933 -35.0707 -35.0707
71431 3.48879 3.48879 -35.6712 -35.6712
84823 3.46251 3.46251 -35.6975 -35.6975
91338 2.87575 2.87575 -36.2843 -36.2843
149714 1.87344 1.87344 -37.2866 -37.2866
200050 61.9156 1.87344 22.7556 -37.2866
"function evaluation" "current f(x)" "best-so-far f(x)" "current af(x)+b"  "best af(x)+b"
1 107.405 107.405 -65.8751 -65.8751
2 95.4691 95.4691 -77.8109 -77.8109
7 93.2857 93.2857 -79.9943 -79.9943
10 77.5924 77.5924 -95.6876 -95.6876
11 66.6165 66.6165 -106.663 -106.663
47 57.8645 57.8645 -115.416 -115.416
49 50.3629 50.3629 -122.917 -122.917
311 38.4605 38.4605 -134.82 -134.82
524 38.0526 38.0526 -135.227 -135.227
531 37.9291 37.9291 -135.351 -135.351
948 31.26 31.26 -142.02 -142.02
1016 19.6618 19.6618 -153.618 -153.618
2527 18.2014 18.2014 -155.079 -155.079
2548 16.898 16.898 -156.382 -156.382
7304 15.1522 15.1522 -158.128 -158.128
7305 14.8539 14.8539 -158.426 -158.426
7308 10.7229 10.7229 -162.557 -162.557
8339 10.5141 10.5141 -162.766 -162.766
10117 10.4605 10.4605 -162.82 -162.82
12533 7.62005 7.62005 -165.66 -165.66
22902 6.90535 6.90535 -166.375 -166.375
27708 6.01788 6.01788 -167.262 -167.262
31107 4.21124 4.21124 -169.069 -169.069
40604 4.15314 4.15314 -169.127 -169.127
40615 2.98147 2.98147 -170.299 -170.299
73218 2.80997 2.80997 -170.47 -170.47
73239 2.55897 2.55897 -170.721 -170.721
161140 2.3498 2.3498 -170.93 -170.93
166046 1.57982 1.57982 -171.7 -171.7
200050 1503.04 1.57982 1329.76 -171.7
"function evaluation" "current f(x)" "best-so-far f(x)" "current af(x)+b"  "best af(x)+b"
1 168.841 168.841 158.671 158.671
2 120.391 120.391 110.221 110.221
7 99.0323 99.0323 88.8623 88.8623
9 87.2825 87.2825 77.1125 77.1125
10 72.6672 72.6672 62.4972 62.4972
31 67.2618 67.2618 57.0918 57.0918
41 57.1974 57.1974 47.0274 47.0274
507 53.7071 53.7071 43.5371 43.5371
711 35.1368 35.1368 24.9668 24.9668
922 32.3339 32.3339 22.1639 22.1639
1350 31.5007 31.5007 21.3307 21.3307
1525 27.3443 27.3443 17.1743 17.1743
2802 25.4771 25.4771 15.3071 15.3071
3210 22.4777 22.4777 12.3077 12.3077
3403 21.1505 21.1505 10.9805 10.9805
5012 21.0455 21.0455 10.8755 10.8755
7935 20.5686 20.5686 10.3986 10.3986
7939 19.845 19.845 9.67503 9.67503
8122 17.7854 17.7854 7.61545 7.61545
15124 17.2368 17.2368 7.06677 7.06677
16410 17.1074 17.1074 6.93735 6.93735
16424 15.7591 15.7591 5.58908 5.58908
16947 15.3663 15.3663 5.19631 5.19631
21806 14.5135 14.5135 4.34352 4.34352
24337 14.1337 14.1337 3.96368 3.96368
26841 13.9325 13.9325 3.76246 3.76246
28238 13.3406 13.3406 3.17064 3.17064
30012 11.7204 11.7204 1.55038 1.55038
32038 10.791 10.791 0.620981 0.620981
35414 10.62 10.62 0.450034 0.450034
35432 10.4081 10.4081 0.238134 0.238134
38813 9.86459 9.86459 -0.305414 -0.305414
43918 9.4277 9.4277 -0.7423 -0.7423
51712 7.79484 7.79484 -2.37516 -2.37516
53221 7.69064 7.69064 -2.47936 -2.47936
65145 7.50146 7.50146 -2.66854 -2.66854
65612 7.17413 7.17413 -2.99587 -2.99587
71515 6.89858 6.89858 -3.27142 -3.27142
75808 6.67421 6.67421 -3.49579 -3.49579
75923 6.572 6.572 -3.598 -3.598
81518 5.93265 5.93265 -4.23735 -4.23735
89713 5.84777 5.84777 -4.32223 -4.32223
94410 4.62682 4.62682 -5.54318 -5.54318
130211 3.95667 3.95667 -6.21333 -6.21333
160920 3.72329 3.72329 -6.44671 -6.44671
167610 3.67179 3.67179 -6.49821 -6.49821
167625 2.89324 2.89324 -7.27676 -7.27676
182423 2.7673 2.7673 -7.4027 -7.4027
200050 20.9769 2.7673 10.8069 -7.4027
"function evaluation" "current f(x)" "best-so-far f(x)" "current af(x)+b"  "best af(x)+b"
1 92.6734 92.6734 72.1434 72.1434
3 87.0341 87.0341 66.5041 66.5041
6 67.7479 67.7479 47.2179 47.2179
8 42.9415 42.9415 22.4115 22.4115
604 42.3815 42.3815 21.8515 21.8515
622 42.3247 42.3247 21.7947 21.7947
626 27.3633 27.3633 6.83334 6.83334
1802 26.192 26.192 5.662 5.662
1825 23.4549 23.4549 2.92492 2.92492
1833 22.2455 22.2455 1.71553 1.71553
2846 22.1755 22.1755 1.64555 1.64555
3334 21.1352 21.1352 0.605204 0.605204
3338 20.4515 20.4515 -0.0784792 -0.0784792
4312 16.4603 16.4603 -4.06966 -4.06966
4331 10.8079 10.8079 -9.72214 -9.72214
10109 10.5471 10.5471 -9.98288 -9.98288
10112 10.0636 10.0636 -10.4664 -10.4664
10128 7.18595 7.18595 -13.344 -13.344
23107 4.5885 4.5885 -15.9415 -15.9415
23436 4.3136 4.3136 -16.2164 -16.2164
46811 3.17324 3.17324 -17.3568 -17.3568
54837 2.92082 2.92082 -17.6092 -17.6092
55217 2.77953 2.77953 -17.7505 -17.7505
55218 2.7228 2.7228 -17.8072 -17.8072
58406 2.40871 2.40871 -18.1213 -18.1213
166816 2.17227 2.17227 -18.3577 -18.3577
198845 1.33155 1.33155 -19.1984 -19.1984
200050 119.972 1.33155 99.4421 -19.1984
"function evaluation" "current f(x)" "best-so-far f(x)" "current af(x)+b"  "best af(x)+b"
1 386.656 386.656 392.686 392.686
2 316.21 316.21 322.24 322.24
4 42.0114 42.0114 48.0414 48.0414
404 37.6477 37.6477 43.6777 43.6777
820 32.7501 32.7501 38.7801 38.7801
1842 23.3416 23.3416 29.3716 29.3716
2408 21.1699 21.1699 27.1999 27.1999
4105 16.9235 16.9235 22.9535 22.9535
4743 15.6353 15.6353 21.6653 21.6653
4915 14.3647 14.3647 20.3947 20.3947
5322 12.4627 12.4627 18.4927 18.4927
8138 12.0613 12.0613 18.0913 18.0913
8317 10.0805 10.0805 16.1105 16.1105
10505 9.20932 9.20932 15.2393 15.2393
10518 6.90872 6.90872 12.9387 12.9387
23847 5.42628 5.42628 11.4563 11.4563
34907 5.3689 5.3689 11.3989 11.3989
42043 4.7343 4.7343 10.7643 10.7643
47624 4.45945 4.45945 10.4894 10.4894
62411 4.29413 4.29413 10.3241 10.3241
69820 2.61166 2.61166 8.64166 8.64166
171616 1.72929 1.72929 7.75929 7.75929
200050 88.7278 1.72929 94.7578 7.75929
"function evaluation" "current f(x)" "best-so-far f(x)" "current af(x)+b"  "best af(x)+b"
1 80.3222 80.3222 483.032 483.032
5 65.3208 65.3208 468.031 468.031
10 63.4547 63.4547 466.165 466.165
22 61.3699 61.3699 464.08 464.08
39 45.2742 45.2742 447.984 447.984
534 38.3943 38.3943 441.104 441.104
535 37.3607 37.3607 440.071 440.071
1330 34.9268 34.9268 437.637 437.637
2240 33.1283 33.1283 435.838 435.838
2242 31.8886 31.8886 434.599 434.599
2537 29.5801 29.5801 432.29 432.29
3328 29.4461 29.4461 432.156 432.156
4919 28.5254 28.5254 431.235 431.235
5411 27.6593 27.6593 430.369 430.369
5809 25.1498 25.1498 427.86 427.86
5826 21.4208 21.4208 424.131 424.131
6221 20.5971 20.5971 423.307 423.307
7411 20.2043 20.2043 422.914 422.914
7418 20.138 20.138 422.848 422.848
7432 19.6801 19.6801 422.39 422.39
7436 19.6437 19.6437 422.354 422.354
8008 18.8629 18.8629 421.573 421.573
8017 17.4161 17.4161 420.126 420.126
9005 16.923 16.923 419.633 419.633
9121 16.6325 16.6325 419.342 419.342
9930 16.4821 16.4821 419.192 419.192
11821 15.0128 15.0128 417.723 417.723
15049 14.9424 14.9424 417.652 417.652
17001 14.9342 14.9342 417.644 417.644
17203 14.4935 14.4935 417.203 417.203
17215 13.8405 13.8405 416.551 416.551
17246 11.8876 11.8876 414.598 414.598
22909 11.6199 11.6199 414.33 414.33
23433 10.8902 10.8902 413.6 413.6
24337 10.2536 10.2536 412.964 412.964
26310 9.27691 9.27691 411.987 411.987
34003 8.88839 8.88839 411.598 411.598
34034 7.53689 7.53689 410.247 410.247
36608 7.00884 7.00884 409.719 409.719
38828 6.98183 6.98183 409.692 409.692
51041 6.42441 6.42441 409.134 409.134
54949 6.20931 6.20931 408.919 408.919
77742 6.14296 6.14296 408.853 408.853
78010 5.13043 5.13043 407.84 407.84
79835 4.4485 4.4485 407.158 407.158
81308 4.4149 4.4149 407.125 407.125
83301 3.84608 3.84608 406.556 406.556
83309 3.41037 3.41037 406.12 406.12
91620 3.04557 3.04557 405.756 405.756
94510 2.88293 2.88293 405.593 405.593
169804 2.24462 2.24462 404.955 404.955
200050 1481.94 2.24462 1884.65 404.955
"function evaluation" "current f(x)" "best-so-far f(x)" "current af(x)+b"  "best af(x)+b"
1 424.15 424.15 455.94 455.94
2 113.296 113.296 145.086 145.086
9 82.1308 82.1308 113.921 113.921
49 38.4003 38.4003 70.1903 70.1903
105 35.0137 35.0137 66.8037 66.8037
411 33.5115 33.5115 65.3015 65.3015
850 27.5083 27.5083 59.2983 59.2983
1321 25.7504 25.7504 57.5404 57.5404
1508 23.7098 23.7098 55.4998 55.4998
1512 22.444 22.444 54.234 54.234
1543 21.8517 21.8517 53.6417 53.6417
2614 20.3945 20.3945 52.1845 52.1845
2648 17.9617 17.9617 49.7517 49.7517
2709 13.8776 13.8776 45.6676 45.6676
9704 13.8331 13.8331 45.6231 45.6231
14018 12.9324 12.9324 44.7224 44.7224
16902 11.0825 11.0825 42.8725 42.8725
16917 10.8744 10.8744 42.6644 42.6644
16923 9.2608 9.2608 41.0508 41.0508
16945 8.00766 8.00766 39.7977 39.7977
17020 7.3588 7.3588 39.1488 39.1488
17042 6.04726 6.04726 37.8373 37.8373
22041 5.59066 5.59066 37.3807 37.3807
55509 5.48954 5.48954 37.2795 37.2795
57445 5.06778 5.06778 36.8578 36.8578
68035 4.77088 4.77088 36.5609 36.5609
80847 4.45497 4.45497 36.245 36.245
84950 4.38811 4.38811 36.1781 36.1781
98408 4.0622 4.0622 35.8522 35.8522
98423 3.50184 3.50184 35.2918 35.2918
108430 3.32703 3.32703 35.117 35.117
109830 3.18667 3.18667 34.9767 34.9767
119738 2.68789 2.68789 34.4779 34.4779
129705 2.44647 2.44647 34.2365 34.2365
129743 1.57791 1.57791 33.3679 33.3679
200050 1026.72 1.57791 1058.51 33.3679
"function evaluation" "current f(x)" "best-so-far f(x)" "current af(x)+b"  "best af(x)+b"
1 126.113 126.113 128.873 128.873
5 94.4838 94.4838 97.2438 97.2438
21 70.8119 70.8119 73.5719 73.5719
22 26.5739 26.5739 29.3339 29.3339
1343 25.6396 25.6396 28.3996 28.3996
2101 15.5641 15.5641 18.3241 18.3241
5220 13.476 13.476 16.236 16.236
6330 11.1424 11.1424 13.9024 13.9024
15011 10.7885 10.7885 13.5485 13.5485
15037 10.0593 10.0593 12.8193 12.8193
21529 8.85492 8.85492 11.6149 11.6149
22133 8.20052 8.20052 10.9605 10.9605
23138 5.43269 5.43269 8.19269 8.19269
41010 5.34332 5.34332 8.10332 8.10332
53907 5.08851 5.08851 7.84851 7.84851
61944 4.93237 4.93237 7.69237 7.69237
66549 3.59777 3.59777 6.35777 6.35777
84410 1.46186 1.46186 4.22186 4.22186
200050 34.3319 1.46186 37.0919 4.22186
"function evaluation" "current f(x)" "best-so-far f(x)" "current af(x)+b"  "best af(x)+b"
1 149.182 149.182 165.382 165.382
2 112.197 112.197 128.397 128.397
4 54.001 54.001 70.201 70.201
14 51.1441 51.1441 67.3441 67.3441
19 47.4984 47.4984 63.6984 63.6984
24 47.1584 47.1584 63.3584 63.3584
136 44.6057 44.6057 60.8057 60.8057
410 40.8386 40.8386 57.0386 57.0386
415 39.2037 39.2037 55.4037 55.4037
1203 38.4633 38.4633 54.6633 54.6633
1222 37.5187 37.5187 53.7187 53.7187
1240 32.3437 32.3437 48.5437 48.5437
2302 32.1261 32.1261 48.3261 48.3261
2303 22.5272 22.5272 38.7272 38.7272
2320 21.1201 21.1201 37.3201 37.3201
2905 17.6988 17.6988 33.8988 33.8988
10803 17.1103 17.1103 33.3103 33.3103
11515 15.2164 15.2164 31.4164 31.4164
11703 13.3002 13.3002 29.5002 29.5002
11715 12.7039 12.7039 28.9039 28.9039
11719 10.6658 10.6658 26.8658 26.8658
23833 10.1091 10.1091 26.3091 26.3091
24812 9.3939 9.3939 25.5939 25.5939
25502 9.07391 9.07391 25.2739 25.2739
27243 8.0082 8.0082 24.2082 24.2082
34014 7.63091 7.63091 23.8309 23.8309
36613 7.18804 7.18804 23.388 23.388
36616 6.81814 6.81814 23.0181 23.0181
36624 6.68453 6.68453 22.8845 22.8845
42035 5.99325 5.99325 22.1933 22.1933
48101 5.75258 5.75258 21.9526 21.9526
48144 4.75868 4.75868 20.9587 20.9587
60707 4.58473 4.58473 20.7847 20.7847
60736 4.29172 4.29172 20.4917 20.4917
61828 4.22422 4.22422 20.4242 20.4242
69517 2.39069 2.39069 18.5907 18.5907
200050 179.957 2.39069 196.157 18.5907
"function evaluation" "current f(x)" "best-so-far f(x)" "current af(x)+b"  "best af(x)+b"
1 155.988 155.988 102.718 102.718
3 58.5592 58.5592 5.28918 5.28918
11 53.9363 53.9363 0.666343 0.666343
33 25.9343 25.9343 -27.3357 -27.3357
503 25.4433 25.4433 -27.8267 -27.8267
529 16.059 16.059 -37.211 -37.211
3425 12.6073 12.6073 -40.6627 -40.6627
6433 12.5898 12.5898 -40.6802 -40.6802
14333 11.553 11.553 -41.717 -41.717
16623 7.33323 7.33323 -45.9368 -45.9368
27901 7.08081 7.08081 -46.1892 -46.1892
28335 4.94492 4.94492 -48.3251 -48.3251
39120 4.74198 4.74198 -48.528 -48.528
39147 4.56175 4.56175 -48.7082 -48.7082
51914 3.71068 3.71068 -49.5593 -49.5593
74224 3.67678 3.67678 -49.5932 -49.5932
75514 3.28565 3.28565 -49.9844 -49.9844
86707 2.64188 2.64188 -50.6281 -50.6281
99010 2.40555 2.40555 -50.8645 -50.8645
175715 2.09404 2.09404 -51.176 -51.176
177938 1.97472 1.97472 -51.2953 -51.2953
200050 91.5212 1.97472 38.2512 -51.2953
"function evaluation" "current f(x)" "best-so-far f(x)" "current af(x)+b"  "best af(x)+b"
1 723.975 723.975 -276.025 -276.025
2 42.1473 42.1473 -957.853 -957.853
38 41.3938 41.3938 -958.606 -958.606
703 39.666 39.666 -960.334 -960.334
1714 39.2845 39.2845 -960.716 -960.716
1715 35.2919 35.2919 -964.708 -964.708
1717 26.9081 26.9081 -973.092 -973.092
3202 22.3012 22.3012 -977.699 -977.699
3218 21.3391 21.3391 -978.661 -978.661
6716 20.4783 20.4783 -979.522 -979.522
6749 18.4428 18.4428 -981.557 -981.557
11139 18.2627 18.2627 -981.737 -981.737
11435 17.3646 17.3646 -982.635 -982.635
12340 17.1484 17.1484 -982.852 -982.852
12937 16.0251 16.0251 -983.975 -983.975
13404 15.0565 15.0565 -984.943 -984.943
13447 14.9955 14.9955 -985.005 -985.005
14820 13.2839 13.2839 -986.716 -986.716
18522 13.1634 13.1634 -986.837 -986.837
20826 12.72 12.72 -987.28 -987.28
28608 11.4293 11.4293 -988.571 -988.571
28614 10.7946 10.7946 -989.205 -989.205
28621 8.30463 8.30463 -991.695 -991.695
30331 7.58577 7.58577 -992.414 -992.414
40701 7.3169 7.3169 -992.683 -992.683
68740 7.08611 7.08611 -992.914 -992.914
72927 6.51324 6.51324 -993.487 -993.487
72932 6.32858 6.32858 -993.671 -993.671
74206 5.56229 5.56229 -994.438 -994.438
74219 5.1806 5.1806 -994.819 -994.819
74228 4.65034 4.65034 -995.35 -995.35
74237 4.44448 4.44448 -995.556 -995.556
117701 4.21531 4.21531 -995.785 -995.785
139216 3.99286 3.99286 -996.007 -996.007
167331 3.84941 3.84941 -996.151 -996.151
200050 141.149 3.84941 -858.851 -996.151
"function evaluation" "current f(x)" "best-so-far f(x)" "current af(x)+b"  "best af(x)+b"
1 167.288 167.288 827.318 827.318
3 113.476 113.476 773.506 773.506
9 93.2635 93.2635 753.294 753.294
25 81.9767 81.9767 742.007 742.007
104 74.5148 74.5148 734.545 734.545
117 74.1868 74.1868 734.217 734.217
119 70.7371 70.7371 730.767 730.767
328 55.8659 55.8659 715.896 715.896
526 37.0725 37.0725 697.103 697.103
527 35.8117 35.8117 695.842 695.842
2803 34.5352 34.5352 694.565 694.565
2909 30.3009 30.3009 690.331 690.331
2941 26.6004 26.6004 686.63 686.63
6610 22.7679 22.7679 682.798 682.798
7309 19.6108 19.6108 679.641 679.641
7312 18.076 18.076 678.106 678.106
10142 16.6049 16.6049 676.635 676.635
11823 16.1623 16.1623 676.192 676.192
11842 15.327 15.327 675.357 675.357
18445 14.7962 14.7962 674.826 674.826
18718 14.1809 14.1809 674.211 674.211
18735 13.9144 13.9144 673.944 673.944
19113 13.4165 13.4165 673.446 673.446
27939 12.5106 12.5106 672.541 672.541
31208 12.2982 12.2982 672.328 672.328
33108 11.0965 11.0965 671.127 671.127
33132 10.8426 10.8426 670.873 670.873
33141 9.62803 9.62803 669.658 669.658
36302 9.25477 9.25477 669.285 669.285
40327 8.87708 8.87708 668.907 668.907
41222 8.15307 8.15307 668.183 668.183
41228 6.44746 6.44746 666.477 666.477
45944 6.06343 6.06343 666.093 666.093
56909 5.75815 5.75815 665.788 665.788
56921 5.28619 5.28619 665.316 665.316
69316 4.30132 4.30132 664.331 664.331
117101 3.53426 3.53426 663.564 663.564
134108 3.17423 3.17423 663.204 663.204
156801 2.52313 2.52313 662.553 662.553
185807 2.21212 2.21212 662.242 662.242
200050 491.065 2.21212 1151.09 662.242
"function evaluation" "current f(x)" "best-so-far f(x)" "current af(x)+b"  "best af(x)+b"
1 103.099 103.099 72.7791 72.7791
2 51.99 51.99 21.67 21.67
31 31.7968 31.7968 1.47678 1.47678
1411 25.409 25.409 -4.91101 -4.91101
2019 22.2674 22.2674 -8.05257 -8.05257
2021 22.2536 22.2536 -8.06641 -8.06641
2029 22.0851 22.0851 -8.23492 -8.23492
2209 17.7864 17.7864 -12.5336 -12.5336
2648 17.3898 17.3898 -12.9302 -12.9302
3838 14.4466 14.4466 -15.8734 -15.8734
5306 14.1798 14.1798 -16.1402 -16.1402
8902 13.7415 13.7415 -16.5785 -16.5785
8923 13.5604 13.5604 -16.7596 -16.7596
11707 13.1006 13.1006 -17.2194 -17.2194
12503 12.2938 12.2938 -18.0262 -18.0262
12511 11.2178 11.2178 -19.1022 -19.1022
16012 10.9907 10.9907 -19.3293 -19.3293
21515 10.0021 10.0021 -20.3179 -20.3179
21549 9.92125 9.92125 -20.3988 -20.3988
25219 9.72696 9.72696 -20.593 -20.593
29834 8.491 8.491 -21.829 -21.829
38611 8.22606 8.22606 -22.0939 -22.0939
38638 8.0375 8.0375 -22.2825 -22.2825
39711 6.08853 6.08853 -24.2315 -24.2315
39734 5.64921 5.64921 -24.6708 -24.6708
69711 4.21113 4.21113 -26.1089 -26.1089
70242 3.73862 3.73862 -26.5814 -26.5814
118101 3.73015 3.73015 -26.5899 -26.5899
123717 2.89086 2.89086 -27.4291 -27.4291
195904 2.81073 2.81073 -27.5093 -27.5093
200050 542.813 2.81073 512.493 -27.5093
