"function evaluation" "current f(x)" "best-so-far f(x)" "current af(x)+b"  "best af(x)+b"
1 1.80898e+06 1.80898e+06 1.80905e+06 1.80905e+06
6 510860 510860 510936 510936
13 8035.94 8035.94 8112.21 8112.21
121 3581.3 3581.3 3657.57 3657.57
174 1523.92 1523.92 1600.19 1600.19
449 35.9568 35.9568 112.227 112.227
599 2.71912 2.71912 78.9891 78.9891
750 180516 2.71912 180593 78.9891
"function evaluation" "current f(x)" "best-so-far f(x)" "current af(x)+b"  "best af(x)+b"
1 3.74637e+06 3.74637e+06 3.74634e+06 3.74634e+06
6 516175 516175 516152 516152
7 433697 433697 433674 433674
11 57705.4 57705.4 57682.8 57682.8
13 28730.1 28730.1 28707.5 28707.5
32 15831.3 15831.3 15808.7 15808.7
82 62.0304 62.0304 39.4804 39.4804
132 38.8466 38.8466 16.2966 16.2966
750 2.2739e+06 38.8466 2.27388e+06 16.2966
"function evaluation" "current f(x)" "best-so-far f(x)" "current af(x)+b"  "best af(x)+b"
1 8.33149e+06 8.33149e+06 8.3315e+06 8.3315e+06
3 8.07409e+06 8.07409e+06 8.0741e+06 8.0741e+06
5 2.0978e+06 2.0978e+06 2.09781e+06 2.09781e+06
8 450438 450438 450451 450451
17 3987.39 3987.39 4001.05 4001.05
219 883.761 883.761 897.421 897.421
292 256.133 256.133 269.793 269.793
497 145.637 145.637 159.297 159.297
720 88.7628 88.7628 102.423 102.423
750 2.1622e+07 88.7628 2.1622e+07 102.423
"function evaluation" "current f(x)" "best-so-far f(x)" "current af(x)+b"  "best af(x)+b"
1 1.92334e+06 1.92334e+06 1.92427e+06 1.92427e+06
2 718169 718169 719107 719107
3 422421 422421 423359 423359
4 275137 275137 276075 276075
16 13845.6 13845.6 14783.4 14783.4
45 12356.2 12356.2 13294 13294
52 3546.14 3546.14 4483.98 4483.98
164 3417.53 3417.53 4355.37 4355.37
182 371.143 371.143 1308.98 1308.98
396 115.725 115.725 1053.56 1053.56
399 32.8212 32.8212 970.661 970.661
412 31.0536 31.0536 968.894 968.894
750 2.78197e+06 31.0536 2.7829e+06 968.894
"function evaluation" "current f(x)" "best-so-far f(x)" "current af(x)+b"  "best af(x)+b"
1 1.82639e+07 1.82639e+07 1.82638e+07 1.82638e+07
2 188877 188877 188798 188798
4 151658 151658 151579 151579
7 1040.79 1040.79 962.068 962.068
56 507.518 507.518 428.798 428.798
247 141.574 141.574 62.8537 62.8537
350 48.5332 48.5332 -30.1868 -30.1868
750 803078 48.5332 802999 -30.1868
"function evaluation" "current f(x)" "best-so-far f(x)" "current af(x)+b"  "best af(x)+b"
1 1.53186e+07 1.53186e+07 1.5318e+07 1.5318e+07
2 1.97945e+06 1.97945e+06 1.97885e+06 1.97885e+06
5 118133 118133 117534 117534
34 116290 116290 115692 115692
38 109229 109229 108631 108631
46 105940 105940 105341 105341
49 42902.8 42902.8 42304.4 42304.4
56 3511.55 3511.55 2913.12 2913.12
103 632.254 632.254 33.8244 33.8244
149 12.5114 12.5114 -585.919 -585.919
750 206594 12.5114 205995 -585.919
"function evaluation" "current f(x)" "best-so-far f(x)" "current af(x)+b"  "best af(x)+b"
1 7.28089e+06 7.28089e+06 7.28081e+06 7.28081e+06
3 354649 354649 354563 354563
12 68527.4 68527.4 68442 68442
36 74.2632 74.2632 -11.1568 -11.1568
750 14892.6 74.2632 14807.2 -11.1568
"function evaluation" "current f(x)" "best-so-far f(x)" "current af(x)+b"  "best af(x)+b"
1 3.50249e+06 3.50249e+06 3.50268e+06 3.50268e+06
6 4044.64 4044.64 4237.89 4237.89
53 3978.6 3978.6 4171.85 4171.85
137 3057.5 3057.5 3250.75 3250.75
272 636.336 636.336 829.586 829.586
366 451.857 451.857 645.107 645.107
438 265.976 265.976 459.226 459.226
622 199.1 199.1 392.35 392.35
714 130.481 130.481 323.731 323.731
726 85.4581 85.4581 278.708 278.708
750 489034 85.4581 489228 278.708
"function evaluation" "current f(x)" "best-so-far f(x)" "current af(x)+b"  "best af(x)+b"
1 722139 722139 721957 721957
5 266920 266920 266738 266738
6 143112 143112 142930 142930
28 17307.5 17307.5 17126 17126
64 13837.5 13837.5 13656 13656
102 1008.67 1008.67 827.172 827.172
133 104.823 104.823 -76.677 -76.677
612 63.7906 63.7906 -117.709 -117.709
750 335483 63.7906 335301 -117.709
"function evaluation" "current f(x)" "best-so-far f(x)" "current af(x)+b"  "best af(x)+b"
1 1.21995e+06 1.21995e+06 1.2204e+06 1.2204e+06
4 1.1693e+06 1.1693e+06 1.16975e+06 1.16975e+06
6 1.15229e+06 1.15229e+06 1.15274e+06 1.15274e+06
9 139477 139477 139929 139929
73 14436.8 14436.8 14889.4 14889.4
296 4011.54 4011.54 4464.16 4464.16
432 2622.31 2622.31 3074.93 3074.93
487 2528.58 2528.58 2981.2 2981.2
531 207.364 207.364 659.984 659.984
633 52.239 52.239 504.859 504.859
750 1.47033e+06 52.239 1.47078e+06 504.859
"function evaluation" "current f(x)" "best-so-far f(x)" "current af(x)+b"  "best af(x)+b"
1 1.37516e+07 1.37516e+07 1.37515e+07 1.37515e+07
2 1.26001e+06 1.26001e+06 1.25989e+06 1.25989e+06
21 410118 410118 410000 410000
23 185910 185910 185792 185792
30 1881.43 1881.43 1762.97 1762.97
37 251.523 251.523 133.063 133.063
691 67.4645 67.4645 -50.9955 -50.9955
750 3.36887e+06 67.4645 3.36875e+06 -50.9955
"function evaluation" "current f(x)" "best-so-far f(x)" "current af(x)+b"  "best af(x)+b"
1 6.13596e+06 6.13596e+06 6.13606e+06 6.13606e+06
5 5.08817e+06 5.08817e+06 5.08827e+06 5.08827e+06
7 2.34066e+06 2.34066e+06 2.34076e+06 2.34076e+06
13 1.80645e+06 1.80645e+06 1.80655e+06 1.80655e+06
19 937144 937144 937244 937244
23 85310.6 85310.6 85410.3 85410.3
30 69876.9 69876.9 69976.6 69976.6
80 61956.5 61956.5 62056.2 62056.2
165 57154.6 57154.6 57254.3 57254.3
172 54482.3 54482.3 54582 54582
173 7405.69 7405.69 7505.42 7505.42
256 2716.82 2716.82 2816.55 2816.55
303 510.542 510.542 610.272 610.272
463 10.4239 10.4239 110.154 110.154
750 4.07235e+06 10.4239 4.07245e+06 110.154
"function evaluation" "current f(x)" "best-so-far f(x)" "current af(x)+b"  "best af(x)+b"
1 5553.21 5553.21 5593.65 5593.65
15 44.8574 44.8574 85.2974 85.2974
750 2.06839e+07 44.8574 2.0684e+07 85.2974
"function evaluation" "current f(x)" "best-so-far f(x)" "current af(x)+b"  "best af(x)+b"
1 3.06534e+07 3.06534e+07 3.06533e+07 3.06533e+07
2 257165 257165 257043 257043
6 202278 202278 202156 202156
11 7500.52 7500.52 7378.92 7378.92
35 3750.1 3750.1 3628.5 3628.5
70 3581.54 3581.54 3459.94 3459.94
91 66.0387 66.0387 -55.5613 -55.5613
699 36.6412 36.6412 -84.9588 -84.9588
750 24251.4 36.6412 24129.8 -84.9588
"function evaluation" "current f(x)" "best-so-far f(x)" "current af(x)+b"  "best af(x)+b"
1 8.62775e+06 8.62775e+06 8.62771e+06 8.62771e+06
4 5.14407e+06 5.14407e+06 5.14404e+06 5.14404e+06
5 408995 408995 408956 408956
11 41423.8 41423.8 41385.7 41385.7
24 12176.9 12176.9 12138.8 12138.8
62 533.413 533.413 495.303 495.303
424 127.504 127.504 89.3936 89.3936
596 23.8983 23.8983 -14.2117 -14.2117
750 5.12496e+07 23.8983 5.12495e+07 -14.2117
"function evaluation" "current f(x)" "best-so-far f(x)" "current af(x)+b"  "best af(x)+b"
1 8.76587e+06 8.76587e+06 8.76571e+06 8.76571e+06
2 2.72234e+06 2.72234e+06 2.72219e+06 2.72219e+06
4 439614 439614 439459 439459
27 3972.95 3972.95 3818.4 3818.4
39 889.109 889.109 734.559 734.559
213 553.642 553.642 399.092 399.092
216 473.744 473.744 319.194 319.194
277 136.85 136.85 -17.7002 -17.7002
317 55.5902 55.5902 -98.9598 -98.9598
549 47.2059 47.2059 -107.344 -107.344
750 3440.31 47.2059 3285.76 -107.344
"function evaluation" "current f(x)" "best-so-far f(x)" "current af(x)+b"  "best af(x)+b"
1 1.52004e+06 1.52004e+06 1.52002e+06 1.52002e+06
12 843435 843435 843422 843422
32 63955.4 63955.4 63942.7 63942.7
45 24343.1 24343.1 24330.4 24330.4
95 21113.3 21113.3 21100.6 21100.6
132 3672.69 3672.69 3659.99 3659.99
404 1829.41 1829.41 1816.71 1816.71
452 20.2597 20.2597 7.55967 7.55967
750 2.7776e+06 20.2597 2.77759e+06 7.55967
"function evaluation" "current f(x)" "best-so-far f(x)" "current af(x)+b"  "best af(x)+b"
1 1.59445e+07 1.59445e+07 1.59443e+07 1.59443e+07
2 1.2907e+07 1.2907e+07 1.29069e+07 1.29069e+07
5 3.04554e+06 3.04554e+06 3.04536e+06 3.04536e+06
6 2.05227e+06 2.05227e+06 2.05209e+06 2.05209e+06
12 83461.3 83461.3 83280.6 83280.6
99 3108.57 3108.57 2927.93 2927.93
340 853.97 853.97 673.33 673.33
656 687.037 687.037 506.397 506.397
750 382.03 382.03 201.39 201.39
"function evaluation" "current f(x)" "best-so-far f(x)" "current af(x)+b"  "best af(x)+b"
1 1.13778e+07 1.13778e+07 1.13778e+07 1.13778e+07
3 176671 176671 176681 176681
10 70616.4 70616.4 70625.8 70625.8
22 9430.26 9430.26 9439.64 9439.64
100 3658.3 3658.3 3667.68 3667.68
108 239.443 239.443 248.823 248.823
727 195.008 195.008 204.388 204.388
750 1.98857e+06 195.008 1.98858e+06 204.388
"function evaluation" "current f(x)" "best-so-far f(x)" "current af(x)+b"  "best af(x)+b"
1 9.7511e+06 9.7511e+06 9.75111e+06 9.75111e+06
4 3.82368e+06 3.82368e+06 3.82369e+06 3.82369e+06
5 3.53214e+06 3.53214e+06 3.53215e+06 3.53215e+06
7 1.77558e+06 1.77558e+06 1.77559e+06 1.77559e+06
11 13494.6 13494.6 13504.9 13504.9
50 3468.18 3468.18 3478.5 3478.5
64 1143.41 1143.41 1153.73 1153.73
77 301.753 301.753 312.073 312.073
432 120.442 120.442 130.762 130.762
623 94.8819 94.8819 105.202 105.202
750 4.95955e+06 94.8819 4.95956e+06 105.202
"function evaluation" "current f(x)" "best-so-far f(x)" "current af(x)+b"  "best af(x)+b"
1 504609 504609 504724 504724
14 3889.02 3889.02 4004.19 4004.19
47 2596.98 2596.98 2712.15 2712.15
100 21.1982 21.1982 136.368 136.368
324 3.15321 3.15321 118.323 118.323
750 633994 3.15321 634109 118.323
"function evaluation" "current f(x)" "best-so-far f(x)" "current af(x)+b"  "best af(x)+b"
1 2.74959e+06 2.74959e+06 2.74859e+06 2.74859e+06
2 402261 402261 401261 401261
9 11600.4 11600.4 10600.4 10600.4
64 36.8251 36.8251 -963.175 -963.175
491 24.5648 24.5648 -975.435 -975.435
557 22.5192 22.5192 -977.481 -977.481
750 263584 22.5192 262584 -977.481
"function evaluation" "current f(x)" "best-so-far f(x)" "current af(x)+b"  "best af(x)+b"
1 2.01539e+07 2.01539e+07 2.0154e+07 2.0154e+07
2 1.50527e+07 1.50527e+07 1.50528e+07 1.50528e+07
4 2941.54 2941.54 3050.76 3050.76
6 28.0531 28.0531 137.273 137.273
750 4.87783e+06 28.0531 4.87794e+06 137.273
"function evaluation" "current f(x)" "best-so-far f(x)" "current af(x)+b"  "best af(x)+b"
1 2.38151e+07 2.38151e+07 2.3815e+07 2.3815e+07
3 1.73722e+07 1.73722e+07 1.73721e+07 1.73721e+07
6 770.913 770.913 650.153 650.153
11 274.876 274.876 154.116 154.116
514 127.247 127.247 6.48723 6.48723
750 2.76788e+07 127.247 2.76787e+07 6.48723
"function evaluation" "current f(x)" "best-so-far f(x)" "current af(x)+b"  "best af(x)+b"
1 4.18161e+07 4.18161e+07 4.1816e+07 4.1816e+07
2 8.45512e+06 8.45512e+06 8.45505e+06 8.45505e+06
4 4.71349e+06 4.71349e+06 4.71342e+06 4.71342e+06
6 468384 468384 468310 468310
12 61612.3 61612.3 61538.2 61538.2
126 88.1166 88.1166 14.0066 14.0066
526 27.2401 27.2401 -46.8699 -46.8699
750 5.16499e+06 27.2401 5.16492e+06 -46.8699
