"function evaluation" "current f(x)" "best-so-far f(x)" "current af(x)+b"  "best af(x)+b"
1 772.56 772.56 875.17 875.17
3 684.103 684.103 786.713 786.713
18 549.2 549.2 651.81 651.81
51 547.734 547.734 650.344 650.344
52 437.779 437.779 540.389 540.389
53 381.239 381.239 483.849 483.849
62 368.037 368.037 470.647 470.647
69 352.462 352.462 455.072 455.072
72 303.83 303.83 406.44 406.44
111 297.085 297.085 399.695 399.695
124 297.001 297.001 399.611 399.611
369 268.715 268.715 371.325 371.325
432 257.678 257.678 360.288 360.288
615 229.019 229.019 331.629 331.629
1258 183.167 183.167 285.777 285.777
1458 182.441 182.441 285.051 285.051
1966 175.447 175.447 278.057 278.057
2150 91828.7 175.447 91931.3 278.057
"function evaluation" "current f(x)" "best-so-far f(x)" "current af(x)+b"  "best af(x)+b"
1 764.331 764.331 857.631 857.631
3 612.047 612.047 705.347 705.347
7 599.244 599.244 692.544 692.544
9 540.986 540.986 634.286 634.286
51 496.13 496.13 589.43 589.43
55 446.177 446.177 539.477 539.477
56 393.822 393.822 487.122 487.122
58 371.055 371.055 464.355 464.355
59 308.096 308.096 401.396 401.396
88 305.087 305.087 398.387 398.387
215 297.239 297.239 390.539 390.539
319 267.402 267.402 360.702 360.702
474 218.177 218.177 311.477 311.477
807 207.811 207.811 301.111 301.111
1055 203.31 203.31 296.61 296.61
1161 195.96 195.96 289.26 289.26
1464 195.699 195.699 288.999 288.999
1516 185.266 185.266 278.566 278.566
1538 179.7 179.7 273 273
2150 85993.4 179.7 86086.7 273
"function evaluation" "current f(x)" "best-so-far f(x)" "current af(x)+b"  "best af(x)+b"
1 986.677 986.677 1000.32 1000.32
2 823.09 823.09 836.73 836.73
4 711.514 711.514 725.154 725.154
7 690.724 690.724 704.364 704.364
8 647.169 647.169 660.809 660.809
22 595.363 595.363 609.003 609.003
25 422.266 422.266 435.906 435.906
52 388.005 388.005 401.645 401.645
55 366.237 366.237 379.877 379.877
60 357.709 357.709 371.349 371.349
96 242.205 242.205 255.845 255.845
1134 232.512 232.512 246.152 246.152
1496 224.416 224.416 238.056 238.056
1521 222.974 222.974 236.614 236.614
1656 211.545 211.545 225.185 225.185
2150 277.149 211.545 290.789 225.185
"function evaluation" "current f(x)" "best-so-far f(x)" "current af(x)+b"  "best af(x)+b"
1 629.33 629.33 824.13 824.13
29 540.325 540.325 735.125 735.125
51 424.95 424.95 619.75 619.75
54 351.152 351.152 545.952 545.952
76 327.167 327.167 521.967 521.967
77 244.578 244.578 439.378 439.378
1061 230.04 230.04 424.84 424.84
1289 221.317 221.317 416.117 416.117
1379 205.769 205.769 400.569 400.569
2150 1575.39 205.769 1770.19 400.569
"function evaluation" "current f(x)" "best-so-far f(x)" "current af(x)+b"  "best af(x)+b"
1 597.403 597.403 463.813 463.813
51 470.773 470.773 337.183 337.183
52 404.426 404.426 270.836 270.836
53 384.878 384.878 251.288 251.288
58 343.786 343.786 210.196 210.196
81 334.173 334.173 200.583 200.583
82 298.343 298.343 164.753 164.753
106 267.662 267.662 134.072 134.072
602 207.889 207.889 74.2993 74.2993
1720 184.141 184.141 50.5505 50.5505
2150 310.872 184.141 177.282 50.5505
"function evaluation" "current f(x)" "best-so-far f(x)" "current af(x)+b"  "best af(x)+b"
1 1034.46 1034.46 1188.83 1188.83
2 689.85 689.85 844.22 844.22
9 412.296 412.296 566.666 566.666
51 397.456 397.456 551.826 551.826
52 380.294 380.294 534.664 534.664
63 371.153 371.153 525.523 525.523
65 323.722 323.722 478.092 478.092
94 301.461 301.461 455.831 455.831
139 296.557 296.557 450.927 450.927
157 264.884 264.884 419.254 419.254
449 248.223 248.223 402.593 402.593
472 243.647 243.647 398.017 398.017
874 238.698 238.698 393.068 393.068
948 213.446 213.446 367.816 367.816
1255 196.238 196.238 350.608 350.608
1368 187.825 187.825 342.195 342.195
1827 163.661 163.661 318.031 318.031
2150 441.737 163.661 596.107 318.031
"function evaluation" "current f(x)" "best-so-far f(x)" "current af(x)+b"  "best af(x)+b"
1 909.968 909.968 621.638 621.638
2 739.656 739.656 451.326 451.326
6 721.265 721.265 432.935 432.935
7 714.642 714.642 426.312 426.312
10 642.808 642.808 354.478 354.478
17 548.246 548.246 259.916 259.916
24 496.583 496.583 208.253 208.253
51 429.173 429.173 140.843 140.843
52 399.021 399.021 110.691 110.691
55 383.769 383.769 95.4395 95.4395
64 370.664 370.664 82.334 82.334
73 338.908 338.908 50.5782 50.5782
89 287.586 287.586 -0.743829 -0.743829
96 281.204 281.204 -7.12648 -7.12648
568 245.821 245.821 -42.5088 -42.5088
1122 237.582 237.582 -50.748 -50.748
1275 201.405 201.405 -86.9249 -86.9249
1674 195.442 195.442 -92.8881 -92.8881
1850 193.84 193.84 -94.4905 -94.4905
2150 5114.23 193.84 4825.9 -94.4905
"function evaluation" "current f(x)" "best-so-far f(x)" "current af(x)+b"  "best af(x)+b"
1 807.2 807.2 269.09 269.09
2 591.148 591.148 53.0375 53.0375
51 379.281 379.281 -158.829 -158.829
59 354.405 354.405 -183.705 -183.705
73 337.647 337.647 -200.463 -200.463
187 334.395 334.395 -203.715 -203.715
193 329.429 329.429 -208.681 -208.681
207 325.002 325.002 -213.108 -213.108
239 284.76 284.76 -253.35 -253.35
570 280.41 280.41 -257.7 -257.7
759 259.689 259.689 -278.421 -278.421
760 226.434 226.434 -311.676 -311.676
1673 193.606 193.606 -344.504 -344.504
1987 182.387 182.387 -355.723 -355.723
2150 343.498 182.387 -194.612 -355.723
"function evaluation" "current f(x)" "best-so-far f(x)" "current af(x)+b"  "best af(x)+b"
1 848.147 848.147 1595.97 1595.97
2 758.03 758.03 1505.85 1505.85
7 650.159 650.159 1397.98 1397.98
17 594.65 594.65 1342.47 1342.47
45 500.995 500.995 1248.82 1248.82
51 390.707 390.707 1138.53 1138.53
53 344.472 344.472 1092.29 1092.29
89 336.883 336.883 1084.7 1084.7
119 271.769 271.769 1019.59 1019.59
196 264.166 264.166 1011.99 1011.99
719 254.777 254.777 1002.6 1002.6
894 238.489 238.489 986.309 986.309
994 225.405 225.405 973.225 973.225
1305 189.877 189.877 937.697 937.697
2150 347.831 189.877 1095.65 937.697
"function evaluation" "current f(x)" "best-so-far f(x)" "current af(x)+b"  "best af(x)+b"
1 931.269 931.269 947.939 947.939
2 788.502 788.502 805.172 805.172
4 669.776 669.776 686.446 686.446
20 611.441 611.441 628.111 628.111
21 537.719 537.719 554.389 554.389
52 481.806 481.806 498.476 498.476
54 396.769 396.769 413.439 413.439
75 382.495 382.495 399.165 399.165
80 375.988 375.988 392.658 392.658
91 341.244 341.244 357.914 357.914
160 309.155 309.155 325.825 325.825
162 282.581 282.581 299.251 299.251
219 259.755 259.755 276.425 276.425
417 234.114 234.114 250.784 250.784
2150 72780.4 234.114 72797 250.784
"function evaluation" "current f(x)" "best-so-far f(x)" "current af(x)+b"  "best af(x)+b"
1 689.864 689.864 627.094 627.094
5 615.881 615.881 553.111 553.111
10 602.203 602.203 539.433 539.433
18 587.807 587.807 525.037 525.037
31 582.8 582.8 520.03 520.03
33 550.284 550.284 487.514 487.514
41 447.097 447.097 384.327 384.327
51 378.372 378.372 315.602 315.602
67 370.297 370.297 307.527 307.527
74 362.019 362.019 299.249 299.249
77 348.434 348.434 285.664 285.664
106 335.171 335.171 272.401 272.401
112 330.456 330.456 267.686 267.686
138 300.278 300.278 237.508 237.508
418 297.931 297.931 235.161 235.161
534 215.884 215.884 153.114 153.114
2150 444.281 215.884 381.511 153.114
"function evaluation" "current f(x)" "best-so-far f(x)" "current af(x)+b"  "best af(x)+b"
1 628.916 628.916 639.876 639.876
6 505.454 505.454 516.414 516.414
24 488.503 488.503 499.463 499.463
51 406.663 406.663 417.623 417.623
56 306.657 306.657 317.617 317.617
96 298.761 298.761 309.721 309.721
220 291.497 291.497 302.457 302.457
327 231.274 231.274 242.234 242.234
700 201.603 201.603 212.563 212.563
1820 195.738 195.738 206.698 206.698
2150 420.493 195.738 431.453 206.698
"function evaluation" "current f(x)" "best-so-far f(x)" "current af(x)+b"  "best af(x)+b"
1 826.133 826.133 916.513 916.513
4 672.512 672.512 762.892 762.892
5 598.064 598.064 688.444 688.444
18 582.668 582.668 673.048 673.048
36 559.498 559.498 649.878 649.878
51 457.507 457.507 547.887 547.887
53 442.802 442.802 533.182 533.182
57 330.756 330.756 421.136 421.136
79 323.882 323.882 414.262 414.262
211 317.923 317.923 408.303 408.303
347 299.955 299.955 390.335 390.335
380 284.716 284.716 375.096 375.096
449 252.437 252.437 342.817 342.817
720 238.824 238.824 329.204 329.204
1489 235.921 235.921 326.301 326.301
1607 224.403 224.403 314.783 314.783
1824 194.461 194.461 284.841 284.841
2150 465.255 194.461 555.635 284.841
"function evaluation" "current f(x)" "best-so-far f(x)" "current af(x)+b"  "best af(x)+b"
1 652.801 652.801 389.281 389.281
5 630.056 630.056 366.536 366.536
6 601.276 601.276 337.756 337.756
52 404.676 404.676 141.156 141.156
53 345.693 345.693 82.1726 82.1726
84 323.907 323.907 60.387 60.387
122 303.065 303.065 39.5453 39.5453
439 249.733 249.733 -13.7874 -13.7874
780 248.623 248.623 -14.8967 -14.8967
919 246.033 246.033 -17.4867 -17.4867
1357 245.819 245.819 -17.7007 -17.7007
1547 244.63 244.63 -18.8896 -18.8896
1621 241.239 241.239 -22.2808 -22.2808
1733 233.556 233.556 -29.9644 -29.9644
1740 223.541 223.541 -39.9792 -39.9792
1871 209.687 209.687 -53.833 -53.833
2150 553.664 209.687 290.144 -53.833
"function evaluation" "current f(x)" "best-so-far f(x)" "current af(x)+b"  "best af(x)+b"
1 748.382 748.382 1058.57 1058.57
4 652.316 652.316 962.506 962.506
21 578.016 578.016 888.206 888.206
51 429.752 429.752 739.942 739.942
54 413.949 413.949 724.139 724.139
59 391.348 391.348 701.538 701.538
61 363.503 363.503 673.693 673.693
64 359.766 359.766 669.956 669.956
69 337.21 337.21 647.4 647.4
89 312.227 312.227 622.417 622.417
90 278.02 278.02 588.21 588.21
385 270.145 270.145 580.335 580.335
626 261.435 261.435 571.625 571.625
1123 232.348 232.348 542.538 542.538
1593 229.108 229.108 539.298 539.298
1877 205.997 205.997 516.187 516.187
2150 333.916 205.997 644.106 516.187
"function evaluation" "current f(x)" "best-so-far f(x)" "current af(x)+b"  "best af(x)+b"
1 761.735 761.735 705.355 705.355
2 741.787 741.787 685.407 685.407
5 564.555 564.555 508.175 508.175
33 492.615 492.615 436.235 436.235
51 333.342 333.342 276.962 276.962
62 325.01 325.01 268.63 268.63
67 317.732 317.732 261.352 261.352
75 298.811 298.811 242.431 242.431
79 290.949 290.949 234.569 234.569
269 272.142 272.142 215.762 215.762
542 253.463 253.463 197.083 197.083
754 252.646 252.646 196.266 196.266
872 246.223 246.223 189.843 189.843
1209 240.111 240.111 183.731 183.731
1294 231.45 231.45 175.07 175.07
1677 211.387 211.387 155.007 155.007
1711 205.938 205.938 149.558 149.558
2077 194.906 194.906 138.526 138.526
2150 293.298 194.906 236.918 138.526
"function evaluation" "current f(x)" "best-so-far f(x)" "current af(x)+b"  "best af(x)+b"
1 780.51 780.51 -219.49 -219.49
2 687.611 687.611 -312.389 -312.389
3 571.196 571.196 -428.804 -428.804
23 508.029 508.029 -491.971 -491.971
51 373.645 373.645 -626.355 -626.355
55 316.256 316.256 -683.744 -683.744
95 272.941 272.941 -727.059 -727.059
228 258.199 258.199 -741.801 -741.801
439 234.706 234.706 -765.294 -765.294
505 211.343 211.343 -788.657 -788.657
1157 211.167 211.167 -788.833 -788.833
1242 178.468 178.468 -821.532 -821.532
1975 178.429 178.429 -821.571 -821.571
2150 505.018 178.429 -494.982 -821.571
"function evaluation" "current f(x)" "best-so-far f(x)" "current af(x)+b"  "best af(x)+b"
1 661.309 661.309 696.789 696.789
16 633.63 633.63 669.11 669.11
24 587.62 587.62 623.1 623.1
43 533.603 533.603 569.083 569.083
51 447.54 447.54 483.02 483.02
53 424.963 424.963 460.443 460.443
54 403.037 403.037 438.517 438.517
57 397.704 397.704 433.184 433.184
58 289.03 289.03 324.51 324.51
67 247.231 247.231 282.711 282.711
1032 225.899 225.899 261.379 261.379
1155 223.726 223.726 259.206 259.206
1243 217.064 217.064 252.544 252.544
1486 205.975 205.975 241.455 241.455
1897 186.46 186.46 221.94 221.94
2150 266.87 186.46 302.35 221.94
"function evaluation" "current f(x)" "best-so-far f(x)" "current af(x)+b"  "best af(x)+b"
1 669.634 669.634 617.004 617.004
12 643.248 643.248 590.618 590.618
13 572.411 572.411 519.781 519.781
27 571.65 571.65 519.02 519.02
51 330.293 330.293 277.663 277.663
60 249.839 249.839 197.209 197.209
487 204.948 204.948 152.318 152.318
2002 188.018 188.018 135.388 135.388
2150 307.688 188.018 255.058 135.388
"function evaluation" "current f(x)" "best-so-far f(x)" "current af(x)+b"  "best af(x)+b"
1 904.116 904.116 215.226 215.226
2 854.159 854.159 165.269 165.269
3 799.616 799.616 110.726 110.726
4 797.451 797.451 108.561 108.561
5 680.711 680.711 -8.17908 -8.17908
8 673.632 673.632 -15.2581 -15.2581
9 618.58 618.58 -70.31 -70.31
16 411.199 411.199 -277.691 -277.691
51 393.901 393.901 -294.989 -294.989
53 387.495 387.495 -301.395 -301.395
54 355.616 355.616 -333.274 -333.274
70 305.105 305.105 -383.785 -383.785
438 273.9 273.9 -414.99 -414.99
782 244.144 244.144 -444.746 -444.746
1132 218.953 218.953 -469.937 -469.937
1786 201.011 201.011 -487.879 -487.879
2150 427.016 201.011 -261.874 -487.879
"function evaluation" "current f(x)" "best-so-far f(x)" "current af(x)+b"  "best af(x)+b"
1 873.405 873.405 832.515 832.515
2 811.045 811.045 770.155 770.155
3 676.786 676.786 635.896 635.896
7 548.139 548.139 507.249 507.249
12 534.07 534.07 493.18 493.18
51 499.291 499.291 458.401 458.401
52 410.602 410.602 369.712 369.712
57 393.988 393.988 353.098 353.098
61 393.765 393.765 352.875 352.875
68 345.558 345.558 304.668 304.668
78 344.112 344.112 303.222 303.222
112 323.322 323.322 282.432 282.432
129 238.734 238.734 197.844 197.844
803 227.119 227.119 186.229 186.229
1702 216.647 216.647 175.757 175.757
1772 197.682 197.682 156.792 156.792
2031 176.052 176.052 135.162 135.162
2150 1955.5 176.052 1914.61 135.162
"function evaluation" "current f(x)" "best-so-far f(x)" "current af(x)+b"  "best af(x)+b"
1 673.356 673.356 422.116 422.116
8 624.207 624.207 372.967 372.967
11 608.867 608.867 357.627 357.627
15 547.553 547.553 296.313 296.313
51 333.668 333.668 82.4281 82.4281
58 328.516 328.516 77.2762 77.2762
59 278.215 278.215 26.9754 26.9754
148 258.476 258.476 7.23625 7.23625
412 246.885 246.885 -4.3546 -4.3546
810 243.417 243.417 -7.82253 -7.82253
861 180.543 180.543 -70.6972 -70.6972
2150 332.579 180.543 81.3391 -70.6972
"function evaluation" "current f(x)" "best-so-far f(x)" "current af(x)+b"  "best af(x)+b"
1 819.654 819.654 786.774 786.774
2 816.612 816.612 783.732 783.732
4 778.441 778.441 745.561 745.561
5 741.68 741.68 708.8 708.8
7 680.934 680.934 648.054 648.054
10 672.53 672.53 639.65 639.65
11 633.192 633.192 600.312 600.312
20 512.198 512.198 479.318 479.318
49 403.599 403.599 370.719 370.719
54 332.598 332.598 299.718 299.718
74 326.027 326.027 293.147 293.147
114 278.185 278.185 245.305 245.305
260 275.438 275.438 242.558 242.558
703 269.65 269.65 236.77 236.77
709 262.67 262.67 229.79 229.79
765 237.887 237.887 205.007 205.007
1127 233.541 233.541 200.661 200.661
1208 225.947 225.947 193.067 193.067
1388 206.554 206.554 173.674 173.674
1827 202.608 202.608 169.728 169.728
2101 200.943 200.943 168.063 168.063
2150 382.31 200.943 349.43 168.063
"function evaluation" "current f(x)" "best-so-far f(x)" "current af(x)+b"  "best af(x)+b"
1 661.144 661.144 652.574 652.574
39 560.093 560.093 551.523 551.523
51 310.383 310.383 301.813 301.813
302 296.337 296.337 287.767 287.767
429 267.372 267.372 258.802 258.802
872 265.791 265.791 257.221 257.221
873 260.234 260.234 251.664 251.664
1101 253.217 253.217 244.647 244.647
1310 232.273 232.273 223.703 223.703
1357 223.369 223.369 214.799 214.799
1761 168.433 168.433 159.863 159.863
2150 320459 168.433 320451 159.863
"function evaluation" "current f(x)" "best-so-far f(x)" "current af(x)+b"  "best af(x)+b"
1 801.823 801.823 661.573 661.573
2 450.249 450.249 309.999 309.999
51 395.02 395.02 254.77 254.77
52 288.823 288.823 148.573 148.573
488 264.756 264.756 124.506 124.506
1045 241.574 241.574 101.324 101.324
1405 236.461 236.461 96.2112 96.2112
1744 236.155 236.155 95.9045 95.9045
1828 229.045 229.045 88.795 88.795
1844 183.272 183.272 43.0225 43.0225
2150 264.701 183.272 124.451 43.0225
