"function evaluation" "current f(x)" "best-so-far f(x)" "current af(x)+b"  "best af(x)+b"
1 13.3916 13.3916 -89.1584 -89.1584
2 11.4837 11.4837 -91.0663 -91.0663
10 4.39496 4.39496 -98.155 -98.155
35 2.77533 2.77533 -99.7747 -99.7747
113 2.42646 2.42646 -100.124 -100.124
130 1.82071 1.82071 -100.729 -100.729
139 1.68178 1.68178 -100.868 -100.868
330 1.3647 1.3647 -101.185 -101.185
442 1.23038 1.23038 -101.32 -101.32
503 1.07506 1.07506 -101.475 -101.475
520 0.525798 0.525798 -102.024 -102.024
536 0.246471 0.246471 -102.304 -102.304
1025 0.0906911 0.0906911 -102.459 -102.459
1328 0.0161056 0.0161056 -102.534 -102.534
5313 0.00787017 0.00787017 -102.542 -102.542
7612 0.0065605 0.0065605 -102.543 -102.543
13328 0.000110354 0.000110354 -102.55 -102.55
20050 580910 0.000110354 580808 -102.55
"function evaluation" "current f(x)" "best-so-far f(x)" "current af(x)+b"  "best af(x)+b"
1 43.8559 43.8559 115.546 115.546
2 4.49678 4.49678 76.1868 76.1868
13 1.91264 1.91264 73.6026 73.6026
25 0.496325 0.496325 72.1863 72.1863
124 0.267232 0.267232 71.9572 71.9572
310 0.0872668 0.0872668 71.7773 71.7773
707 0.0204757 0.0204757 71.7105 71.7105
2340 0.00129715 0.00129715 71.6913 71.6913
12414 0.00127092 0.00127092 71.6913 71.6913
14348 0.000506847 0.000506847 71.6905 71.6905
16228 0.000138839 0.000138839 71.6901 71.6901
20050 11.6185 0.000138839 83.3085 71.6901
"function evaluation" "current f(x)" "best-so-far f(x)" "current af(x)+b"  "best af(x)+b"
1 43.6653 43.6653 257.675 257.675
2 19.5975 19.5975 233.607 233.607
3 6.75304 6.75304 220.763 220.763
24 6.59046 6.59046 220.6 220.6
31 4.57304 4.57304 218.583 218.583
32 1.16807 1.16807 215.178 215.178
232 0.334745 0.334745 214.345 214.345
346 0.113868 0.113868 214.124 214.124
1648 0.0519722 0.0519722 214.062 214.062
2717 0.0116869 0.0116869 214.022 214.022
3124 0.00485175 0.00485175 214.015 214.015
13431 0.000416388 0.000416388 214.01 214.01
20050 53.4694 0.000416388 267.479 214.01
"function evaluation" "current f(x)" "best-so-far f(x)" "current af(x)+b"  "best af(x)+b"
1 23.5316 23.5316 -34.9484 -34.9484
3 8.17074 8.17074 -50.3093 -50.3093
4 4.24049 4.24049 -54.2395 -54.2395
25 1.52888 1.52888 -56.9511 -56.9511
104 0.931748 0.931748 -57.5483 -57.5483
150 0.0451727 0.0451727 -58.4348 -58.4348
546 0.0302855 0.0302855 -58.4497 -58.4497
3422 0.0100266 0.0100266 -58.47 -58.47
4732 0.00152612 0.00152612 -58.4785 -58.4785
10832 0.00125062 0.00125062 -58.4787 -58.4787
20050 3.21952 0.00125062 -55.2605 -58.4787
"function evaluation" "current f(x)" "best-so-far f(x)" "current af(x)+b"  "best af(x)+b"
1 24.0015 24.0015 -589.078 -589.078
3 8.63966 8.63966 -604.44 -604.44
5 4.11682 4.11682 -608.963 -608.963
7 2.60292 2.60292 -610.477 -610.477
30 0.348833 0.348833 -612.731 -612.731
615 0.309905 0.309905 -612.77 -612.77
741 0.153681 0.153681 -612.926 -612.926
926 0.104606 0.104606 -612.975 -612.975
3212 0.0542065 0.0542065 -613.026 -613.026
3820 0.0314321 0.0314321 -613.049 -613.049
5733 0.026369 0.026369 -613.054 -613.054
7803 7.93001e-06 7.93001e-06 -613.08 -613.08
20050 679.945 7.93001e-06 66.8647 -613.08
"function evaluation" "current f(x)" "best-so-far f(x)" "current af(x)+b"  "best af(x)+b"
1 9.67869 9.67869 -175.591 -175.591
3 3.06031 3.06031 -182.21 -182.21
9 0.488037 0.488037 -184.782 -184.782
28 0.208861 0.208861 -185.061 -185.061
437 0.146671 0.146671 -185.123 -185.123
501 0.041677 0.041677 -185.228 -185.228
4328 0.0308827 0.0308827 -185.239 -185.239
4349 0.0182201 0.0182201 -185.252 -185.252
4501 0.00870446 0.00870446 -185.261 -185.261
9312 0.000898904 0.000898904 -185.269 -185.269
15410 0.000101823 0.000101823 -185.27 -185.27
20050 21.9607 0.000101823 -163.309 -185.27
"function evaluation" "current f(x)" "best-so-far f(x)" "current af(x)+b"  "best af(x)+b"
1 12.4894 12.4894 49.9594 49.9594
7 11.7579 11.7579 49.2279 49.2279
9 7.94622 7.94622 45.4162 45.4162
10 4.81413 4.81413 42.2841 42.2841
22 0.463362 0.463362 37.9334 37.9334
43 0.222162 0.222162 37.6922 37.6922
212 0.128047 0.128047 37.598 37.598
513 0.0934669 0.0934669 37.5635 37.5635
530 0.0703805 0.0703805 37.5404 37.5404
1205 0.00120567 0.00120567 37.4712 37.4712
3611 2.14686e-05 2.14686e-05 37.47 37.47
15806 6.11784e-06 6.11784e-06 37.47 37.47
20050 270.426 6.11784e-06 307.896 37.47
"function evaluation" "current f(x)" "best-so-far f(x)" "current af(x)+b"  "best af(x)+b"
1 36.62 36.62 -357.85 -357.85
2 9.98998 9.98998 -384.48 -384.48
4 1.11682 1.11682 -393.353 -393.353
19 0.976709 0.976709 -393.493 -393.493
318 0.459274 0.459274 -394.011 -394.011
507 0.0288189 0.0288189 -394.441 -394.441
1327 0.00226085 0.00226085 -394.468 -394.468
8831 0.000481982 0.000481982 -394.47 -394.47
14039 0.000133477 0.000133477 -394.47 -394.47
15516 8.35939e-06 8.35939e-06 -394.47 -394.47
20050 6.70299 8.35939e-06 -387.767 -394.47
"function evaluation" "current f(x)" "best-so-far f(x)" "current af(x)+b"  "best af(x)+b"
1 4.75924 4.75924 -97.8608 -97.8608
8 0.677249 0.677249 -101.943 -101.943
240 0.0529535 0.0529535 -102.567 -102.567
307 0.0208862 0.0208862 -102.599 -102.599
1419 0.00783076 0.00783076 -102.612 -102.612
4716 0.00445095 0.00445095 -102.616 -102.616
10103 0.00158491 0.00158491 -102.618 -102.618
20050 6.92391 0.00158491 -95.6961 -102.618
"function evaluation" "current f(x)" "best-so-far f(x)" "current af(x)+b"  "best af(x)+b"
1 1.72824 1.72824 274.558 274.558
39 1.68393 1.68393 274.514 274.514
303 0.871863 0.871863 273.702 273.702
327 0.674715 0.674715 273.505 273.505
332 0.625294 0.625294 273.455 273.455
401 0.447095 0.447095 273.277 273.277
417 0.43863 0.43863 273.269 273.269
516 0.423003 0.423003 273.253 273.253
528 0.396744 0.396744 273.227 273.227
825 0.303074 0.303074 273.133 273.133
835 0.199762 0.199762 273.03 273.03
838 0.0852037 0.0852037 272.915 272.915
1810 0.0387631 0.0387631 272.869 272.869
3030 0.0314649 0.0314649 272.861 272.861
5142 0.0235863 0.0235863 272.854 272.854
5344 0.0157206 0.0157206 272.846 272.846
6930 0.00654656 0.00654656 272.837 272.837
7437 0.000474794 0.000474794 272.83 272.83
12016 7.59689e-05 7.59689e-05 272.83 272.83
20050 428749 7.59689e-05 429022 272.83
"function evaluation" "current f(x)" "best-so-far f(x)" "current af(x)+b"  "best af(x)+b"
1 26.0267 26.0267 22.6267 22.6267
2 23.4586 23.4586 20.0586 20.0586
4 5.01339 5.01339 1.61339 1.61339
12 0.591788 0.591788 -2.80821 -2.80821
22 0.377141 0.377141 -3.02286 -3.02286
26 0.146869 0.146869 -3.25313 -3.25313
45 0.100084 0.100084 -3.29992 -3.29992
218 0.053442 0.053442 -3.34656 -3.34656
435 0.0133307 0.0133307 -3.38667 -3.38667
7232 0.0131794 0.0131794 -3.38682 -3.38682
15141 0.00770892 0.00770892 -3.39229 -3.39229
16542 0.00298067 0.00298067 -3.39702 -3.39702
20050 8.25659 0.00298067 4.85659 -3.39702
"function evaluation" "current f(x)" "best-so-far f(x)" "current af(x)+b"  "best af(x)+b"
1 312.017 312.017 126.847 126.847
2 80.4001 80.4001 -104.77 -104.77
3 1.58843 1.58843 -183.582 -183.582
7 0.335592 0.335592 -184.834 -184.834
214 0.074846 0.074846 -185.095 -185.095
1629 0.0695356 0.0695356 -185.1 -185.1
1944 0.031651 0.031651 -185.138 -185.138
3424 0.025238 0.025238 -185.145 -185.145
4813 0.00223496 0.00223496 -185.168 -185.168
20050 68.1621 0.00223496 -117.008 -185.168
"function evaluation" "current f(x)" "best-so-far f(x)" "current af(x)+b"  "best af(x)+b"
1 7.23058 7.23058 108.571 108.571
3 5.31552 5.31552 106.656 106.656
12 4.19586 4.19586 105.536 105.536
16 1.25798 1.25798 102.598 102.598
19 1.08758 1.08758 102.428 102.428
312 0.824369 0.824369 102.164 102.164
331 0.402424 0.402424 101.742 101.742
838 0.0180887 0.0180887 101.358 101.358
4031 0.0158599 0.0158599 101.356 101.356
4438 0.0151596 0.0151596 101.355 101.355
5018 0.00267355 0.00267355 101.343 101.343
14915 0.000568377 0.000568377 101.341 101.341
20050 11566.8 0.000568377 11668.2 101.341
"function evaluation" "current f(x)" "best-so-far f(x)" "current af(x)+b"  "best af(x)+b"
1 0.435379 0.435379 -1.96462 -1.96462
713 0.118354 0.118354 -2.28165 -2.28165
825 0.0967175 0.0967175 -2.30328 -2.30328
1036 0.0775822 0.0775822 -2.32242 -2.32242
1150 0.0767547 0.0767547 -2.32325 -2.32325
1719 0.0677075 0.0677075 -2.33229 -2.33229
1745 0.0219346 0.0219346 -2.37807 -2.37807
2632 0.0209702 0.0209702 -2.37903 -2.37903
3138 0.0161418 0.0161418 -2.38386 -2.38386
8824 5.77788e-05 5.77788e-05 -2.39994 -2.39994
17802 4.98784e-06 4.98784e-06 -2.4 -2.4
20050 11.365 4.98784e-06 8.96503 -2.4
"function evaluation" "current f(x)" "best-so-far f(x)" "current af(x)+b"  "best af(x)+b"
1 2.94858 2.94858 -24.8314 -24.8314
6 2.83424 2.83424 -24.9458 -24.9458
8 0.683722 0.683722 -27.0963 -27.0963
246 0.14508 0.14508 -27.6349 -27.6349
339 0.125478 0.125478 -27.6545 -27.6545
446 0.0315741 0.0315741 -27.7484 -27.7484
10906 0.0178593 0.0178593 -27.7621 -27.7621
12207 0.000316004 0.000316004 -27.7797 -27.7797
20050 15.7416 0.000316004 -12.0384 -27.7797
"function evaluation" "current f(x)" "best-so-far f(x)" "current af(x)+b"  "best af(x)+b"
1 144.898 144.898 208.398 208.398
2 13.3241 13.3241 76.8241 76.8241
8 4.85443 4.85443 68.3544 68.3544
15 1.3129 1.3129 64.8129 64.8129
29 0.120149 0.120149 63.6201 63.6201
1109 0.0767143 0.0767143 63.5767 63.5767
1247 0.0457973 0.0457973 63.5458 63.5458
4502 0.033319 0.033319 63.5333 63.5333
6015 0.0248132 0.0248132 63.5248 63.5248
10514 0.00886974 0.00886974 63.5089 63.5089
17720 0.00149855 0.00149855 63.5015 63.5015
20050 42.9814 0.00149855 106.481 63.5015
"function evaluation" "current f(x)" "best-so-far f(x)" "current af(x)+b"  "best af(x)+b"
1 20.5396 20.5396 45.0196 45.0196
2 1.64404 1.64404 26.124 26.124
8 0.525712 0.525712 25.0057 25.0057
422 0.159584 0.159584 24.6396 24.6396
840 0.113349 0.113349 24.5933 24.5933
1044 0.0346946 0.0346946 24.5147 24.5147
4118 0.0231863 0.0231863 24.5032 24.5032
4809 0.0157296 0.0157296 24.4957 24.4957
6411 0.0113821 0.0113821 24.4914 24.4914
6516 0.00822975 0.00822975 24.4882 24.4882
9731 0.000496098 0.000496098 24.4805 24.4805
20050 15.3628 0.000496098 39.8428 24.4805
"function evaluation" "current f(x)" "best-so-far f(x)" "current af(x)+b"  "best af(x)+b"
1 10.7476 10.7476 180.618 180.618
14 1.97925 1.97925 171.849 171.849
16 0.796867 0.796867 170.667 170.667
45 0.677909 0.677909 170.548 170.548
122 0.542707 0.542707 170.413 170.413
135 0.304894 0.304894 170.175 170.175
637 0.1389 0.1389 170.009 170.009
1937 0.0843148 0.0843148 169.954 169.954
2010 0.0831086 0.0831086 169.953 169.953
2916 0.0482651 0.0482651 169.918 169.918
3526 0.0452445 0.0452445 169.915 169.915
3933 0.0314632 0.0314632 169.901 169.901
4130 8.17766e-05 8.17766e-05 169.87 169.87
20050 15.9148 8.17766e-05 185.785 169.87
"function evaluation" "current f(x)" "best-so-far f(x)" "current af(x)+b"  "best af(x)+b"
1 19.6702 19.6702 298.43 298.43
4 16.3748 16.3748 295.135 295.135
6 2.69101 2.69101 281.451 281.451
28 2.40816 2.40816 281.168 281.168
118 2.32023 2.32023 281.08 281.08
224 1.44061 1.44061 280.201 280.201
225 0.0320248 0.0320248 278.792 278.792
2334 0.0168818 0.0168818 278.777 278.777
14141 0.0161895 0.0161895 278.776 278.776
14239 0.00686336 0.00686336 278.767 278.767
14246 0.00387632 0.00387632 278.764 278.764
17514 0.000157498 0.000157498 278.76 278.76
20050 4.588 0.000157498 283.348 278.76
"function evaluation" "current f(x)" "best-so-far f(x)" "current af(x)+b"  "best af(x)+b"
1 22.642 22.642 41.422 41.422
2 10.7854 10.7854 29.5654 29.5654
5 8.15944 8.15944 26.9394 26.9394
10 0.487895 0.487895 19.2679 19.2679
26 0.330305 0.330305 19.1103 19.1103
135 0.137907 0.137907 18.9179 18.9179
336 0.110049 0.110049 18.89 18.89
2139 0.0951562 0.0951562 18.8752 18.8752
3045 0.0920975 0.0920975 18.8721 18.8721
3722 0.0676558 0.0676558 18.8477 18.8477
4106 0.0614101 0.0614101 18.8414 18.8414
5509 0.0501902 0.0501902 18.8302 18.8302
5815 0.041522 0.041522 18.8215 18.8215
6920 0.0302927 0.0302927 18.8103 18.8103
8728 0.00178591 0.00178591 18.7818 18.7818
20050 133.275 0.00178591 152.055 18.7818
"function evaluation" "current f(x)" "best-so-far f(x)" "current af(x)+b"  "best af(x)+b"
1 24.3378 24.3378 97.7978 97.7978
10 12.6256 12.6256 86.0856 86.0856
12 0.090858 0.090858 73.5509 73.5509
1538 0.0688136 0.0688136 73.5288 73.5288
1610 0.00274518 0.00274518 73.4627 73.4627
20050 0.157082 0.00274518 73.6171 73.4627
"function evaluation" "current f(x)" "best-so-far f(x)" "current af(x)+b"  "best af(x)+b"
1 3.02826 3.02826 7.58826 7.58826
42 1.63876 1.63876 6.19876 6.19876
201 0.406921 0.406921 4.96692 4.96692
335 0.138399 0.138399 4.6984 4.6984
824 0.121662 0.121662 4.68166 4.68166
831 0.111275 0.111275 4.67127 4.67127
1340 0.0337735 0.0337735 4.59377 4.59377
1440 0.0189055 0.0189055 4.57891 4.57891
3625 0.00695892 0.00695892 4.56696 4.56696
5016 0.00662541 0.00662541 4.56663 4.56663
8009 8.28321e-06 8.28321e-06 4.56001 4.56001
20050 116.618 8.28321e-06 121.178 4.56001
"function evaluation" "current f(x)" "best-so-far f(x)" "current af(x)+b"  "best af(x)+b"
1 27.4581 27.4581 1027.46 1027.46
4 20.6405 20.6405 1020.64 1020.64
7 9.94806 9.94806 1009.95 1009.95
10 9.41478 9.41478 1009.41 1009.41
13 0.840146 0.840146 1000.84 1000.84
709 0.685356 0.685356 1000.69 1000.69
739 0.0845241 0.0845241 1000.08 1000.08
1729 0.034895 0.034895 1000.03 1000.03
4331 0.0282264 0.0282264 1000.03 1000.03
5204 0.0160261 0.0160261 1000.02 1000.02
6820 0.00243564 0.00243564 1000 1000
8028 0.000350537 0.000350537 1000 1000
14545 1.02511e-06 1.02511e-06 1000 1000
20050 4.49785 1.02511e-06 1004.5 1000
"function evaluation" "current f(x)" "best-so-far f(x)" "current af(x)+b"  "best af(x)+b"
1 13.4772 13.4772 29.2472 29.2472
6 7.55671 7.55671 23.3267 23.3267
11 2.77607 2.77607 18.5461 18.5461
25 1.76193 1.76193 17.5319 17.5319
30 0.74334 0.74334 16.5133 16.5133
128 0.437335 0.437335 16.2073 16.2073
208 0.249896 0.249896 16.0199 16.0199
547 0.0161577 0.0161577 15.7862 15.7862
1120 0.00358274 0.00358274 15.7736 15.7736
12229 0.00228234 0.00228234 15.7723 15.7723
12706 0.000208946 0.000208946 15.7702 15.7702
20050 458.601 0.000208946 474.371 15.7702
"function evaluation" "current f(x)" "best-so-far f(x)" "current af(x)+b"  "best af(x)+b"
1 11.0185 11.0185 -158.732 -158.732
3 5.81618 5.81618 -163.934 -163.934
18 3.19063 3.19063 -166.559 -166.559
29 0.240956 0.240956 -169.509 -169.509
339 0.0359407 0.0359407 -169.714 -169.714
508 0.0265676 0.0265676 -169.723 -169.723
619 0.0139248 0.0139248 -169.736 -169.736
2210 0.00412877 0.00412877 -169.746 -169.746
2821 0.000601844 0.000601844 -169.749 -169.749
19021 0.000356363 0.000356363 -169.75 -169.75
20050 11280 0.000356363 11110.3 -169.75
