"function evaluation" "current f(x)" "best-so-far f(x)" "current af(x)+b"  "best af(x)+b"
1 2798.25 2798.25 2891.19 2891.19
2 2537.29 2537.29 2630.23 2630.23
5 2306.9 2306.9 2399.84 2399.84
8 1550.5 1550.5 1643.44 1643.44
14 1516.3 1516.3 1609.24 1609.24
24 1338.27 1338.27 1431.21 1431.21
53 1163.1 1163.1 1256.04 1256.04
60 926.25 926.25 1019.19 1019.19
66 828.43 828.43 921.37 921.37
102 763.432 763.432 856.372 856.372
196 527.701 527.701 620.641 620.641
222 518.529 518.529 611.469 611.469
462 501.738 501.738 594.678 594.678
528 498.161 498.161 591.101 591.101
791 467.47 467.47 560.41 560.41
793 436.47 436.47 529.41 529.41
1143 433.108 433.108 526.048 526.048
1152 414.745 414.745 507.685 507.685
1511 407.862 407.862 500.802 500.802
2071 400.027 400.027 492.967 492.967
2135 396.125 396.125 489.065 489.065
2150 1976.92 396.125 2069.86 489.065
"function evaluation" "current f(x)" "best-so-far f(x)" "current af(x)+b"  "best af(x)+b"
1 4749.98 4749.98 4785.33 4785.33
2 4636.97 4636.97 4672.32 4672.32
4 4103.54 4103.54 4138.89 4138.89
7 2721.48 2721.48 2756.83 2756.83
14 2335.83 2335.83 2371.18 2371.18
27 1883.99 1883.99 1919.34 1919.34
39 1783.9 1783.9 1819.25 1819.25
64 1472.69 1472.69 1508.04 1508.04
65 1156 1156 1191.35 1191.35
71 1099.22 1099.22 1134.57 1134.57
87 813.908 813.908 849.258 849.258
214 750.151 750.151 785.501 785.501
529 678.99 678.99 714.34 714.34
627 663.617 663.617 698.967 698.967
649 626.046 626.046 661.396 661.396
765 562.766 562.766 598.116 598.116
852 556.367 556.367 591.717 591.717
986 508.08 508.08 543.43 543.43
2150 2241.71 508.08 2277.06 543.43
"function evaluation" "current f(x)" "best-so-far f(x)" "current af(x)+b"  "best af(x)+b"
1 2528.13 2528.13 2531.95 2531.95
2 2110.15 2110.15 2113.97 2113.97
3 1086.58 1086.58 1090.4 1090.4
25 1017.8 1017.8 1021.62 1021.62
39 956.959 956.959 960.779 960.779
50 787.651 787.651 791.471 791.471
108 666.765 666.765 670.585 670.585
200 666.142 666.142 669.962 669.962
231 471.584 471.584 475.404 475.404
414 450.174 450.174 453.994 453.994
421 316.777 316.777 320.597 320.597
830 288.964 288.964 292.784 292.784
1099 288.262 288.262 292.082 292.082
1168 279.664 279.664 283.484 283.484
1185 272.039 272.039 275.859 275.859
1192 270.854 270.854 274.674 274.674
1193 269.763 269.763 273.583 273.583
1403 268.83 268.83 272.65 272.65
1562 264.1 264.1 267.92 267.92
1608 243.253 243.253 247.073 247.073
1630 229.249 229.249 233.069 233.069
2150 304.662 229.249 308.482 233.069
"function evaluation" "current f(x)" "best-so-far f(x)" "current af(x)+b"  "best af(x)+b"
1 2290.97 2290.97 2312.72 2312.72
2 1967.6 1967.6 1989.35 1989.35
4 870.9 870.9 892.65 892.65
12 756.816 756.816 778.566 778.566
17 451.636 451.636 473.386 473.386
156 426.42 426.42 448.17 448.17
242 380.343 380.343 402.093 402.093
412 327.009 327.009 348.759 348.759
425 267.486 267.486 289.236 289.236
817 248.607 248.607 270.357 270.357
855 211.372 211.372 233.122 233.122
1184 208.949 208.949 230.699 230.699
1239 208.683 208.683 230.433 230.433
1443 190.778 190.778 212.528 212.528
1453 180.569 180.569 202.319 202.319
1558 179.504 179.504 201.254 201.254
1913 178.227 178.227 199.977 199.977
2150 337.21 178.227 358.96 199.977
"function evaluation" "current f(x)" "best-so-far f(x)" "current af(x)+b"  "best af(x)+b"
1 2946.95 2946.95 3011.74 3011.74
2 2572.8 2572.8 2637.59 2637.59
3 2371.88 2371.88 2436.67 2436.67
4 2170.65 2170.65 2235.44 2235.44
6 1443.92 1443.92 1508.71 1508.71
12 1231.78 1231.78 1296.57 1296.57
23 857.535 857.535 922.325 922.325
65 689.714 689.714 754.504 754.504
83 495.736 495.736 560.526 560.526
217 402.513 402.513 467.303 467.303
403 316.16 316.16 380.95 380.95
442 277.864 277.864 342.654 342.654
480 274.964 274.964 339.754 339.754
615 253.415 253.415 318.205 318.205
796 248.659 248.659 313.449 313.449
797 198.002 198.002 262.792 262.792
855 191.274 191.274 256.064 256.064
1127 172.513 172.513 237.303 237.303
1289 162.866 162.866 227.656 227.656
1559 161.604 161.604 226.394 226.394
1631 153.766 153.766 218.556 218.556
1898 147.585 147.585 212.375 212.375
2150 777.385 147.585 842.175 212.375
"function evaluation" "current f(x)" "best-so-far f(x)" "current af(x)+b"  "best af(x)+b"
1 1356.82 1356.82 1410.89 1410.89
8 1350.66 1350.66 1404.73 1404.73
12 1121.09 1121.09 1175.16 1175.16
93 1092.15 1092.15 1146.22 1146.22
407 939.054 939.054 993.124 993.124
410 922.702 922.702 976.772 976.772
412 917.753 917.753 971.823 971.823
608 910.238 910.238 964.308 964.308
768 799.058 799.058 853.128 853.128
891 798.762 798.762 852.832 852.832
1006 747.312 747.312 801.382 801.382
1211 739.628 739.628 793.698 793.698
1292 702.5 702.5 756.57 756.57
2150 3311.92 702.5 3365.99 756.57
"function evaluation" "current f(x)" "best-so-far f(x)" "current af(x)+b"  "best af(x)+b"
1 3672.03 3672.03 3580.51 3580.51
4 2348.5 2348.5 2256.98 2256.98
11 2132.27 2132.27 2040.75 2040.75
14 1894.97 1894.97 1803.45 1803.45
18 1816.2 1816.2 1724.68 1724.68
24 1331.57 1331.57 1240.05 1240.05
25 1193.48 1193.48 1101.96 1101.96
29 739.703 739.703 648.183 648.183
94 505.52 505.52 414 414
283 444.822 444.822 353.302 353.302
437 407.927 407.927 316.407 316.407
616 342.367 342.367 250.847 250.847
782 322.431 322.431 230.911 230.911
796 318.3 318.3 226.78 226.78
834 290.034 290.034 198.514 198.514
897 265.02 265.02 173.5 173.5
1155 255.782 255.782 164.262 164.262
1486 234.927 234.927 143.407 143.407
2150 6358.88 234.927 6267.36 143.407
"function evaluation" "current f(x)" "best-so-far f(x)" "current af(x)+b"  "best af(x)+b"
1 2363.79 2363.79 2386.42 2386.42
5 2211.69 2211.69 2234.32 2234.32
9 1563.51 1563.51 1586.14 1586.14
33 1498.74 1498.74 1521.37 1521.37
92 1440.06 1440.06 1462.69 1462.69
101 1077.12 1077.12 1099.75 1099.75
109 888.73 888.73 911.36 911.36
209 736.049 736.049 758.679 758.679
568 602.751 602.751 625.381 625.381
755 529.356 529.356 551.986 551.986
1201 528.563 528.563 551.193 551.193
1509 512.456 512.456 535.086 535.086
1838 506.823 506.823 529.453 529.453
1862 496.065 496.065 518.695 518.695
2150 827.578 496.065 850.208 518.695
"function evaluation" "current f(x)" "best-so-far f(x)" "current af(x)+b"  "best af(x)+b"
1 4448.86 4448.86 4464.4 4464.4
2 1485.62 1485.62 1501.16 1501.16
4 838.187 838.187 853.727 853.727
44 784.284 784.284 799.824 799.824
113 755.848 755.848 771.388 771.388
152 744.014 744.014 759.554 759.554
416 583.896 583.896 599.436 599.436
433 561.844 561.844 577.384 577.384
437 467.968 467.968 483.508 483.508
712 428.886 428.886 444.426 444.426
767 425.8 425.8 441.34 441.34
791 409.715 409.715 425.255 425.255
901 347.562 347.562 363.102 363.102
1950 345.015 345.015 360.555 360.555
2150 762.097 345.015 777.637 360.555
"function evaluation" "current f(x)" "best-so-far f(x)" "current af(x)+b"  "best af(x)+b"
1 3343.89 3343.89 2967.38 2967.38
2 2130.99 2130.99 1754.48 1754.48
6 1330 1330 953.486 953.486
18 1071.63 1071.63 695.124 695.124
36 832.008 832.008 455.498 455.498
122 823.476 823.476 446.966 446.966
402 677.05 677.05 300.54 300.54
448 616.427 616.427 239.917 239.917
495 590.549 590.549 214.039 214.039
500 581.541 581.541 205.031 205.031
655 564.363 564.363 187.853 187.853
758 551.931 551.931 175.421 175.421
805 551.132 551.132 174.622 174.622
831 547.747 547.747 171.237 171.237
913 530.691 530.691 154.181 154.181
931 529.119 529.119 152.609 152.609
1116 523.408 523.408 146.898 146.898
1223 498.887 498.887 122.377 122.377
1224 485.155 485.155 108.645 108.645
1240 476.12 476.12 99.6101 99.6101
1256 464.471 464.471 87.9609 87.9609
2125 430.194 430.194 53.6838 53.6838
2150 521.816 430.194 145.306 53.6838
"function evaluation" "current f(x)" "best-so-far f(x)" "current af(x)+b"  "best af(x)+b"
1 1448.18 1448.18 1844.22 1844.22
9 747.568 747.568 1143.61 1143.61
35 668.686 668.686 1064.73 1064.73
157 448.045 448.045 844.085 844.085
207 391.945 391.945 787.985 787.985
408 387.644 387.644 783.684 783.684
435 372.746 372.746 768.786 768.786
488 325.995 325.995 722.035 722.035
709 312.69 312.69 708.73 708.73
765 262.524 262.524 658.564 658.564
789 249.179 249.179 645.219 645.219
1080 242.285 242.285 638.325 638.325
1170 228.07 228.07 624.11 624.11
1464 224.608 224.608 620.648 620.648
1510 219.419 219.419 615.459 615.459
1818 214.353 214.353 610.393 610.393
2095 208.736 208.736 604.776 604.776
2150 282.225 208.736 678.265 604.776
"function evaluation" "current f(x)" "best-so-far f(x)" "current af(x)+b"  "best af(x)+b"
1 3947.46 3947.46 4075.57 4075.57
3 2025.45 2025.45 2153.56 2153.56
5 1143.37 1143.37 1271.48 1271.48
12 767.624 767.624 895.734 895.734
39 700.371 700.371 828.481 828.481
52 450.424 450.424 578.534 578.534
78 292.096 292.096 420.206 420.206
177 172.305 172.305 300.415 300.415
478 146.823 146.823 274.933 274.933
760 131.51 131.51 259.62 259.62
880 112.415 112.415 240.525 240.525
1155 110.974 110.974 239.084 239.084
1204 94.5044 94.5044 222.614 222.614
2150 236.244 94.5044 364.354 222.614
"function evaluation" "current f(x)" "best-so-far f(x)" "current af(x)+b"  "best af(x)+b"
1 2683.19 2683.19 2390.84 2390.84
2 2560.26 2560.26 2267.91 2267.91
4 1709.43 1709.43 1417.08 1417.08
6 1558.93 1558.93 1266.58 1266.58
15 1398.35 1398.35 1106 1106
19 1012.41 1012.41 720.06 720.06
21 1005.81 1005.81 713.457 713.457
24 925.388 925.388 633.038 633.038
94 472.112 472.112 179.762 179.762
409 437.148 437.148 144.798 144.798
636 405.992 405.992 113.642 113.642
711 404.163 404.163 111.813 111.813
752 398.607 398.607 106.257 106.257
759 362.07 362.07 69.7197 69.7197
770 322.835 322.835 30.485 30.485
799 314.039 314.039 21.6892 21.6892
1000 279.043 279.043 -13.3067 -13.3067
1021 250.903 250.903 -41.447 -41.447
1100 627.331 250.903 334.981 -41.447
"function evaluation" "current f(x)" "best-so-far f(x)" "current af(x)+b"  "best af(x)+b"
1 1452.61 1452.61 1763.62 1763.62
6 1202.18 1202.18 1513.19 1513.19
10 1022.74 1022.74 1333.75 1333.75
54 829.498 829.498 1140.51 1140.51
56 760.495 760.495 1071.5 1071.5
78 758.562 758.562 1069.57 1069.57
99 701.044 701.044 1012.05 1012.05
184 654.809 654.809 965.819 965.819
326 416.824 416.824 727.834 727.834
417 396.176 396.176 707.186 707.186
464 238.489 238.489 549.499 549.499
1486 222.352 222.352 533.362 533.362
1510 217.626 217.626 528.636 528.636
1959 217.124 217.124 528.134 528.134
2127 213.196 213.196 524.206 524.206
2150 339.161 213.196 650.171 524.206
"function evaluation" "current f(x)" "best-so-far f(x)" "current af(x)+b"  "best af(x)+b"
1 1579.79 1579.79 774.613 774.613
9 823.534 823.534 18.3545 18.3545
29 751.305 751.305 -53.8748 -53.8748
50 1878.22 751.305 1073.04 -53.8748
"function evaluation" "current f(x)" "best-so-far f(x)" "current af(x)+b"  "best af(x)+b"
1 3273.43 3273.43 3302.69 3302.69
3 2383.95 2383.95 2413.21 2413.21
4 1209.58 1209.58 1238.84 1238.84
28 902.856 902.856 932.116 932.116
51 797.609 797.609 826.869 826.869
104 658.107 658.107 687.367 687.367
134 643.522 643.522 672.782 672.782
401 607.227 607.227 636.487 636.487
455 584.785 584.785 614.045 614.045
475 547.435 547.435 576.695 576.695
525 526.367 526.367 555.627 555.627
536 526.231 526.231 555.491 555.491
657 419.647 419.647 448.907 448.907
1116 404.946 404.946 434.206 434.206
1134 390.723 390.723 419.983 419.983
1455 380.947 380.947 410.207 410.207
1474 380.551 380.551 409.811 409.811
1572 369.648 369.648 398.908 398.908
2150 490.437 369.648 519.697 398.908
"function evaluation" "current f(x)" "best-so-far f(x)" "current af(x)+b"  "best af(x)+b"
1 2730.74 2730.74 2619.68 2619.68
2 829.438 829.438 718.378 718.378
56 803.759 803.759 692.699 692.699
107 653.85 653.85 542.79 542.79
397 649.726 649.726 538.666 538.666
418 556.242 556.242 445.182 445.182
751 509.783 509.783 398.723 398.723
964 457.353 457.353 346.293 346.293
1028 451.645 451.645 340.585 340.585
1117 411.667 411.667 300.607 300.607
2108 410.305 410.305 299.245 299.245
2150 619.615 410.305 508.555 299.245
"function evaluation" "current f(x)" "best-so-far f(x)" "current af(x)+b"  "best af(x)+b"
1 3547.89 3547.89 3591.08 3591.08
2 2731.39 2731.39 2774.58 2774.58
3 524.374 524.374 567.564 567.564
101 469.815 469.815 513.005 513.005
422 430.789 430.789 473.979 473.979
465 368.906 368.906 412.096 412.096
810 283.762 283.762 326.952 326.952
840 282.302 282.302 325.492 325.492
1265 266.205 266.205 309.395 309.395
1302 258.388 258.388 301.578 301.578
1518 244.578 244.578 287.768 287.768
1745 238.805 238.805 281.995 281.995
2150 322.408 238.805 365.598 281.995
"function evaluation" "current f(x)" "best-so-far f(x)" "current af(x)+b"  "best af(x)+b"
1 1496.86 1496.86 2496.86 2496.86
5 1470.56 1470.56 2470.56 2470.56
7 1410.39 1410.39 2410.39 2410.39
12 921.383 921.383 1921.38 1921.38
45 667.596 667.596 1667.6 1667.6
101 504.666 504.666 1504.67 1504.67
412 469.183 469.183 1469.18 1469.18
421 435.235 435.235 1435.23 1435.23
425 422.624 422.624 1422.62 1422.62
728 401.501 401.501 1401.5 1401.5
789 373.821 373.821 1373.82 1373.82
798 353.946 353.946 1353.95 1353.95
852 295.43 295.43 1295.43 1295.43
920 278.971 278.971 1278.97 1278.97
2150 330.163 278.971 1330.16 1278.97
"function evaluation" "current f(x)" "best-so-far f(x)" "current af(x)+b"  "best af(x)+b"
1 1697.26 1697.26 1988.23 1988.23
2 1371.79 1371.79 1662.76 1662.76
7 1170.67 1170.67 1461.64 1461.64
35 654.031 654.031 945.001 945.001
137 638.504 638.504 929.474 929.474
157 634.055 634.055 925.025 925.025
335 558.998 558.998 849.968 849.968
414 438.887 438.887 729.857 729.857
428 395.912 395.912 686.882 686.882
787 351.217 351.217 642.187 642.187
805 349.141 349.141 640.111 640.111
807 301.318 301.318 592.288 592.288
1110 290.141 290.141 581.111 581.111
1312 285.285 285.285 576.255 576.255
1342 272.274 272.274 563.244 563.244
1887 264.662 264.662 555.632 555.632
2150 522.52 264.662 813.49 555.632
"function evaluation" "current f(x)" "best-so-far f(x)" "current af(x)+b"  "best af(x)+b"
1 2284.17 2284.17 2087.83 2087.83
3 1874.1 1874.1 1677.76 1677.76
10 1262.95 1262.95 1066.61 1066.61
16 1205.08 1205.08 1008.74 1008.74
53 698.583 698.583 502.243 502.243
327 568.634 568.634 372.294 372.294
471 562.082 562.082 365.742 365.742
811 560.896 560.896 364.556 364.556
865 528.461 528.461 332.121 332.121
957 507.105 507.105 310.765 310.765
1288 502.033 502.033 305.693 305.693
1401 485.381 485.381 289.041 289.041
2150 559.672 485.381 363.332 289.041
"function evaluation" "current f(x)" "best-so-far f(x)" "current af(x)+b"  "best af(x)+b"
1 3787.99 3787.99 3768.64 3768.64
2 2239 2239 2219.65 2219.65
3 2076.5 2076.5 2057.15 2057.15
6 2009.22 2009.22 1989.87 1989.87
7 1950.26 1950.26 1930.91 1930.91
8 1903.14 1903.14 1883.79 1883.79
10 901.408 901.408 882.058 882.058
43 695.546 695.546 676.196 676.196
58 614.546 614.546 595.196 595.196
64 613.279 613.279 593.929 593.929
91 430.279 430.279 410.929 410.929
413 365.555 365.555 346.205 346.205
601 349.605 349.605 330.255 330.255
720 321.91 321.91 302.56 302.56
818 316.414 316.414 297.064 297.064
833 298.267 298.267 278.917 278.917
908 277.709 277.709 258.359 258.359
1377 266.698 266.698 247.348 247.348
1454 266.293 266.293 246.943 246.943
1463 260.546 260.546 241.196 241.196
1480 257.163 257.163 237.813 237.813
1969 250.416 250.416 231.066 231.066
2006 249.371 249.371 230.021 230.021
2150 1954.12 249.371 1934.77 230.021
"function evaluation" "current f(x)" "best-so-far f(x)" "current af(x)+b"  "best af(x)+b"
1 1275.55 1275.55 944.135 944.135
2 1220.95 1220.95 889.528 889.528
6 782.183 782.183 450.763 450.763
90 732.557 732.557 401.137 401.137
94 612.035 612.035 280.615 280.615
113 573.397 573.397 241.977 241.977
402 569.822 569.822 238.402 238.402
409 486.698 486.698 155.278 155.278
473 401.127 401.127 69.7074 69.7074
483 333.83 333.83 2.40959 2.40959
790 333.336 333.336 1.916 1.916
833 321.437 321.437 -9.98349 -9.98349
945 314.802 314.802 -16.6181 -16.6181
1100 384.245 314.802 52.825 -16.6181
"function evaluation" "current f(x)" "best-so-far f(x)" "current af(x)+b"  "best af(x)+b"
1 2652.05 2652.05 3064.97 3064.97
2 1289.94 1289.94 1702.86 1702.86
5 1123.5 1123.5 1536.42 1536.42
6 1009.83 1009.83 1422.75 1422.75
14 656.942 656.942 1069.86 1069.86
114 462.761 462.761 875.681 875.681
403 422.1 422.1 835.02 835.02
429 299.407 299.407 712.327 712.327
772 271.441 271.441 684.361 684.361
797 242.633 242.633 655.553 655.553
1083 235.09 235.09 648.01 648.01
1116 229.307 229.307 642.227 642.227
1556 222.612 222.612 635.532 635.532
1847 209.857 209.857 622.777 622.777
2150 953.475 209.857 1366.39 622.777
"function evaluation" "current f(x)" "best-so-far f(x)" "current af(x)+b"  "best af(x)+b"
1 5282.56 5282.56 5499.5 5499.5
2 4117.81 4117.81 4334.75 4334.75
3 1274.01 1274.01 1490.95 1490.95
24 1236.99 1236.99 1453.93 1453.93
34 926.899 926.899 1143.84 1143.84
70 633.421 633.421 850.361 850.361
110 599.638 599.638 816.578 816.578
283 529.335 529.335 746.275 746.275
443 447.92 447.92 664.86 664.86
696 439.931 439.931 656.871 656.871
697 432.539 432.539 649.479 649.479
818 413.329 413.329 630.269 630.269
823 401.873 401.873 618.813 618.813
1083 398.577 398.577 615.517 615.517
1093 391.89 391.89 608.83 608.83
1209 372.011 372.011 588.951 588.951
1390 349.294 349.294 566.234 566.234
1813 339.176 339.176 556.116 556.116
2150 412.965 339.176 629.905 556.116
