"function evaluation" "current f(x)" "best-so-far f(x)" "current af(x)+b"  "best af(x)+b"
1 76.867 76.867 59.927 59.927
3 50.2183 50.2183 33.2783 33.2783
5 35.64 35.64 18.7 18.7
29 22.5344 22.5344 5.59442 5.59442
256 16.1396 16.1396 -0.800354 -0.800354
546 14.2537 14.2537 -2.68628 -2.68628
719 11.5094 11.5094 -5.43064 -5.43064
964 11.2674 11.2674 -5.67259 -5.67259
982 11.0103 11.0103 -5.92968 -5.92968
1105 10.4549 10.4549 -6.48505 -6.48505
1219 10.2175 10.2175 -6.72252 -6.72252
1701 9.13933 9.13933 -7.80067 -7.80067
1820 7.87206 7.87206 -9.06794 -9.06794
1949 7.12419 7.12419 -9.81581 -9.81581
2002 6.20462 6.20462 -10.7354 -10.7354
2050 15.7294 6.20462 -1.21061 -10.7354
"function evaluation" "current f(x)" "best-so-far f(x)" "current af(x)+b"  "best af(x)+b"
1 35.0388 35.0388 53.8488 53.8488
4 25.9976 25.9976 44.8076 44.8076
6 23.2552 23.2552 42.0652 42.0652
11 20.0937 20.0937 38.9037 38.9037
20 14.9364 14.9364 33.7464 33.7464
48 14.0202 14.0202 32.8302 32.8302
219 13.3409 13.3409 32.1509 32.1509
368 10.8334 10.8334 29.6434 29.6434
674 10.4159 10.4159 29.2259 29.2259
784 10.3713 10.3713 29.1813 29.1813
915 8.07969 8.07969 26.8897 26.8897
1705 7.67333 7.67333 26.4833 26.4833
1733 7.53849 7.53849 26.3485 26.3485
1824 6.71133 6.71133 25.5213 25.5213
2050 15.5318 6.71133 34.3418 25.5213
"function evaluation" "current f(x)" "best-so-far f(x)" "current af(x)+b"  "best af(x)+b"
1 52.2336 52.2336 325.384 325.384
7 47.3958 47.3958 320.546 320.546
9 35.2552 35.2552 308.405 308.405
17 34.3062 34.3062 307.456 307.456
41 29.3207 29.3207 302.471 302.471
105 27.5429 27.5429 300.693 300.693
113 17.0835 17.0835 290.234 290.234
206 16.5977 16.5977 289.748 289.748
258 13.9647 13.9647 287.115 287.115
980 12.4645 12.4645 285.615 285.615
986 11.3058 11.3058 284.456 284.456
1085 10.6208 10.6208 283.771 283.771
1326 8.32147 8.32147 281.471 281.471
1361 7.78776 7.78776 280.938 280.938
2050 51.6855 7.78776 324.835 280.938
"function evaluation" "current f(x)" "best-so-far f(x)" "current af(x)+b"  "best af(x)+b"
1 17.1276 17.1276 54.3076 54.3076
19 16.7668 16.7668 53.9468 53.9468
36 14.4432 14.4432 51.6232 51.6232
37 11.8138 11.8138 48.9938 48.9938
527 9.61259 9.61259 46.7926 46.7926
632 9.24702 9.24702 46.427 46.427
921 8.94153 8.94153 46.1215 46.1215
997 8.86204 8.86204 46.042 46.042
1085 7.99117 7.99117 45.1712 45.1712
1096 7.46544 7.46544 44.6454 44.6454
1187 5.99411 5.99411 43.1741 43.1741
2050 47.2765 5.99411 84.4565 43.1741
"function evaluation" "current f(x)" "best-so-far f(x)" "current af(x)+b"  "best af(x)+b"
1 48.2927 48.2927 -99.6073 -99.6073
2 30.8417 30.8417 -117.058 -117.058
3 14.7674 14.7674 -133.133 -133.133
125 13.8541 13.8541 -134.046 -134.046
166 12.6692 12.6692 -135.231 -135.231
254 11.8115 11.8115 -136.088 -136.088
918 10.7425 10.7425 -137.157 -137.157
1082 8.8634 8.8634 -139.037 -139.037
1400 8.49291 8.49291 -139.407 -139.407
1425 8.11413 8.11413 -139.786 -139.786
1446 7.27004 7.27004 -140.63 -140.63
2050 13.9569 7.27004 -133.943 -140.63
"function evaluation" "current f(x)" "best-so-far f(x)" "current af(x)+b"  "best af(x)+b"
1 58.4075 58.4075 -163.482 -163.482
2 22.8864 22.8864 -199.004 -199.004
3 17.2455 17.2455 -204.644 -204.644
5 16.9482 16.9482 -204.942 -204.942
16 13.9128 13.9128 -207.977 -207.977
120 12.763 12.763 -209.127 -209.127
363 10.0696 10.0696 -211.82 -211.82
513 9.09949 9.09949 -212.791 -212.791
575 8.83618 8.83618 -213.054 -213.054
1099 7.78134 7.78134 -214.109 -214.109
1561 6.55316 6.55316 -215.337 -215.337
1586 5.97813 5.97813 -215.912 -215.912
2050 13.6335 5.97813 -208.257 -215.912
"function evaluation" "current f(x)" "best-so-far f(x)" "current af(x)+b"  "best af(x)+b"
1 150.96 150.96 270.5 270.5
2 18.4807 18.4807 138.021 138.021
18 16.1993 16.1993 135.739 135.739
110 14.3353 14.3353 133.875 133.875
234 14.2029 14.2029 133.743 133.743
248 13.55 13.55 133.09 133.09
257 12.7916 12.7916 132.332 132.332
276 10.5832 10.5832 130.123 130.123
529 10.0241 10.0241 129.564 129.564
909 8.0901 8.0901 127.63 127.63
1202 7.98652 7.98652 127.527 127.527
1588 6.59903 6.59903 126.139 126.139
2050 12.5389 6.59903 132.079 126.139
"function evaluation" "current f(x)" "best-so-far f(x)" "current af(x)+b"  "best af(x)+b"
1 32.2588 32.2588 102.089 102.089
2 22.9567 22.9567 92.7867 92.7867
14 16.2127 16.2127 86.0427 86.0427
241 13.451 13.451 83.281 83.281
296 9.88596 9.88596 79.716 79.716
366 9.23201 9.23201 79.062 79.062
1063 9.07904 9.07904 78.909 78.909
1393 9.05193 9.05193 78.8819 78.8819
1441 8.19028 8.19028 78.0203 78.0203
1932 5.53015 5.53015 75.3601 75.3601
2050 55.3134 5.53015 125.143 75.3601
"function evaluation" "current f(x)" "best-so-far f(x)" "current af(x)+b"  "best af(x)+b"
1 28.2524 28.2524 28.3224 28.3224
6 26.2918 26.2918 26.3618 26.3618
11 15.3402 15.3402 15.4102 15.4102
274 14.8963 14.8963 14.9663 14.9663
547 14.4945 14.4945 14.5645 14.5645
584 14.1915 14.1915 14.2615 14.2615
629 9.63846 9.63846 9.70846 9.70846
1306 9.26874 9.26874 9.33874 9.33874
1360 6.56035 6.56035 6.63035 6.63035
2041 6.50297 6.50297 6.57297 6.57297
2050 19.2171 6.50297 19.2871 6.57297
"function evaluation" "current f(x)" "best-so-far f(x)" "current af(x)+b"  "best af(x)+b"
1 16.6894 16.6894 21.6494 21.6494
559 14.3399 14.3399 19.2999 19.2999
566 12.344 12.344 17.304 17.304
1043 12.1693 12.1693 17.1293 17.1293
1128 12.1135 12.1135 17.0735 17.0735
1163 10.4544 10.4544 15.4144 15.4144
1720 9.43516 9.43516 14.3952 14.3952
1875 7.51118 7.51118 12.4712 12.4712
2050 30.6853 7.51118 35.6453 12.4712
"function evaluation" "current f(x)" "best-so-far f(x)" "current af(x)+b"  "best af(x)+b"
1 47.6453 47.6453 239.945 239.945
2 21.8631 21.8631 214.163 214.163
40 18.8323 18.8323 211.132 211.132
136 18.1503 18.1503 210.45 210.45
139 14.0025 14.0025 206.303 206.303
281 7.91892 7.91892 200.219 200.219
923 7.67942 7.67942 199.979 199.979
1611 6.34186 6.34186 198.642 198.642
1970 5.46338 5.46338 197.763 197.763
2050 37.7083 5.46338 230.008 197.763
"function evaluation" "current f(x)" "best-so-far f(x)" "current af(x)+b"  "best af(x)+b"
1 74.3405 74.3405 124.051 124.051
2 34.503 34.503 84.213 84.213
9 26.4193 26.4193 76.1293 76.1293
13 23.6022 23.6022 73.3122 73.3122
17 18.7742 18.7742 68.4842 68.4842
25 13.879 13.879 63.589 63.589
515 10.754 10.754 60.464 60.464
574 10.6405 10.6405 60.3505 60.3505
809 10.191 10.191 59.901 59.901
849 9.10748 9.10748 58.8175 58.8175
1049 8.3002 8.3002 58.0102 58.0102
1842 7.64567 7.64567 57.3557 57.3557
2050 33.7357 7.64567 83.4457 57.3557
"function evaluation" "current f(x)" "best-so-far f(x)" "current af(x)+b"  "best af(x)+b"
1 29.2064 29.2064 234.326 234.326
2 26.4021 26.4021 231.522 231.522
3 24.0331 24.0331 229.153 229.153
10 23.0129 23.0129 228.133 228.133
14 16.1276 16.1276 221.248 221.248
120 14.9244 14.9244 220.044 220.044
283 13.422 13.422 218.542 218.542
559 12.5124 12.5124 217.632 217.632
564 10.1576 10.1576 215.278 215.278
989 9.95609 9.95609 215.076 215.076
1080 9.38993 9.38993 214.51 214.51
1718 7.36239 7.36239 212.482 212.482
2050 26.7852 7.36239 231.905 212.482
"function evaluation" "current f(x)" "best-so-far f(x)" "current af(x)+b"  "best af(x)+b"
1 60.0088 60.0088 -112.891 -112.891
2 44.729 44.729 -128.171 -128.171
3 32.9213 32.9213 -139.979 -139.979
15 22.4375 22.4375 -150.462 -150.462
40 20.9735 20.9735 -151.926 -151.926
122 18.4644 18.4644 -154.436 -154.436
130 15.1548 15.1548 -157.745 -157.745
529 10.4159 10.4159 -162.484 -162.484
602 9.95588 9.95588 -162.944 -162.944
1221 9.30619 9.30619 -163.594 -163.594
1776 8.40837 8.40837 -164.492 -164.492
2005 8.2757 8.2757 -164.624 -164.624
2050 84.2871 8.2757 -88.6129 -164.624
"function evaluation" "current f(x)" "best-so-far f(x)" "current af(x)+b"  "best af(x)+b"
1 45.0853 45.0853 -305.535 -305.535
2 28.2979 28.2979 -322.322 -322.322
5 27.3355 27.3355 -323.284 -323.284
20 19.5967 19.5967 -331.023 -331.023
137 18.9828 18.9828 -331.637 -331.637
173 18.5832 18.5832 -332.037 -332.037
186 17.7818 17.7818 -332.838 -332.838
194 16.5091 16.5091 -334.111 -334.111
326 11.7941 11.7941 -338.826 -338.826
969 11.165 11.165 -339.455 -339.455
1249 8.1788 8.1788 -342.441 -342.441
1331 8.02543 8.02543 -342.595 -342.595
1640 7.89685 7.89685 -342.723 -342.723
2050 25.1693 7.89685 -325.451 -342.723
"function evaluation" "current f(x)" "best-so-far f(x)" "current af(x)+b"  "best af(x)+b"
1 57.8294 57.8294 228.909 228.909
4 13.4496 13.4496 184.53 184.53
554 11.0345 11.0345 182.115 182.115
602 10.4419 10.4419 181.522 181.522
764 10.418 10.418 181.498 181.498
947 9.28315 9.28315 180.363 180.363
1206 8.98459 8.98459 180.065 180.065
1384 8.97309 8.97309 180.053 180.053
1418 7.39994 7.39994 178.48 178.48
1756 6.60453 6.60453 177.685 177.685
2050 14.2526 6.60453 185.333 177.685
"function evaluation" "current f(x)" "best-so-far f(x)" "current af(x)+b"  "best af(x)+b"
1 54.1805 54.1805 147.861 147.861
3 23.95 23.95 117.63 117.63
7 23.0786 23.0786 116.759 116.759
9 13.7522 13.7522 107.432 107.432
17 13.0329 13.0329 106.713 106.713
287 12.4501 12.4501 106.13 106.13
505 11.8663 11.8663 105.546 105.546
790 11.7479 11.7479 105.428 105.428
926 9.83747 9.83747 103.517 103.517
1002 9.63086 9.63086 103.311 103.311
1075 9.05198 9.05198 102.732 102.732
1217 6.57527 6.57527 100.255 100.255
2050 25.3858 6.57527 119.066 100.255
"function evaluation" "current f(x)" "best-so-far f(x)" "current af(x)+b"  "best af(x)+b"
1 56.684 56.684 -182.486 -182.486
4 41.8318 41.8318 -197.338 -197.338
5 23.2811 23.2811 -215.889 -215.889
6 21.0052 21.0052 -218.165 -218.165
8 19.2015 19.2015 -219.969 -219.969
25 11.0531 11.0531 -228.117 -228.117
637 10.1233 10.1233 -229.047 -229.047
920 9.0146 9.0146 -230.155 -230.155
1011 8.71813 8.71813 -230.452 -230.452
1028 8.12998 8.12998 -231.04 -231.04
1312 7.82151 7.82151 -231.348 -231.348
1384 7.25165 7.25165 -231.918 -231.918
1624 6.11927 6.11927 -233.051 -233.051
2050 35.0912 6.11927 -204.079 -233.051
"function evaluation" "current f(x)" "best-so-far f(x)" "current af(x)+b"  "best af(x)+b"
1 26.0769 26.0769 147.767 147.767
7 19.5214 19.5214 141.211 141.211
16 17.1985 17.1985 138.889 138.889
20 13.6868 13.6868 135.377 135.377
117 11.9676 11.9676 133.658 133.658
532 11.6409 11.6409 133.331 133.331
839 10.1069 10.1069 131.797 131.797
914 9.1909 9.1909 130.881 130.881
939 8.88074 8.88074 130.571 130.571
1010 8.39493 8.39493 130.085 130.085
1131 7.5932 7.5932 129.283 129.283
1147 6.94908 6.94908 128.639 128.639
1730 5.62415 5.62415 127.314 127.314
1775 5.42405 5.42405 127.114 127.114
2050 5.97261 5.42405 127.663 127.114
"function evaluation" "current f(x)" "best-so-far f(x)" "current af(x)+b"  "best af(x)+b"
1 55.7991 55.7991 65.9291 65.9291
5 28.8494 28.8494 38.9794 38.9794
47 25.6305 25.6305 35.7605 35.7605
102 23.4782 23.4782 33.6082 33.6082
378 23.3704 23.3704 33.5004 33.5004
404 23.2767 23.2767 33.4067 33.4067
530 22.3782 22.3782 32.5082 32.5082
532 14.805 14.805 24.935 24.935
760 13.6627 13.6627 23.7927 23.7927
812 13.5578 13.5578 23.6878 23.6878
1236 13.2449 13.2449 23.3749 23.3749
1333 8.98198 8.98198 19.112 19.112
1706 5.83565 5.83565 15.9656 15.9656
2050 147.219 5.83565 157.349 15.9656
"function evaluation" "current f(x)" "best-so-far f(x)" "current af(x)+b"  "best af(x)+b"
1 86.3386 86.3386 126.939 126.939
2 52.5074 52.5074 93.1074 93.1074
4 15.6345 15.6345 56.2345 56.2345
143 13.4671 13.4671 54.0671 54.0671
192 12.9981 12.9981 53.5981 53.5981
597 10.2481 10.2481 50.8481 50.8481
936 7.76107 7.76107 48.3611 48.3611
1310 6.78081 6.78081 47.3808 47.3808
2050 16.6048 6.78081 57.2048 47.3808
"function evaluation" "current f(x)" "best-so-far f(x)" "current af(x)+b"  "best af(x)+b"
1 108.775 108.775 155.115 155.115
2 26.2897 26.2897 72.6297 72.6297
19 24.9188 24.9188 71.2588 71.2588
37 19.5248 19.5248 65.8648 65.8648
50 13.7769 13.7769 60.1169 60.1169
227 10.8037 10.8037 57.1437 57.1437
794 10.0542 10.0542 56.3942 56.3942
1499 9.85364 9.85364 56.1936 56.1936
1706 9.5773 9.5773 55.9173 55.9173
1813 7.2208 7.2208 53.5608 53.5608
2050 16.5556 7.2208 62.8956 53.5608
"function evaluation" "current f(x)" "best-so-far f(x)" "current af(x)+b"  "best af(x)+b"
1 38.271 38.271 -202.819 -202.819
3 21.0462 21.0462 -220.044 -220.044
7 18.2444 18.2444 -222.846 -222.846
111 14.0899 14.0899 -227 -227
153 12.1532 12.1532 -228.937 -228.937
550 10.2211 10.2211 -230.869 -230.869
777 10.0595 10.0595 -231.03 -231.03
1020 8.65674 8.65674 -232.433 -232.433
1040 7.62212 7.62212 -233.468 -233.468
1303 6.67788 6.67788 -234.412 -234.412
1343 6.5592 6.5592 -234.531 -234.531
1766 6.32983 6.32983 -234.76 -234.76
2050 29.1867 6.32983 -211.903 -234.76
"function evaluation" "current f(x)" "best-so-far f(x)" "current af(x)+b"  "best af(x)+b"
1 65.3978 65.3978 -101.482 -101.482
2 43.7113 43.7113 -123.169 -123.169
4 42.7065 42.7065 -124.173 -124.173
5 35.2602 35.2602 -131.62 -131.62
6 27.9593 27.9593 -138.921 -138.921
7 23.8957 23.8957 -142.984 -142.984
25 22.5953 22.5953 -144.285 -144.285
28 19.3421 19.3421 -147.538 -147.538
31 15.6965 15.6965 -151.183 -151.183
45 11.1935 11.1935 -155.687 -155.687
505 9.02301 9.02301 -157.857 -157.857
751 8.63691 8.63691 -158.243 -158.243
935 8.09559 8.09559 -158.784 -158.784
994 6.96813 6.96813 -159.912 -159.912
1194 6.74282 6.74282 -160.137 -160.137
1334 6.51825 6.51825 -160.362 -160.362
1801 6.22838 6.22838 -160.652 -160.652
2050 12.3151 6.22838 -154.565 -160.652
"function evaluation" "current f(x)" "best-so-far f(x)" "current af(x)+b"  "best af(x)+b"
1 37.7056 37.7056 -308.704 -308.704
3 27.8729 27.8729 -318.537 -318.537
12 26.3351 26.3351 -320.075 -320.075
21 19.5656 19.5656 -326.844 -326.844
156 15.4634 15.4634 -330.947 -330.947
339 15.0016 15.0016 -331.408 -331.408
521 9.22079 9.22079 -337.189 -337.189
1586 8.39764 8.39764 -338.012 -338.012
1704 8.12782 8.12782 -338.282 -338.282
2050 154.862 8.12782 -191.548 -338.282
