"function evaluation" "current f(x)" "best-so-far f(x)" "current af(x)+b"  "best af(x)+b"
1 413.751 413.751 -48.3388 -48.3388
3 120.773 120.773 -341.317 -341.317
29 80.7824 80.7824 -381.308 -381.308
148 78.7032 78.7032 -383.387 -383.387
187 71.9667 71.9667 -390.123 -390.123
341 60.8541 60.8541 -401.236 -401.236
437 49.2998 49.2998 -412.79 -412.79
472 48.4946 48.4946 -413.595 -413.595
750 283.693 48.4946 -178.397 -413.595
"function evaluation" "current f(x)" "best-so-far f(x)" "current af(x)+b"  "best af(x)+b"
1 270.172 270.172 347.832 347.832
2 184.407 184.407 262.067 262.067
6 133.427 133.427 211.087 211.087
12 82.448 82.448 160.108 160.108
124 76.5493 76.5493 154.209 154.209
182 60.707 60.707 138.367 138.367
446 58.9547 58.9547 136.615 136.615
454 38.5474 38.5474 116.207 116.207
750 114.938 38.5474 192.598 116.207
"function evaluation" "current f(x)" "best-so-far f(x)" "current af(x)+b"  "best af(x)+b"
1 66.666 66.666 182.346 182.346
99 62.9556 62.9556 178.636 178.636
474 56.3173 56.3173 171.997 171.997
680 49.1483 49.1483 164.828 164.828
750 203.178 49.1483 318.858 164.828
"function evaluation" "current f(x)" "best-so-far f(x)" "current af(x)+b"  "best af(x)+b"
1 573.759 573.759 570.049 570.049
2 189.333 189.333 185.623 185.623
3 159.741 159.741 156.031 156.031
15 119.243 119.243 115.533 115.533
66 111.091 111.091 107.381 107.381
77 77.448 77.448 73.738 73.738
234 65.4029 65.4029 61.6929 61.6929
408 63.7079 63.7079 59.9979 59.9979
486 44.5095 44.5095 40.7995 40.7995
750 486.59 44.5095 482.88 40.7995
"function evaluation" "current f(x)" "best-so-far f(x)" "current af(x)+b"  "best af(x)+b"
1 86.7799 86.7799 218.96 218.96
41 72.7545 72.7545 204.934 204.934
221 42.505 42.505 174.685 174.685
750 113.016 42.505 245.196 174.685
"function evaluation" "current f(x)" "best-so-far f(x)" "current af(x)+b"  "best af(x)+b"
1 298.7 298.7 -286.03 -286.03
6 133.412 133.412 -451.318 -451.318
10 119.051 119.051 -465.679 -465.679
34 93.3825 93.3825 -491.347 -491.347
51 73.5773 73.5773 -511.153 -511.153
284 72.4792 72.4792 -512.251 -512.251
394 69.4521 69.4521 -515.278 -515.278
417 62.5711 62.5711 -522.159 -522.159
468 51.5524 51.5524 -533.178 -533.178
583 48.1488 48.1488 -536.581 -536.581
642 32.3012 32.3012 -552.429 -552.429
750 186.693 32.3012 -398.037 -552.429
"function evaluation" "current f(x)" "best-so-far f(x)" "current af(x)+b"  "best af(x)+b"
1 276.603 276.603 240.063 240.063
4 122.743 122.743 86.2029 86.2029
11 71.2729 71.2729 34.7329 34.7329
28 60.3426 60.3426 23.8026 23.8026
57 49.676 49.676 13.136 13.136
102 47.4274 47.4274 10.8874 10.8874
176 43.7079 43.7079 7.16792 7.16792
369 42.4243 42.4243 5.88433 5.88433
410 37.5983 37.5983 1.0583 1.0583
418 34.9148 34.9148 -1.62525 -1.62525
470 29.8369 29.8369 -6.70308 -6.70308
610 25.5903 25.5903 -10.9497 -10.9497
750 65.5958 25.5903 29.0558 -10.9497
"function evaluation" "current f(x)" "best-so-far f(x)" "current af(x)+b"  "best af(x)+b"
1 748.645 748.645 1748.64 1748.64
2 145.099 145.099 1145.1 1145.1
6 86.6179 86.6179 1086.62 1086.62
8 54.3921 54.3921 1054.39 1054.39
67 48.0709 48.0709 1048.07 1048.07
524 47.6035 47.6035 1047.6 1047.6
695 23.36 23.36 1023.36 1023.36
750 360.482 23.36 1360.48 1023.36
"function evaluation" "current f(x)" "best-so-far f(x)" "current af(x)+b"  "best af(x)+b"
1 211.371 211.371 257.981 257.981
2 172.957 172.957 219.567 219.567
4 149.511 149.511 196.121 196.121
15 114.936 114.936 161.546 161.546
20 113.29 113.29 159.9 159.9
43 95.0975 95.0975 141.707 141.707
62 63.8718 63.8718 110.482 110.482
243 60.4722 60.4722 107.082 107.082
313 57.1647 57.1647 103.775 103.775
363 53.2472 53.2472 99.8572 99.8572
509 52.2466 52.2466 98.8566 98.8566
672 37.3662 37.3662 83.9762 83.9762
750 83.573 37.3662 130.183 83.9762
"function evaluation" "current f(x)" "best-so-far f(x)" "current af(x)+b"  "best af(x)+b"
1 297.514 297.514 33.2043 33.2043
3 215.1 215.1 -49.2102 -49.2102
6 157.467 157.467 -106.843 -106.843
10 89.7015 89.7015 -174.609 -174.609
56 81.4662 81.4662 -182.844 -182.844
64 80.8198 80.8198 -183.49 -183.49
373 67.3867 67.3867 -196.923 -196.923
402 37.8406 37.8406 -226.469 -226.469
750 405.38 37.8406 141.07 -226.469
"function evaluation" "current f(x)" "best-so-far f(x)" "current af(x)+b"  "best af(x)+b"
1 569.001 569.001 641.731 641.731
2 243.761 243.761 316.491 316.491
5 234.622 234.622 307.352 307.352
8 122.075 122.075 194.805 194.805
44 91.6317 91.6317 164.362 164.362
77 72.6446 72.6446 145.375 145.375
164 64.1886 64.1886 136.919 136.919
340 51.0011 51.0011 123.731 123.731
407 34.3348 34.3348 107.065 107.065
616 26.5617 26.5617 99.2917 99.2917
750 59.6197 26.5617 132.35 99.2917
"function evaluation" "current f(x)" "best-so-far f(x)" "current af(x)+b"  "best af(x)+b"
1 608.072 608.072 744.942 744.942
2 200.257 200.257 337.127 337.127
3 154.807 154.807 291.677 291.677
32 76.1492 76.1492 213.019 213.019
166 76.1259 76.1259 212.996 212.996
288 75.8305 75.8305 212.701 212.701
331 66.901 66.901 203.771 203.771
429 57.0094 57.0094 193.879 193.879
470 55.7867 55.7867 192.657 192.657
498 42.7094 42.7094 179.579 179.579
750 135.029 42.7094 271.899 179.579
"function evaluation" "current f(x)" "best-so-far f(x)" "current af(x)+b"  "best af(x)+b"
1 1696.31 1696.31 1718.27 1718.27
2 388.933 388.933 410.893 410.893
3 355.691 355.691 377.651 377.651
4 289.056 289.056 311.016 311.016
5 220.863 220.863 242.823 242.823
9 63.0378 63.0378 84.9978 84.9978
410 58.3093 58.3093 80.2693 80.2693
501 55.2635 55.2635 77.2235 77.2235
513 36.038 36.038 57.998 57.998
750 106.289 36.038 128.249 57.998
"function evaluation" "current f(x)" "best-so-far f(x)" "current af(x)+b"  "best af(x)+b"
1 3098.74 3098.74 3077.35 3077.35
2 143.403 143.403 122.013 122.013
29 104.259 104.259 82.8686 82.8686
41 91.6798 91.6798 70.2898 70.2898
87 85.5589 85.5589 64.1689 64.1689
172 63.2328 63.2328 41.8428 41.8428
265 60.1142 60.1142 38.7242 38.7242
359 36.8511 36.8511 15.4611 15.4611
750 100.205 36.8511 78.8146 15.4611
"function evaluation" "current f(x)" "best-so-far f(x)" "current af(x)+b"  "best af(x)+b"
1 238.61 238.61 756.27 756.27
7 137.914 137.914 655.574 655.574
21 130.579 130.579 648.239 648.239
47 122.991 122.991 640.651 640.651
65 111.092 111.092 628.752 628.752
76 76.1259 76.1259 593.786 593.786
275 70.3204 70.3204 587.98 587.98
310 69.0328 69.0328 586.693 586.693
430 68.3566 68.3566 586.017 586.017
452 67.6103 67.6103 585.27 585.27
453 62.5501 62.5501 580.21 580.21
511 60.7798 60.7798 578.44 578.44
524 54.8666 54.8666 572.527 572.527
570 42.8548 42.8548 560.515 560.515
750 73.9063 42.8548 591.566 560.515
"function evaluation" "current f(x)" "best-so-far f(x)" "current af(x)+b"  "best af(x)+b"
1 626.409 626.409 488.859 488.859
2 239.615 239.615 102.065 102.065
4 165.774 165.774 28.2243 28.2243
13 105.694 105.694 -31.8556 -31.8556
82 72.0842 72.0842 -65.4658 -65.4658
474 54.9835 54.9835 -82.5665 -82.5665
750 215.475 54.9835 77.9252 -82.5665
"function evaluation" "current f(x)" "best-so-far f(x)" "current af(x)+b"  "best af(x)+b"
1 657.635 657.635 556.655 556.655
2 280.377 280.377 179.397 179.397
9 149.612 149.612 48.6322 48.6322
10 145.309 145.309 44.3295 44.3295
15 117.961 117.961 16.981 16.981
49 91.1024 91.1024 -9.87762 -9.87762
61 76.5305 76.5305 -24.4495 -24.4495
150 67.46 67.46 -33.52 -33.52
183 51.1879 51.1879 -49.7921 -49.7921
419 47.1022 47.1022 -53.8778 -53.8778
517 46.3731 46.3731 -54.6069 -54.6069
631 18.8638 18.8638 -82.1162 -82.1162
750 171.401 18.8638 70.4215 -82.1162
"function evaluation" "current f(x)" "best-so-far f(x)" "current af(x)+b"  "best af(x)+b"
1 127.09 127.09 159.43 159.43
20 114.006 114.006 146.346 146.346
34 70.8263 70.8263 103.166 103.166
67 67.6254 67.6254 99.9654 99.9654
92 62.3896 62.3896 94.7296 94.7296
150 59.1134 59.1134 91.4534 91.4534
177 50.8629 50.8629 83.2029 83.2029
409 48.5568 48.5568 80.8968 80.8968
438 42.5076 42.5076 74.8476 74.8476
468 37.7958 37.7958 70.1358 70.1358
677 29.8742 29.8742 62.2142 62.2142
750 46.9896 29.8742 79.3296 62.2142
"function evaluation" "current f(x)" "best-so-far f(x)" "current af(x)+b"  "best af(x)+b"
1 248.333 248.333 859.313 859.313
3 181.669 181.669 792.649 792.649
20 179.108 179.108 790.088 790.088
28 147.214 147.214 758.194 758.194
66 134.36 134.36 745.34 745.34
141 95.7434 95.7434 706.723 706.723
229 94.2626 94.2626 705.243 705.243
236 69.2835 69.2835 680.264 680.264
430 60.5731 60.5731 671.553 671.553
750 588.285 60.5731 1199.27 671.553
"function evaluation" "current f(x)" "best-so-far f(x)" "current af(x)+b"  "best af(x)+b"
1 566.72 566.72 627.89 627.89
4 280.033 280.033 341.203 341.203
7 126.007 126.007 187.177 187.177
24 124.71 124.71 185.88 185.88
49 81.2762 81.2762 142.446 142.446
60 62.5962 62.5962 123.766 123.766
134 54.9159 54.9159 116.086 116.086
206 45.4321 45.4321 106.602 106.602
576 37.9181 37.9181 99.0881 99.0881
703 26.5146 26.5146 87.6846 87.6846
750 60.3746 26.5146 121.545 87.6846
"function evaluation" "current f(x)" "best-so-far f(x)" "current af(x)+b"  "best af(x)+b"
1 220.716 220.716 242.406 242.406
7 158.623 158.623 180.313 180.313
19 131.6 131.6 153.29 153.29
32 118.177 118.177 139.867 139.867
55 94.0423 94.0423 115.732 115.732
60 62.5924 62.5924 84.2824 84.2824
376 60.0073 60.0073 81.6973 81.6973
484 59.9329 59.9329 81.6229 81.6229
517 40.0751 40.0751 61.7651 61.7651
665 36.2722 36.2722 57.9622 57.9622
741 22.4647 22.4647 44.1547 44.1547
750 397.131 22.4647 418.821 44.1547
"function evaluation" "current f(x)" "best-so-far f(x)" "current af(x)+b"  "best af(x)+b"
1 148.159 148.159 230.479 230.479
8 92.5105 92.5105 174.83 174.83
13 83.7305 83.7305 166.051 166.051
139 62.0749 62.0749 144.395 144.395
143 59.853 59.853 142.173 142.173
402 48.4286 48.4286 130.749 130.749
455 35.2531 35.2531 117.573 117.573
631 29.9264 29.9264 112.246 112.246
750 144.025 29.9264 226.345 112.246
"function evaluation" "current f(x)" "best-so-far f(x)" "current af(x)+b"  "best af(x)+b"
1 202.376 202.376 405.836 405.836
7 159.682 159.682 363.142 363.142
9 96.3908 96.3908 299.851 299.851
41 93.832 93.832 297.292 297.292
91 82.6208 82.6208 286.081 286.081
99 76.6238 76.6238 280.084 280.084
186 75.4343 75.4343 278.894 278.894
237 63.1953 63.1953 266.655 266.655
337 47.1735 47.1735 250.633 250.633
408 43.4347 43.4347 246.895 246.895
565 39.5955 39.5955 243.055 243.055
712 39.3917 39.3917 242.852 242.852
750 103.635 39.3917 307.095 242.852
"function evaluation" "current f(x)" "best-so-far f(x)" "current af(x)+b"  "best af(x)+b"
1 4156.57 4156.57 3156.57 3156.57
2 388.409 388.409 -611.591 -611.591
3 295.258 295.258 -704.742 -704.742
6 106.464 106.464 -893.536 -893.536
8 67.3409 67.3409 -932.659 -932.659
33 67.2224 67.2224 -932.778 -932.778
197 53.2214 53.2214 -946.779 -946.779
565 34.9823 34.9823 -965.018 -965.018
743 34.3772 34.3772 -965.623 -965.623
750 236.071 34.3772 -763.929 -965.623
"function evaluation" "current f(x)" "best-so-far f(x)" "current af(x)+b"  "best af(x)+b"
1 256.254 256.254 235.344 235.344
3 94.2499 94.2499 73.3399 73.3399
5 87.8936 87.8936 66.9836 66.9836
21 87.3477 87.3477 66.4377 66.4377
140 83.8718 83.8718 62.9618 62.9618
177 75.1389 75.1389 54.2289 54.2289
263 57.5378 57.5378 36.6278 36.6278
344 55.7635 55.7635 34.8535 34.8535
373 47.2271 47.2271 26.3171 26.3171
429 41.1441 41.1441 20.2341 20.2341
750 100.71 41.1441 79.8003 20.2341
