"function evaluation" "current f(x)" "best-so-far f(x)" "current af(x)+b"  "best af(x)+b"
1 2.20342e+06 2.20342e+06 2.20349e+06 2.20349e+06
6 1.84391e+06 1.84391e+06 1.84399e+06 1.84399e+06
8 171477 171477 171554 171554
11 18529.3 18529.3 18605.6 18605.6
15 14176 14176 14252.3 14252.3
37 1800.81 1800.81 1877.08 1877.08
40 1574.63 1574.63 1650.9 1650.9
120 419.266 419.266 495.536 495.536
261 273.666 273.666 349.936 349.936
1121 156.717 156.717 232.987 232.987
2050 108075 156.717 108151 232.987
"function evaluation" "current f(x)" "best-so-far f(x)" "current af(x)+b"  "best af(x)+b"
1 3.75265e+06 3.75265e+06 3.75263e+06 3.75263e+06
2 456834 456834 456811 456811
3 122419 122419 122396 122396
7 99361.2 99361.2 99338.7 99338.7
18 1075.89 1075.89 1053.34 1053.34
124 639.083 639.083 616.533 616.533
188 495.177 495.177 472.627 472.627
705 218.178 218.178 195.628 195.628
903 191.324 191.324 168.774 168.774
1072 168.872 168.872 146.322 146.322
1326 135.79 135.79 113.24 113.24
2050 219315 135.79 219292 113.24
"function evaluation" "current f(x)" "best-so-far f(x)" "current af(x)+b"  "best af(x)+b"
1 2.20245e+06 2.20245e+06 2.20246e+06 2.20246e+06
4 1.75957e+06 1.75957e+06 1.75959e+06 1.75959e+06
9 487438 487438 487452 487452
14 112981 112981 112995 112995
21 3743.82 3743.82 3757.48 3757.48
33 3711.8 3711.8 3725.46 3725.46
288 703.499 703.499 717.159 717.159
571 484.232 484.232 497.892 497.892
641 372.358 372.358 386.018 386.018
805 296.908 296.908 310.568 310.568
1395 152.015 152.015 165.675 165.675
2050 1.10544e+07 152.015 1.10544e+07 165.675
"function evaluation" "current f(x)" "best-so-far f(x)" "current af(x)+b"  "best af(x)+b"
1 8.38207e+06 8.38207e+06 8.38301e+06 8.38301e+06
3 577028 577028 577966 577966
5 376294 376294 377232 377232
10 181508 181508 182446 182446
24 36019.3 36019.3 36957.2 36957.2
159 12260.9 12260.9 13198.8 13198.8
173 3457.36 3457.36 4395.2 4395.2
257 347.94 347.94 1285.78 1285.78
510 333.128 333.128 1270.97 1270.97
655 321.74 321.74 1259.58 1259.58
1012 262.684 262.684 1200.52 1200.52
2050 3.03044e+06 262.684 3.03138e+06 1200.52
"function evaluation" "current f(x)" "best-so-far f(x)" "current af(x)+b"  "best af(x)+b"
1 1.03607e+07 1.03607e+07 1.03607e+07 1.03607e+07
4 5.92387e+06 5.92387e+06 5.92379e+06 5.92379e+06
6 2.97295e+06 2.97295e+06 2.97287e+06 2.97287e+06
8 356773 356773 356694 356694
13 133732 133732 133653 133653
22 3262.82 3262.82 3184.1 3184.1
178 1008.36 1008.36 929.643 929.643
378 992.373 992.373 913.653 913.653
399 459.945 459.945 381.225 381.225
403 156.028 156.028 77.3083 77.3083
2050 4.70101e+06 156.028 4.70093e+06 77.3083
"function evaluation" "current f(x)" "best-so-far f(x)" "current af(x)+b"  "best af(x)+b"
1 4.35162e+06 4.35162e+06 4.35102e+06 4.35102e+06
2 178188 178188 177589 177589
7 2186.34 2186.34 1587.91 1587.91
47 363.664 363.664 -234.766 -234.766
715 259.528 259.528 -338.902 -338.902
2045 211.47 211.47 -386.96 -386.96
2050 1.84489e+06 211.47 1.84429e+06 -386.96
"function evaluation" "current f(x)" "best-so-far f(x)" "current af(x)+b"  "best af(x)+b"
1 8.70082e+06 8.70082e+06 8.70073e+06 8.70073e+06
4 879267 879267 879182 879182
6 749404 749404 749318 749318
12 323499 323499 323414 323414
14 4514.95 4514.95 4429.53 4429.53
174 401.026 401.026 315.606 315.606
735 204.936 204.936 119.516 119.516
2050 4.3996e+07 204.936 4.39959e+07 119.516
"function evaluation" "current f(x)" "best-so-far f(x)" "current af(x)+b"  "best af(x)+b"
1 1.31112e+07 1.31112e+07 1.31113e+07 1.31113e+07
2 1.03478e+07 1.03478e+07 1.0348e+07 1.0348e+07
3 9.8012e+06 9.8012e+06 9.80139e+06 9.80139e+06
4 7.77262e+06 7.77262e+06 7.77282e+06 7.77282e+06
5 395371 395371 395565 395565
6 96947.6 96947.6 97140.8 97140.8
15 15120.1 15120.1 15313.3 15313.3
37 786.762 786.762 980.012 980.012
629 547.206 547.206 740.456 740.456
706 324.877 324.877 518.127 518.127
992 282.188 282.188 475.438 475.438
1228 235.574 235.574 428.824 428.824
1496 204.607 204.607 397.857 397.857
2050 1.76667e+06 204.607 1.76686e+06 397.857
"function evaluation" "current f(x)" "best-so-far f(x)" "current af(x)+b"  "best af(x)+b"
1 3.78331e+06 3.78331e+06 3.78313e+06 3.78313e+06
3 212354 212354 212172 212172
4 1059.43 1059.43 877.934 877.934
244 744.115 744.115 562.615 562.615
415 283.014 283.014 101.514 101.514
783 224.575 224.575 43.0748 43.0748
2050 1.06198e+06 224.575 1.0618e+06 43.0748
"function evaluation" "current f(x)" "best-so-far f(x)" "current af(x)+b"  "best af(x)+b"
1 2.03012e+06 2.03012e+06 2.03057e+06 2.03057e+06
5 1.9837e+06 1.9837e+06 1.98415e+06 1.98415e+06
12 359276 359276 359728 359728
16 4384.43 4384.43 4837.05 4837.05
28 273.086 273.086 725.706 725.706
1047 260.84 260.84 713.46 713.46
1061 211.618 211.618 664.238 664.238
2050 784002 211.618 784454 664.238
"function evaluation" "current f(x)" "best-so-far f(x)" "current af(x)+b"  "best af(x)+b"
1 1.70851e+08 1.70851e+08 1.70851e+08 1.70851e+08
2 3.7202e+07 3.7202e+07 3.72019e+07 3.72019e+07
3 478969 478969 478851 478851
4 344712 344712 344594 344594
43 14714.3 14714.3 14595.8 14595.8
49 13892.8 13892.8 13774.3 13774.3
115 7722.85 7722.85 7604.39 7604.39
201 3692.05 3692.05 3573.59 3573.59
236 1449.34 1449.34 1330.88 1330.88
258 1058.2 1058.2 939.744 939.744
843 878.318 878.318 759.858 759.858
1050 337.076 337.076 218.616 218.616
1248 142.32 142.32 23.8602 23.8602
2050 2.92239e+06 142.32 2.92227e+06 23.8602
"function evaluation" "current f(x)" "best-so-far f(x)" "current af(x)+b"  "best af(x)+b"
1 2.24844e+07 2.24844e+07 2.24845e+07 2.24845e+07
3 3.34473e+06 3.34473e+06 3.34483e+06 3.34483e+06
5 125556 125556 125655 125655
29 13250.8 13250.8 13350.5 13350.5
116 3873.17 3873.17 3972.9 3972.9
143 1912.28 1912.28 2012.01 2012.01
167 519.071 519.071 618.801 618.801
967 499.864 499.864 599.594 599.594
1547 407.596 407.596 507.326 507.326
2050 4.97818e+06 407.596 4.97828e+06 507.326
"function evaluation" "current f(x)" "best-so-far f(x)" "current af(x)+b"  "best af(x)+b"
1 1.16459e+07 1.16459e+07 1.16459e+07 1.16459e+07
2 147757 147757 147797 147797
22 135023 135023 135064 135064
26 4052.53 4052.53 4092.97 4092.97
118 1125.8 1125.8 1166.24 1166.24
196 464.253 464.253 504.693 504.693
662 311.07 311.07 351.51 351.51
1158 281.759 281.759 322.199 322.199
1249 274.352 274.352 314.792 314.792
1865 239.105 239.105 279.545 279.545
2050 1.6874e+07 239.105 1.68741e+07 279.545
"function evaluation" "current f(x)" "best-so-far f(x)" "current af(x)+b"  "best af(x)+b"
1 542312 542312 542190 542190
12 504524 504524 504403 504403
13 111608 111608 111487 111487
33 47054.2 47054.2 46932.6 46932.6
142 16235.1 16235.1 16113.5 16113.5
259 1093.8 1093.8 972.198 972.198
537 318.081 318.081 196.481 196.481
1052 253.701 253.701 132.101 132.101
1082 250.527 250.527 128.927 128.927
1954 235.889 235.889 114.289 114.289
2050 8.10602e+06 235.889 8.1059e+06 114.289
"function evaluation" "current f(x)" "best-so-far f(x)" "current af(x)+b"  "best af(x)+b"
1 9.44684e+06 9.44684e+06 9.4468e+06 9.4468e+06
2 911832 911832 911794 911794
5 861323 861323 861285 861285
13 4582.78 4582.78 4544.67 4544.67
24 632.875 632.875 594.765 594.765
160 458.861 458.861 420.751 420.751
442 212.088 212.088 173.978 173.978
531 192.483 192.483 154.373 154.373
2050 4.55846e+06 192.483 4.55842e+06 154.373
"function evaluation" "current f(x)" "best-so-far f(x)" "current af(x)+b"  "best af(x)+b"
1 3.27197e+06 3.27197e+06 3.27181e+06 3.27181e+06
3 2.59813e+06 2.59813e+06 2.59798e+06 2.59798e+06
5 1.95052e+06 1.95052e+06 1.95037e+06 1.95037e+06
10 156206 156206 156052 156052
18 110917 110917 110763 110763
28 67037.5 67037.5 66883 66883
31 57859.8 57859.8 57705.3 57705.3
126 762.147 762.147 607.597 607.597
931 601.915 601.915 447.365 447.365
961 296.784 296.784 142.234 142.234
1534 284.611 284.611 130.061 130.061
1701 242.039 242.039 87.4888 87.4888
1981 198.15 198.15 43.5999 43.5999
2050 91858.6 198.15 91704 43.5999
"function evaluation" "current f(x)" "best-so-far f(x)" "current af(x)+b"  "best af(x)+b"
1 1.90344e+06 1.90344e+06 1.90343e+06 1.90343e+06
3 971757 971757 971744 971744
11 915549 915549 915536 915536
12 337855 337855 337842 337842
20 3149.4 3149.4 3136.7 3136.7
208 2019.16 2019.16 2006.46 2006.46
211 562.883 562.883 550.183 550.183
292 464.509 464.509 451.809 451.809
347 152.776 152.776 140.076 140.076
1817 96.4841 96.4841 83.7841 83.7841
2050 1.42692e+06 96.4841 1.4269e+06 83.7841
"function evaluation" "current f(x)" "best-so-far f(x)" "current af(x)+b"  "best af(x)+b"
1 120047 120047 119866 119866
27 13724.5 13724.5 13543.8 13543.8
210 13094.8 13094.8 12914.1 12914.1
212 2378.09 2378.09 2197.45 2197.45
395 1249.94 1249.94 1069.3 1069.3
398 519.558 519.558 338.918 338.918
726 336.051 336.051 155.411 155.411
2050 4.59063e+06 336.051 4.59045e+06 155.411
"function evaluation" "current f(x)" "best-so-far f(x)" "current af(x)+b"  "best af(x)+b"
1 2.52249e+06 2.52249e+06 2.5225e+06 2.5225e+06
4 715427 715427 715436 715436
7 96441.6 96441.6 96451 96451
31 1193.2 1193.2 1202.58 1202.58
140 1097.09 1097.09 1106.47 1106.47
208 339.985 339.985 349.365 349.365
262 223.978 223.978 233.358 233.358
2050 152472 223.978 152482 233.358
"function evaluation" "current f(x)" "best-so-far f(x)" "current af(x)+b"  "best af(x)+b"
1 42650.1 42650.1 42660.5 42660.5
18 16369.2 16369.2 16379.5 16379.5
35 869.05 869.05 879.37 879.37
202 788.897 788.897 799.217 799.217
267 316.124 316.124 326.444 326.444
285 172.011 172.011 182.331 182.331
2050 7.80978e+06 172.011 7.80979e+06 182.331
"function evaluation" "current f(x)" "best-so-far f(x)" "current af(x)+b"  "best af(x)+b"
1 968499 968499 968614 968614
5 385258 385258 385373 385373
16 212936 212936 213052 213052
23 192471 192471 192587 192587
27 67769.8 67769.8 67885 67885
31 12405.5 12405.5 12520.6 12520.6
32 3923.64 3923.64 4038.81 4038.81
140 1786.65 1786.65 1901.82 1901.82
290 1096.03 1096.03 1211.2 1211.2
369 526.722 526.722 641.892 641.892
591 409.53 409.53 524.7 524.7
918 360.615 360.615 475.785 475.785
1197 336.32 336.32 451.49 451.49
1246 306.475 306.475 421.645 421.645
1374 229.087 229.087 344.257 344.257
2050 6.48588e+06 229.087 6.48599e+06 344.257
"function evaluation" "current f(x)" "best-so-far f(x)" "current af(x)+b"  "best af(x)+b"
1 416762 416762 415762 415762
6 175454 175454 174454 174454
15 120451 120451 119451 119451
17 30967.7 30967.7 29967.7 29967.7
138 9081.93 9081.93 8081.93 8081.93
165 6558.75 6558.75 5558.75 5558.75
173 792.112 792.112 -207.888 -207.888
257 617.941 617.941 -382.059 -382.059
362 389.894 389.894 -610.106 -610.106
625 357.289 357.289 -642.711 -642.711
1409 164.334 164.334 -835.666 -835.666
2050 468711 164.334 467711 -835.666
"function evaluation" "current f(x)" "best-so-far f(x)" "current af(x)+b"  "best af(x)+b"
1 2.61526e+06 2.61526e+06 2.61536e+06 2.61536e+06
2 247603 247603 247712 247712
4 1248.45 1248.45 1357.67 1357.67
19 330.07 330.07 439.29 439.29
262 293.009 293.009 402.229 402.229
1823 195.326 195.326 304.546 304.546
1849 146.748 146.748 255.968 255.968
2050 484402 146.748 484512 255.968
"function evaluation" "current f(x)" "best-so-far f(x)" "current af(x)+b"  "best af(x)+b"
1 3.16805e+06 3.16805e+06 3.16793e+06 3.16793e+06
10 2.7497e+06 2.7497e+06 2.74958e+06 2.74958e+06
13 396243 396243 396122 396122
18 90837.3 90837.3 90716.5 90716.5
20 42488 42488 42367.3 42367.3
108 30968.1 30968.1 30847.3 30847.3
147 4785.94 4785.94 4665.18 4665.18
212 2693.04 2693.04 2572.28 2572.28
331 297.497 297.497 176.737 176.737
1197 279.825 279.825 159.065 159.065
1920 182.571 182.571 61.8105 61.8105
2050 2.0268e+06 182.571 2.02668e+06 61.8105
"function evaluation" "current f(x)" "best-so-far f(x)" "current af(x)+b"  "best af(x)+b"
1 3.79515e+07 3.79515e+07 3.79515e+07 3.79515e+07
3 1.72531e+06 1.72531e+06 1.72523e+06 1.72523e+06
9 466123 466123 466049 466049
12 94358.8 94358.8 94284.7 94284.7
27 7306.06 7306.06 7231.95 7231.95
119 3882.67 3882.67 3808.56 3808.56
233 2796.72 2796.72 2722.61 2722.61
374 250.308 250.308 176.198 176.198
1487 111.8 111.8 37.6904 37.6904
2050 3.5119e+06 111.8 3.51182e+06 37.6904
