"function evaluation" "current f(x)" "best-so-far f(x)" "current af(x)+b"  "best af(x)+b"
1 9.31199e+08 9.31199e+08 9.31199e+08 9.31199e+08
5 5.9717e+08 5.9717e+08 5.97169e+08 5.97169e+08
8 3.5606e+08 3.5606e+08 3.56059e+08 3.56059e+08
136 3.5499e+08 3.5499e+08 3.5499e+08 3.5499e+08
415 3.44538e+08 3.44538e+08 3.44538e+08 3.44538e+08
432 3.29707e+08 3.29707e+08 3.29707e+08 3.29707e+08
1008 3.12643e+08 3.12643e+08 3.12642e+08 3.12642e+08
1011 2.90502e+08 2.90502e+08 2.90501e+08 2.90501e+08
1015 2.89419e+08 2.89419e+08 2.89418e+08 2.89418e+08
1040 1.69786e+08 1.69786e+08 1.69786e+08 1.69786e+08
1804 1.36159e+08 1.36159e+08 1.36158e+08 1.36158e+08
4916 1.32409e+08 1.32409e+08 1.32409e+08 1.32409e+08
4918 8.45234e+07 8.45234e+07 8.45228e+07 8.45228e+07
5502 7.75867e+07 7.75867e+07 7.75861e+07 7.75861e+07
6101 6.6042e+07 6.6042e+07 6.60414e+07 6.60414e+07
6118 5.61312e+07 5.61312e+07 5.61306e+07 5.61306e+07
8139 5.57046e+07 5.57046e+07 5.5704e+07 5.5704e+07
9219 5.0167e+07 5.0167e+07 5.01664e+07 5.01664e+07
9520 4.9417e+07 4.9417e+07 4.94163e+07 4.94163e+07
9806 4.60305e+07 4.60305e+07 4.60299e+07 4.60299e+07
10145 4.55864e+07 4.55864e+07 4.55858e+07 4.55858e+07
10149 4.13409e+07 4.13409e+07 4.13403e+07 4.13403e+07
10511 3.46658e+07 3.46658e+07 3.46652e+07 3.46652e+07
10515 3.38576e+07 3.38576e+07 3.3857e+07 3.3857e+07
10526 2.94212e+07 2.94212e+07 2.94206e+07 2.94206e+07
10530 2.53506e+07 2.53506e+07 2.53499e+07 2.53499e+07
16219 2.50251e+07 2.50251e+07 2.50245e+07 2.50245e+07
16250 1.64487e+07 1.64487e+07 1.64481e+07 1.64481e+07
20422 1.414e+07 1.414e+07 1.41394e+07 1.41394e+07
39405 1.26553e+07 1.26553e+07 1.26547e+07 1.26547e+07
42609 1.17769e+07 1.17769e+07 1.17763e+07 1.17763e+07
42610 8.08834e+06 8.08834e+06 8.08772e+06 8.08772e+06
62234 7.1895e+06 7.1895e+06 7.18888e+06 7.18888e+06
84439 6.80681e+06 6.80681e+06 6.80619e+06 6.80619e+06
134429 6.3348e+06 6.3348e+06 6.33418e+06 6.33418e+06
200050 3.96926e+09 6.3348e+06 3.96926e+09 6.33418e+06
"function evaluation" "current f(x)" "best-so-far f(x)" "current af(x)+b"  "best af(x)+b"
1 1.34082e+10 1.34082e+10 1.34082e+10 1.34082e+10
2 2.81021e+09 2.81021e+09 2.81021e+09 2.81021e+09
6 2.72438e+09 2.72438e+09 2.72438e+09 2.72438e+09
7 6.4254e+08 6.4254e+08 6.42539e+08 6.42539e+08
11 5.82142e+08 5.82142e+08 5.82142e+08 5.82142e+08
122 2.19569e+08 2.19569e+08 2.19569e+08 2.19569e+08
742 1.99229e+08 1.99229e+08 1.99229e+08 1.99229e+08
1601 1.87082e+08 1.87082e+08 1.87082e+08 1.87082e+08
1911 1.74804e+08 1.74804e+08 1.74804e+08 1.74804e+08
2123 1.71572e+08 1.71572e+08 1.71572e+08 1.71572e+08
2144 1.14065e+08 1.14065e+08 1.14065e+08 1.14065e+08
2519 9.92186e+07 9.92186e+07 9.92183e+07 9.92183e+07
2709 6.76134e+07 6.76134e+07 6.76131e+07 6.76131e+07
2748 5.32102e+07 5.32102e+07 5.321e+07 5.321e+07
7025 3.92224e+07 3.92224e+07 3.92222e+07 3.92222e+07
7533 3.48066e+07 3.48066e+07 3.48064e+07 3.48064e+07
12311 2.23483e+07 2.23483e+07 2.2348e+07 2.2348e+07
14947 2.1982e+07 2.1982e+07 2.19818e+07 2.19818e+07
18345 1.92183e+07 1.92183e+07 1.92181e+07 1.92181e+07
21602 1.82661e+07 1.82661e+07 1.82658e+07 1.82658e+07
21608 1.56449e+07 1.56449e+07 1.56446e+07 1.56446e+07
21639 1.47966e+07 1.47966e+07 1.47963e+07 1.47963e+07
32145 1.19844e+07 1.19844e+07 1.19842e+07 1.19842e+07
75728 1.1936e+07 1.1936e+07 1.19358e+07 1.19358e+07
80903 1.17968e+07 1.17968e+07 1.17965e+07 1.17965e+07
84205 1.0206e+07 1.0206e+07 1.02057e+07 1.02057e+07
84209 7.70151e+06 7.70151e+06 7.70125e+06 7.70125e+06
87741 7.21313e+06 7.21313e+06 7.21288e+06 7.21288e+06
94329 6.49461e+06 6.49461e+06 6.49435e+06 6.49435e+06
116504 6.26328e+06 6.26328e+06 6.26303e+06 6.26303e+06
118201 6.23396e+06 6.23396e+06 6.2337e+06 6.2337e+06
136303 5.90883e+06 5.90883e+06 5.90857e+06 5.90857e+06
192523 5.67286e+06 5.67286e+06 5.67261e+06 5.67261e+06
200050 1.57226e+08 5.67286e+06 1.57226e+08 5.67261e+06
"function evaluation" "current f(x)" "best-so-far f(x)" "current af(x)+b"  "best af(x)+b"
1 1.40162e+09 1.40162e+09 1.40162e+09 1.40162e+09
2 6.98452e+08 6.98452e+08 6.98452e+08 6.98452e+08
3 3.79255e+08 3.79255e+08 3.79255e+08 3.79255e+08
12 3.43736e+08 3.43736e+08 3.43736e+08 3.43736e+08
137 3.3938e+08 3.3938e+08 3.3938e+08 3.3938e+08
223 2.34558e+08 2.34558e+08 2.34558e+08 2.34558e+08
943 1.87615e+08 1.87615e+08 1.87615e+08 1.87615e+08
1505 1.87504e+08 1.87504e+08 1.87504e+08 1.87504e+08
1506 1.52591e+08 1.52591e+08 1.52592e+08 1.52592e+08
1510 1.47304e+08 1.47304e+08 1.47304e+08 1.47304e+08
1511 1.40974e+08 1.40974e+08 1.40974e+08 1.40974e+08
1526 1.22754e+08 1.22754e+08 1.22754e+08 1.22754e+08
4741 9.40542e+07 9.40542e+07 9.40543e+07 9.40543e+07
5612 8.30124e+07 8.30124e+07 8.30125e+07 8.30125e+07
5848 7.61179e+07 7.61179e+07 7.6118e+07 7.6118e+07
7401 5.97916e+07 5.97916e+07 5.97916e+07 5.97916e+07
7415 5.17035e+07 5.17035e+07 5.17036e+07 5.17036e+07
7424 2.6146e+07 2.6146e+07 2.6146e+07 2.6146e+07
12414 2.49515e+07 2.49515e+07 2.49515e+07 2.49515e+07
20123 2.49419e+07 2.49419e+07 2.4942e+07 2.4942e+07
21042 2.48556e+07 2.48556e+07 2.48556e+07 2.48556e+07
21701 1.07175e+07 1.07175e+07 1.07176e+07 1.07176e+07
69621 9.5999e+06 9.5999e+06 9.59995e+06 9.59995e+06
87734 8.05851e+06 8.05851e+06 8.05856e+06 8.05856e+06
115109 7.58861e+06 7.58861e+06 7.58867e+06 7.58867e+06
115131 7.39232e+06 7.39232e+06 7.39237e+06 7.39237e+06
120234 7.37685e+06 7.37685e+06 7.3769e+06 7.3769e+06
158727 5.42126e+06 5.42126e+06 5.42131e+06 5.42131e+06
200050 6.19241e+07 5.42126e+06 6.19242e+07 5.42131e+06
"function evaluation" "current f(x)" "best-so-far f(x)" "current af(x)+b"  "best af(x)+b"
1 1.98828e+09 1.98828e+09 1.98828e+09 1.98828e+09
3 1.15369e+09 1.15369e+09 1.15369e+09 1.15369e+09
4 4.31561e+08 4.31561e+08 4.31561e+08 4.31561e+08
6 3.35947e+08 3.35947e+08 3.35947e+08 3.35947e+08
22 2.84972e+08 2.84972e+08 2.84972e+08 2.84972e+08
24 2.58247e+08 2.58247e+08 2.58247e+08 2.58247e+08
344 1.86191e+08 1.86191e+08 1.86191e+08 1.86191e+08
2711 1.72801e+08 1.72801e+08 1.72801e+08 1.72801e+08
2738 8.15992e+07 8.15992e+07 8.15991e+07 8.15991e+07
3916 7.28587e+07 7.28587e+07 7.28587e+07 7.28587e+07
4032 6.52357e+07 6.52357e+07 6.52357e+07 6.52357e+07
7820 5.51415e+07 5.51415e+07 5.51415e+07 5.51415e+07
8836 5.50271e+07 5.50271e+07 5.5027e+07 5.5027e+07
8848 5.46962e+07 5.46962e+07 5.46961e+07 5.46961e+07
9702 4.29541e+07 4.29541e+07 4.29541e+07 4.29541e+07
9707 4.11322e+07 4.11322e+07 4.11322e+07 4.11322e+07
9715 3.79361e+07 3.79361e+07 3.7936e+07 3.7936e+07
11333 3.77073e+07 3.77073e+07 3.77072e+07 3.77072e+07
12012 3.30895e+07 3.30895e+07 3.30895e+07 3.30895e+07
12036 2.4481e+07 2.4481e+07 2.4481e+07 2.4481e+07
12137 2.15987e+07 2.15987e+07 2.15987e+07 2.15987e+07
16024 1.93431e+07 1.93431e+07 1.93431e+07 1.93431e+07
16203 1.82216e+07 1.82216e+07 1.82216e+07 1.82216e+07
21010 1.20953e+07 1.20953e+07 1.20953e+07 1.20953e+07
26520 1.03198e+07 1.03198e+07 1.03198e+07 1.03198e+07
27821 9.19943e+06 9.19943e+06 9.19941e+06 9.19941e+06
35811 7.0641e+06 7.0641e+06 7.06408e+06 7.06408e+06
69116 6.2867e+06 6.2867e+06 6.28668e+06 6.28668e+06
193227 5.67739e+06 5.67739e+06 5.67738e+06 5.67738e+06
200050 8.41348e+08 5.67739e+06 8.41348e+08 5.67738e+06
"function evaluation" "current f(x)" "best-so-far f(x)" "current af(x)+b"  "best af(x)+b"
1 1.81032e+09 1.81032e+09 1.81032e+09 1.81032e+09
3 1.04236e+09 1.04236e+09 1.04236e+09 1.04236e+09
6 4.03071e+08 4.03071e+08 4.03071e+08 4.03071e+08
20 2.64639e+08 2.64639e+08 2.64639e+08 2.64639e+08
102 2.01661e+08 2.01661e+08 2.01661e+08 2.01661e+08
108 1.92136e+08 1.92136e+08 1.92136e+08 1.92136e+08
111 1.85716e+08 1.85716e+08 1.85716e+08 1.85716e+08
126 1.17868e+08 1.17868e+08 1.17868e+08 1.17868e+08
128 9.46845e+07 9.46845e+07 9.46846e+07 9.46846e+07
139 9.12605e+07 9.12605e+07 9.12605e+07 9.12605e+07
140 9.00592e+07 9.00592e+07 9.00592e+07 9.00592e+07
743 8.21878e+07 8.21878e+07 8.21879e+07 8.21879e+07
1922 7.99227e+07 7.99227e+07 7.99227e+07 7.99227e+07
4538 6.77149e+07 6.77149e+07 6.77149e+07 6.77149e+07
4830 6.5395e+07 6.5395e+07 6.5395e+07 6.5395e+07
4834 5.68253e+07 5.68253e+07 5.68253e+07 5.68253e+07
6437 5.32722e+07 5.32722e+07 5.32722e+07 5.32722e+07
8134 4.94383e+07 4.94383e+07 4.94384e+07 4.94384e+07
15101 4.24401e+07 4.24401e+07 4.24401e+07 4.24401e+07
16505 3.96614e+07 3.96614e+07 3.96614e+07 3.96614e+07
20018 3.48985e+07 3.48985e+07 3.48985e+07 3.48985e+07
20029 2.82019e+07 2.82019e+07 2.82019e+07 2.82019e+07
27920 2.64345e+07 2.64345e+07 2.64346e+07 2.64346e+07
27923 1.47715e+07 1.47715e+07 1.47715e+07 1.47715e+07
34014 1.29555e+07 1.29555e+07 1.29556e+07 1.29556e+07
55212 1.11651e+07 1.11651e+07 1.11651e+07 1.11651e+07
55301 1.0985e+07 1.0985e+07 1.0985e+07 1.0985e+07
65220 1.09678e+07 1.09678e+07 1.09678e+07 1.09678e+07
71210 1.08174e+07 1.08174e+07 1.08175e+07 1.08175e+07
71736 9.78056e+06 9.78056e+06 9.7806e+06 9.7806e+06
95734 5.70486e+06 5.70486e+06 5.7049e+06 5.7049e+06
200050 1.21158e+11 5.70486e+06 1.21158e+11 5.7049e+06
"function evaluation" "current f(x)" "best-so-far f(x)" "current af(x)+b"  "best af(x)+b"
1 1.27481e+09 1.27481e+09 1.27481e+09 1.27481e+09
2 1.20927e+09 1.20927e+09 1.20927e+09 1.20927e+09
4 9.24072e+08 9.24072e+08 9.24072e+08 9.24072e+08
8 7.54733e+08 7.54733e+08 7.54733e+08 7.54733e+08
14 5.59115e+08 5.59115e+08 5.59115e+08 5.59115e+08
18 2.4965e+08 2.4965e+08 2.4965e+08 2.4965e+08
423 2.24911e+08 2.24911e+08 2.24911e+08 2.24911e+08
1012 2.00796e+08 2.00796e+08 2.00796e+08 2.00796e+08
1048 1.90653e+08 1.90653e+08 1.90653e+08 1.90653e+08
1318 1.64129e+08 1.64129e+08 1.64129e+08 1.64129e+08
1324 1.52624e+08 1.52624e+08 1.52624e+08 1.52624e+08
1701 1.22987e+08 1.22987e+08 1.22987e+08 1.22987e+08
1716 7.71207e+07 7.71207e+07 7.71207e+07 7.71207e+07
3617 6.23219e+07 6.23219e+07 6.23219e+07 6.23219e+07
3620 4.99475e+07 4.99475e+07 4.99475e+07 4.99475e+07
7605 4.47999e+07 4.47999e+07 4.47999e+07 4.47999e+07
7613 3.79959e+07 3.79959e+07 3.79959e+07 3.79959e+07
11808 3.75375e+07 3.75375e+07 3.75375e+07 3.75375e+07
11812 3.41512e+07 3.41512e+07 3.41512e+07 3.41512e+07
11821 2.56846e+07 2.56846e+07 2.56846e+07 2.56846e+07
11830 2.50139e+07 2.50139e+07 2.50139e+07 2.50139e+07
18815 2.42475e+07 2.42475e+07 2.42475e+07 2.42475e+07
20547 1.73346e+07 1.73346e+07 1.73346e+07 1.73346e+07
29718 1.53939e+07 1.53939e+07 1.53939e+07 1.53939e+07
29725 1.34336e+07 1.34336e+07 1.34335e+07 1.34335e+07
54920 1.29205e+07 1.29205e+07 1.29205e+07 1.29205e+07
54930 1.01969e+07 1.01969e+07 1.01969e+07 1.01969e+07
62416 1.00682e+07 1.00682e+07 1.00681e+07 1.00681e+07
64632 6.8114e+06 6.8114e+06 6.81139e+06 6.81139e+06
124837 6.4176e+06 6.4176e+06 6.41758e+06 6.41758e+06
178834 4.91116e+06 4.91116e+06 4.91115e+06 4.91115e+06
200050 3.01582e+08 4.91116e+06 3.01582e+08 4.91115e+06
"function evaluation" "current f(x)" "best-so-far f(x)" "current af(x)+b"  "best af(x)+b"
1 2.22299e+10 2.22299e+10 2.22299e+10 2.22299e+10
2 6.43761e+09 6.43761e+09 6.43761e+09 6.43761e+09
3 3.13393e+08 3.13393e+08 3.13392e+08 3.13392e+08
36 2.58671e+08 2.58671e+08 2.58671e+08 2.58671e+08
132 2.08161e+08 2.08161e+08 2.0816e+08 2.0816e+08
405 2.04564e+08 2.04564e+08 2.04564e+08 2.04564e+08
406 1.55297e+08 1.55297e+08 1.55297e+08 1.55297e+08
413 1.41622e+08 1.41622e+08 1.41622e+08 1.41622e+08
437 1.32643e+08 1.32643e+08 1.32642e+08 1.32642e+08
1207 9.98978e+07 9.98978e+07 9.98976e+07 9.98976e+07
1916 9.11919e+07 9.11919e+07 9.11917e+07 9.11917e+07
2804 8.05667e+07 8.05667e+07 8.05665e+07 8.05665e+07
2815 7.92946e+07 7.92946e+07 7.92945e+07 7.92945e+07
3901 7.45706e+07 7.45706e+07 7.45704e+07 7.45704e+07
3911 7.02551e+07 7.02551e+07 7.0255e+07 7.0255e+07
3922 6.97545e+07 6.97545e+07 6.97543e+07 6.97543e+07
3940 6.70358e+07 6.70358e+07 6.70356e+07 6.70356e+07
4925 5.8079e+07 5.8079e+07 5.80788e+07 5.80788e+07
5540 5.59366e+07 5.59366e+07 5.59364e+07 5.59364e+07
5710 4.9496e+07 4.9496e+07 4.94958e+07 4.94958e+07
5716 4.63775e+07 4.63775e+07 4.63773e+07 4.63773e+07
6344 3.59699e+07 3.59699e+07 3.59697e+07 3.59697e+07
13035 3.14339e+07 3.14339e+07 3.14337e+07 3.14337e+07
14141 2.91879e+07 2.91879e+07 2.91877e+07 2.91877e+07
14224 2.07388e+07 2.07388e+07 2.07386e+07 2.07386e+07
15022 1.99863e+07 1.99863e+07 1.99861e+07 1.99861e+07
26049 1.74658e+07 1.74658e+07 1.74657e+07 1.74657e+07
29106 1.52674e+07 1.52674e+07 1.52673e+07 1.52673e+07
29117 1.43868e+07 1.43868e+07 1.43867e+07 1.43867e+07
33431 8.81337e+06 8.81337e+06 8.81321e+06 8.81321e+06
57826 8.63414e+06 8.63414e+06 8.63398e+06 8.63398e+06
59444 7.32994e+06 7.32994e+06 7.32978e+06 7.32978e+06
115917 6.88233e+06 6.88233e+06 6.88217e+06 6.88217e+06
157710 6.16945e+06 6.16945e+06 6.16929e+06 6.16929e+06
200050 2.85167e+08 6.16945e+06 2.85167e+08 6.16929e+06
"function evaluation" "current f(x)" "best-so-far f(x)" "current af(x)+b"  "best af(x)+b"
1 1.01074e+09 1.01074e+09 1.01074e+09 1.01074e+09
2 1.87586e+08 1.87586e+08 1.87587e+08 1.87587e+08
333 9.82974e+07 9.82974e+07 9.82978e+07 9.82978e+07
909 8.15755e+07 8.15755e+07 8.15758e+07 8.15758e+07
1306 7.42655e+07 7.42655e+07 7.42658e+07 7.42658e+07
1327 6.52779e+07 6.52779e+07 6.52782e+07 6.52782e+07
2725 6.26145e+07 6.26145e+07 6.26148e+07 6.26148e+07
3012 5.74046e+07 5.74046e+07 5.7405e+07 5.7405e+07
3705 4.97948e+07 4.97948e+07 4.97951e+07 4.97951e+07
5430 4.39493e+07 4.39493e+07 4.39496e+07 4.39496e+07
7341 4.08606e+07 4.08606e+07 4.08609e+07 4.08609e+07
11023 2.57987e+07 2.57987e+07 2.5799e+07 2.5799e+07
11034 2.43066e+07 2.43066e+07 2.43069e+07 2.43069e+07
18501 2.31637e+07 2.31637e+07 2.3164e+07 2.3164e+07
18509 2.10815e+07 2.10815e+07 2.10818e+07 2.10818e+07
18516 2.0696e+07 2.0696e+07 2.06964e+07 2.06964e+07
18517 1.95731e+07 1.95731e+07 1.95734e+07 1.95734e+07
18530 1.55488e+07 1.55488e+07 1.55491e+07 1.55491e+07
52532 1.34748e+07 1.34748e+07 1.34752e+07 1.34752e+07
59337 9.0584e+06 9.0584e+06 9.05873e+06 9.05873e+06
78546 8.73659e+06 8.73659e+06 8.73692e+06 8.73692e+06
135908 8.59521e+06 8.59521e+06 8.59554e+06 8.59554e+06
189732 8.1859e+06 8.1859e+06 8.18623e+06 8.18623e+06
197407 7.36757e+06 7.36757e+06 7.3679e+06 7.3679e+06
200050 4.69332e+08 7.36757e+06 4.69332e+08 7.3679e+06
"function evaluation" "current f(x)" "best-so-far f(x)" "current af(x)+b"  "best af(x)+b"
1 7.5939e+09 7.5939e+09 7.5939e+09 7.5939e+09
2 5.7274e+08 5.7274e+08 5.7274e+08 5.7274e+08
5 3.43592e+08 3.43592e+08 3.43592e+08 3.43592e+08
11 2.8753e+08 2.8753e+08 2.8753e+08 2.8753e+08
121 2.74426e+08 2.74426e+08 2.74426e+08 2.74426e+08
403 2.58593e+08 2.58593e+08 2.58592e+08 2.58592e+08
512 2.45914e+08 2.45914e+08 2.45913e+08 2.45913e+08
928 2.33751e+08 2.33751e+08 2.33751e+08 2.33751e+08
1214 2.1977e+08 2.1977e+08 2.1977e+08 2.1977e+08
1227 1.57083e+08 1.57083e+08 1.57083e+08 1.57083e+08
1535 1.34416e+08 1.34416e+08 1.34416e+08 1.34416e+08
2903 1.2756e+08 1.2756e+08 1.2756e+08 1.2756e+08
2909 1.25858e+08 1.25858e+08 1.25858e+08 1.25858e+08
2929 7.46481e+07 7.46481e+07 7.4648e+07 7.4648e+07
4339 6.52628e+07 6.52628e+07 6.52628e+07 6.52628e+07
4840 6.06065e+07 6.06065e+07 6.06065e+07 6.06065e+07
5108 5.75163e+07 5.75163e+07 5.75163e+07 5.75163e+07
5131 5.57491e+07 5.57491e+07 5.5749e+07 5.5749e+07
5801 4.97205e+07 4.97205e+07 4.97204e+07 4.97204e+07
6019 4.91923e+07 4.91923e+07 4.91923e+07 4.91923e+07
6042 4.53781e+07 4.53781e+07 4.53781e+07 4.53781e+07
7010 3.30059e+07 3.30059e+07 3.30058e+07 3.30058e+07
10411 3.0799e+07 3.0799e+07 3.0799e+07 3.0799e+07
11629 2.99288e+07 2.99288e+07 2.99288e+07 2.99288e+07
14402 2.94105e+07 2.94105e+07 2.94105e+07 2.94105e+07
14411 2.85169e+07 2.85169e+07 2.85169e+07 2.85169e+07
15128 2.63844e+07 2.63844e+07 2.63844e+07 2.63844e+07
16221 2.02424e+07 2.02424e+07 2.02424e+07 2.02424e+07
22336 1.73815e+07 1.73815e+07 1.73814e+07 1.73814e+07
30837 1.71961e+07 1.71961e+07 1.71961e+07 1.71961e+07
33028 1.60229e+07 1.60229e+07 1.60229e+07 1.60229e+07
40442 1.49902e+07 1.49902e+07 1.49902e+07 1.49902e+07
42942 1.14295e+07 1.14295e+07 1.14294e+07 1.14294e+07
80733 1.13982e+07 1.13982e+07 1.13982e+07 1.13982e+07
92436 1.05426e+07 1.05426e+07 1.05426e+07 1.05426e+07
103732 1.00006e+07 1.00006e+07 1.00006e+07 1.00006e+07
110331 9.69925e+06 9.69925e+06 9.69922e+06 9.69922e+06
113313 9.03411e+06 9.03411e+06 9.03408e+06 9.03408e+06
113338 7.53721e+06 7.53721e+06 7.53717e+06 7.53717e+06
128317 6.70789e+06 6.70789e+06 6.70785e+06 6.70785e+06
130108 4.5296e+06 4.5296e+06 4.52957e+06 4.52957e+06
200050 4.83845e+08 4.5296e+06 4.83845e+08 4.52957e+06
"function evaluation" "current f(x)" "best-so-far f(x)" "current af(x)+b"  "best af(x)+b"
1 6.21647e+09 6.21647e+09 6.21647e+09 6.21647e+09
2 1.72761e+09 1.72761e+09 1.72761e+09 1.72761e+09
8 2.78259e+08 2.78259e+08 2.78259e+08 2.78259e+08
20 2.33803e+08 2.33803e+08 2.33803e+08 2.33803e+08
27 1.88792e+08 1.88792e+08 1.88792e+08 1.88792e+08
1119 1.31311e+08 1.31311e+08 1.31311e+08 1.31311e+08
1127 1.08123e+08 1.08123e+08 1.08123e+08 1.08123e+08
1211 7.85218e+07 7.85218e+07 7.85218e+07 7.85218e+07
3303 6.26376e+07 6.26376e+07 6.26376e+07 6.26376e+07
3329 4.37817e+07 4.37817e+07 4.37818e+07 4.37818e+07
6604 3.40081e+07 3.40081e+07 3.40081e+07 3.40081e+07
11701 3.32017e+07 3.32017e+07 3.32017e+07 3.32017e+07
16526 2.97903e+07 2.97903e+07 2.97903e+07 2.97903e+07
18224 2.49774e+07 2.49774e+07 2.49774e+07 2.49774e+07
18242 1.84616e+07 1.84616e+07 1.84617e+07 1.84617e+07
24202 1.67815e+07 1.67815e+07 1.67815e+07 1.67815e+07
32220 1.66595e+07 1.66595e+07 1.66595e+07 1.66595e+07
32737 1.61442e+07 1.61442e+07 1.61443e+07 1.61443e+07
35146 1.49613e+07 1.49613e+07 1.49613e+07 1.49613e+07
45122 1.26917e+07 1.26917e+07 1.26917e+07 1.26917e+07
45123 1.25626e+07 1.25626e+07 1.25627e+07 1.25627e+07
58113 9.82579e+06 9.82579e+06 9.82581e+06 9.82581e+06
60641 9.72912e+06 9.72912e+06 9.72913e+06 9.72913e+06
94548 8.48851e+06 8.48851e+06 8.48852e+06 8.48852e+06
121734 8.46516e+06 8.46516e+06 8.46518e+06 8.46518e+06
178039 8.0144e+06 8.0144e+06 8.01441e+06 8.01441e+06
200050 9.24458e+07 8.0144e+06 9.24458e+07 8.01441e+06
"function evaluation" "current f(x)" "best-so-far f(x)" "current af(x)+b"  "best af(x)+b"
1 1.06864e+09 1.06864e+09 1.06864e+09 1.06864e+09
2 3.73831e+08 3.73831e+08 3.73831e+08 3.73831e+08
15 3.57959e+08 3.57959e+08 3.57959e+08 3.57959e+08
16 1.84203e+08 1.84203e+08 1.84203e+08 1.84203e+08
610 1.18167e+08 1.18167e+08 1.18167e+08 1.18167e+08
1101 1.07713e+08 1.07713e+08 1.07713e+08 1.07713e+08
1102 1.07678e+08 1.07678e+08 1.07678e+08 1.07678e+08
1103 9.51385e+07 9.51385e+07 9.51386e+07 9.51386e+07
1105 9.45232e+07 9.45232e+07 9.45232e+07 9.45232e+07
1107 9.303e+07 9.303e+07 9.303e+07 9.303e+07
1111 7.6236e+07 7.6236e+07 7.6236e+07 7.6236e+07
1139 7.4523e+07 7.4523e+07 7.45231e+07 7.45231e+07
2201 5.86139e+07 5.86139e+07 5.8614e+07 5.8614e+07
2215 4.68558e+07 4.68558e+07 4.68558e+07 4.68558e+07
3543 3.66842e+07 3.66842e+07 3.66842e+07 3.66842e+07
7748 2.99574e+07 2.99574e+07 2.99574e+07 2.99574e+07
9916 1.75329e+07 1.75329e+07 1.7533e+07 1.7533e+07
15343 1.44247e+07 1.44247e+07 1.44247e+07 1.44247e+07
27104 1.08872e+07 1.08872e+07 1.08873e+07 1.08873e+07
29608 9.26576e+06 9.26576e+06 9.2658e+06 9.2658e+06
29629 8.13481e+06 8.13481e+06 8.13485e+06 8.13485e+06
44215 7.61881e+06 7.61881e+06 7.61884e+06 7.61884e+06
88446 6.01584e+06 6.01584e+06 6.01587e+06 6.01587e+06
106806 5.72442e+06 5.72442e+06 5.72446e+06 5.72446e+06
127017 5.5553e+06 5.5553e+06 5.55534e+06 5.55534e+06
147803 3.63065e+06 3.63065e+06 3.63068e+06 3.63068e+06
200050 1.06596e+08 3.63065e+06 1.06596e+08 3.63068e+06
"function evaluation" "current f(x)" "best-so-far f(x)" "current af(x)+b"  "best af(x)+b"
1 8.67339e+08 8.67339e+08 8.67338e+08 8.67338e+08
2 4.2838e+08 4.2838e+08 4.2838e+08 4.2838e+08
10 3.79148e+08 3.79148e+08 3.79147e+08 3.79147e+08
15 3.17138e+08 3.17138e+08 3.17138e+08 3.17138e+08
20 2.95711e+08 2.95711e+08 2.95711e+08 2.95711e+08
35 2.85081e+08 2.85081e+08 2.85081e+08 2.85081e+08
706 1.37695e+08 1.37695e+08 1.37694e+08 1.37694e+08
1033 1.20907e+08 1.20907e+08 1.20907e+08 1.20907e+08
1406 6.83409e+07 6.83409e+07 6.83406e+07 6.83406e+07
3127 6.3718e+07 6.3718e+07 6.37177e+07 6.37177e+07
3222 5.68332e+07 5.68332e+07 5.68329e+07 5.68329e+07
4045 5.15653e+07 5.15653e+07 5.1565e+07 5.1565e+07
4109 3.67465e+07 3.67465e+07 3.67461e+07 3.67461e+07
5715 3.50449e+07 3.50449e+07 3.50446e+07 3.50446e+07
6424 3.10462e+07 3.10462e+07 3.10459e+07 3.10459e+07
10815 2.58847e+07 2.58847e+07 2.58844e+07 2.58844e+07
13214 1.77861e+07 1.77861e+07 1.77858e+07 1.77858e+07
13250 1.72356e+07 1.72356e+07 1.72353e+07 1.72353e+07
25409 1.51355e+07 1.51355e+07 1.51352e+07 1.51352e+07
25419 8.32511e+06 8.32511e+06 8.3248e+06 8.3248e+06
87422 7.63502e+06 7.63502e+06 7.63471e+06 7.63471e+06
87423 6.39799e+06 6.39799e+06 6.39768e+06 6.39768e+06
89117 3.60314e+06 3.60314e+06 3.60283e+06 3.60283e+06
114140 3.52785e+06 3.52785e+06 3.52754e+06 3.52754e+06
200050 2.48245e+08 3.52785e+06 2.48245e+08 3.52754e+06
"function evaluation" "current f(x)" "best-so-far f(x)" "current af(x)+b"  "best af(x)+b"
1 6.29375e+08 6.29375e+08 6.29374e+08 6.29374e+08
3 5.55197e+08 5.55197e+08 5.55196e+08 5.55196e+08
11 2.20438e+08 2.20438e+08 2.20437e+08 2.20437e+08
15 2.20432e+08 2.20432e+08 2.20431e+08 2.20431e+08
47 1.37925e+08 1.37925e+08 1.37924e+08 1.37924e+08
320 1.27065e+08 1.27065e+08 1.27064e+08 1.27064e+08
505 1.18604e+08 1.18604e+08 1.18603e+08 1.18603e+08
521 1.05224e+08 1.05224e+08 1.05223e+08 1.05223e+08
523 9.02666e+07 9.02666e+07 9.02656e+07 9.02656e+07
545 8.04779e+07 8.04779e+07 8.04769e+07 8.04769e+07
1642 6.7726e+07 6.7726e+07 6.7725e+07 6.7725e+07
2114 5.54406e+07 5.54406e+07 5.54396e+07 5.54396e+07
6902 5.05333e+07 5.05333e+07 5.05323e+07 5.05323e+07
7801 4.80201e+07 4.80201e+07 4.80191e+07 4.80191e+07
7803 3.07852e+07 3.07852e+07 3.07842e+07 3.07842e+07
7814 2.65313e+07 2.65313e+07 2.65303e+07 2.65303e+07
12811 2.06494e+07 2.06494e+07 2.06484e+07 2.06484e+07
22315 1.8541e+07 1.8541e+07 1.854e+07 1.854e+07
22334 1.78745e+07 1.78745e+07 1.78735e+07 1.78735e+07
23306 1.42116e+07 1.42116e+07 1.42106e+07 1.42106e+07
53020 1.41732e+07 1.41732e+07 1.41722e+07 1.41722e+07
58530 1.15809e+07 1.15809e+07 1.15799e+07 1.15799e+07
68444 1.06211e+07 1.06211e+07 1.06201e+07 1.06201e+07
76515 9.02236e+06 9.02236e+06 9.02136e+06 9.02136e+06
78604 6.1059e+06 6.1059e+06 6.1049e+06 6.1049e+06
115840 4.18757e+06 4.18757e+06 4.18657e+06 4.18657e+06
193106 4.18667e+06 4.18667e+06 4.18567e+06 4.18567e+06
200050 3.9843e+07 4.18667e+06 3.9842e+07 4.18567e+06
"function evaluation" "current f(x)" "best-so-far f(x)" "current af(x)+b"  "best af(x)+b"
1 3.80411e+08 3.80411e+08 3.80411e+08 3.80411e+08
4 2.08457e+08 2.08457e+08 2.08457e+08 2.08457e+08
329 1.7185e+08 1.7185e+08 1.7185e+08 1.7185e+08
501 1.47676e+08 1.47676e+08 1.47676e+08 1.47676e+08
1207 1.46709e+08 1.46709e+08 1.46709e+08 1.46709e+08
1210 1.0609e+08 1.0609e+08 1.0609e+08 1.0609e+08
1215 8.96951e+07 8.96951e+07 8.96951e+07 8.96951e+07
2046 8.21437e+07 8.21437e+07 8.21437e+07 8.21437e+07
3035 7.63994e+07 7.63994e+07 7.63995e+07 7.63995e+07
3123 4.67826e+07 4.67826e+07 4.67827e+07 4.67827e+07
5320 4.56283e+07 4.56283e+07 4.56284e+07 4.56284e+07
9308 4.23835e+07 4.23835e+07 4.23836e+07 4.23836e+07
9405 3.89055e+07 3.89055e+07 3.89056e+07 3.89056e+07
9411 3.72534e+07 3.72534e+07 3.72534e+07 3.72534e+07
9701 3.65111e+07 3.65111e+07 3.65111e+07 3.65111e+07
14702 2.38428e+07 2.38428e+07 2.38428e+07 2.38428e+07
19430 2.16289e+07 2.16289e+07 2.1629e+07 2.1629e+07
27618 2.06599e+07 2.06599e+07 2.066e+07 2.066e+07
27742 1.83588e+07 1.83588e+07 1.83589e+07 1.83589e+07
34815 1.78762e+07 1.78762e+07 1.78762e+07 1.78762e+07
47218 1.11558e+07 1.11558e+07 1.11559e+07 1.11559e+07
92908 8.2096e+06 8.2096e+06 8.20966e+06 8.20966e+06
97533 7.30403e+06 7.30403e+06 7.30408e+06 7.30408e+06
138201 7.01173e+06 7.01173e+06 7.01178e+06 7.01178e+06
200050 8.44106e+09 7.01173e+06 8.44106e+09 7.01178e+06
"function evaluation" "current f(x)" "best-so-far f(x)" "current af(x)+b"  "best af(x)+b"
1 7.9151e+08 7.9151e+08 7.9151e+08 7.9151e+08
5 3.65486e+08 3.65486e+08 3.65487e+08 3.65487e+08
6 2.82433e+08 2.82433e+08 2.82433e+08 2.82433e+08
103 2.46627e+08 2.46627e+08 2.46627e+08 2.46627e+08
1246 2.12112e+08 2.12112e+08 2.12112e+08 2.12112e+08
1848 1.84174e+08 1.84174e+08 1.84174e+08 1.84174e+08
2106 1.7843e+08 1.7843e+08 1.7843e+08 1.7843e+08
2124 1.72458e+08 1.72458e+08 1.72459e+08 1.72459e+08
2133 1.57782e+08 1.57782e+08 1.57782e+08 1.57782e+08
3348 1.54521e+08 1.54521e+08 1.54521e+08 1.54521e+08
3834 1.53849e+08 1.53849e+08 1.53849e+08 1.53849e+08
4011 1.24154e+08 1.24154e+08 1.24154e+08 1.24154e+08
4014 1.13726e+08 1.13726e+08 1.13726e+08 1.13726e+08
4420 1.0817e+08 1.0817e+08 1.0817e+08 1.0817e+08
4726 1.02297e+08 1.02297e+08 1.02297e+08 1.02297e+08
5536 9.98227e+07 9.98227e+07 9.98228e+07 9.98228e+07
8301 8.15017e+07 8.15017e+07 8.15018e+07 8.15018e+07
8303 6.77016e+07 6.77016e+07 6.77017e+07 6.77017e+07
8318 6.29327e+07 6.29327e+07 6.29328e+07 6.29328e+07
8335 6.26502e+07 6.26502e+07 6.26503e+07 6.26503e+07
11001 3.4032e+07 3.4032e+07 3.40321e+07 3.40321e+07
11003 3.37679e+07 3.37679e+07 3.3768e+07 3.3768e+07
11004 2.73972e+07 2.73972e+07 2.73973e+07 2.73973e+07
24323 2.31286e+07 2.31286e+07 2.31287e+07 2.31287e+07
31941 2.2254e+07 2.2254e+07 2.22541e+07 2.22541e+07
32715 2.12162e+07 2.12162e+07 2.12163e+07 2.12163e+07
32735 1.94764e+07 1.94764e+07 1.94765e+07 1.94765e+07
34940 1.8846e+07 1.8846e+07 1.8846e+07 1.8846e+07
40310 1.7581e+07 1.7581e+07 1.7581e+07 1.7581e+07
40344 1.60447e+07 1.60447e+07 1.60448e+07 1.60448e+07
48614 1.24722e+07 1.24722e+07 1.24723e+07 1.24723e+07
64519 1.06809e+07 1.06809e+07 1.0681e+07 1.0681e+07
64626 1.03257e+07 1.03257e+07 1.03257e+07 1.03257e+07
64644 9.33569e+06 9.33569e+06 9.33579e+06 9.33579e+06
113531 6.38431e+06 6.38431e+06 6.38441e+06 6.38441e+06
123249 4.77258e+06 4.77258e+06 4.77267e+06 4.77267e+06
162612 4.34936e+06 4.34936e+06 4.34945e+06 4.34945e+06
200050 3.39271e+09 4.34936e+06 3.39271e+09 4.34945e+06
"function evaluation" "current f(x)" "best-so-far f(x)" "current af(x)+b"  "best af(x)+b"
1 1.70467e+10 1.70467e+10 1.70467e+10 1.70467e+10
2 7.9903e+09 7.9903e+09 7.9903e+09 7.9903e+09
3 9.78486e+08 9.78486e+08 9.78486e+08 9.78486e+08
11 3.52649e+08 3.52649e+08 3.52649e+08 3.52649e+08
37 2.91928e+08 2.91928e+08 2.91928e+08 2.91928e+08
44 1.40585e+08 1.40585e+08 1.40585e+08 1.40585e+08
906 1.24265e+08 1.24265e+08 1.24265e+08 1.24265e+08
937 1.1591e+08 1.1591e+08 1.1591e+08 1.1591e+08
1649 1.01782e+08 1.01782e+08 1.01782e+08 1.01782e+08
2046 9.89228e+07 9.89228e+07 9.89228e+07 9.89228e+07
2822 9.58106e+07 9.58106e+07 9.58106e+07 9.58106e+07
3101 6.01788e+07 6.01788e+07 6.01788e+07 6.01788e+07
3107 4.99853e+07 4.99853e+07 4.99853e+07 4.99853e+07
4710 4.9112e+07 4.9112e+07 4.91119e+07 4.91119e+07
6207 4.76892e+07 4.76892e+07 4.76892e+07 4.76892e+07
8828 4.73387e+07 4.73387e+07 4.73386e+07 4.73386e+07
11602 3.96923e+07 3.96923e+07 3.96923e+07 3.96923e+07
11613 3.20927e+07 3.20927e+07 3.20927e+07 3.20927e+07
13810 2.73034e+07 2.73034e+07 2.73034e+07 2.73034e+07
13815 1.85595e+07 1.85595e+07 1.85595e+07 1.85595e+07
16202 1.74875e+07 1.74875e+07 1.74875e+07 1.74875e+07
22732 1.61386e+07 1.61386e+07 1.61386e+07 1.61386e+07
33646 1.46854e+07 1.46854e+07 1.46853e+07 1.46853e+07
39234 1.35856e+07 1.35856e+07 1.35856e+07 1.35856e+07
39249 1.29498e+07 1.29498e+07 1.29498e+07 1.29498e+07
41326 1.08519e+07 1.08519e+07 1.08519e+07 1.08519e+07
41330 9.61189e+06 9.61189e+06 9.61186e+06 9.61186e+06
41349 8.79463e+06 8.79463e+06 8.79461e+06 8.79461e+06
77203 7.95873e+06 7.95873e+06 7.9587e+06 7.9587e+06
96249 7.58665e+06 7.58665e+06 7.58662e+06 7.58662e+06
166531 7.40817e+06 7.40817e+06 7.40815e+06 7.40815e+06
200050 1.62277e+08 7.40817e+06 1.62277e+08 7.40815e+06
"function evaluation" "current f(x)" "best-so-far f(x)" "current af(x)+b"  "best af(x)+b"
1 1.26283e+10 1.26283e+10 1.26283e+10 1.26283e+10
2 5.3957e+09 5.3957e+09 5.3957e+09 5.3957e+09
3 1.3331e+09 1.3331e+09 1.3331e+09 1.3331e+09
10 1.33217e+09 1.33217e+09 1.33217e+09 1.33217e+09
18 5.74309e+08 5.74309e+08 5.74308e+08 5.74308e+08
50 3.35549e+08 3.35549e+08 3.35548e+08 3.35548e+08
202 2.21826e+08 2.21826e+08 2.21825e+08 2.21825e+08
208 1.64026e+08 1.64026e+08 1.64025e+08 1.64025e+08
504 1.42842e+08 1.42842e+08 1.42841e+08 1.42841e+08
607 1.39233e+08 1.39233e+08 1.39232e+08 1.39232e+08
1046 1.30626e+08 1.30626e+08 1.30625e+08 1.30625e+08
1301 1.00772e+08 1.00772e+08 1.00771e+08 1.00771e+08
1318 9.71006e+07 9.71006e+07 9.70997e+07 9.70997e+07
2101 9.69921e+07 9.69921e+07 9.69912e+07 9.69912e+07
2117 8.54629e+07 8.54629e+07 8.54621e+07 8.54621e+07
2142 8.42875e+07 8.42875e+07 8.42866e+07 8.42866e+07
4307 8.39321e+07 8.39321e+07 8.39312e+07 8.39312e+07
4313 8.21629e+07 8.21629e+07 8.21621e+07 8.21621e+07
4324 7.19305e+07 7.19305e+07 7.19296e+07 7.19296e+07
6217 7.06487e+07 7.06487e+07 7.06479e+07 7.06479e+07
7101 6.90766e+07 6.90766e+07 6.90758e+07 6.90758e+07
7111 5.80288e+07 5.80288e+07 5.80279e+07 5.80279e+07
7143 5.79379e+07 5.79379e+07 5.79371e+07 5.79371e+07
7149 5.24486e+07 5.24486e+07 5.24477e+07 5.24477e+07
8347 5.15974e+07 5.15974e+07 5.15966e+07 5.15966e+07
13116 5.06396e+07 5.06396e+07 5.06387e+07 5.06387e+07
14918 4.70165e+07 4.70165e+07 4.70157e+07 4.70157e+07
15001 4.65851e+07 4.65851e+07 4.65842e+07 4.65842e+07
15024 4.51202e+07 4.51202e+07 4.51194e+07 4.51194e+07
15028 4.47779e+07 4.47779e+07 4.4777e+07 4.4777e+07
18905 3.80878e+07 3.80878e+07 3.80869e+07 3.80869e+07
21814 3.54598e+07 3.54598e+07 3.54589e+07 3.54589e+07
23615 3.41646e+07 3.41646e+07 3.41638e+07 3.41638e+07
23624 3.26007e+07 3.26007e+07 3.25998e+07 3.25998e+07
25215 2.84518e+07 2.84518e+07 2.8451e+07 2.8451e+07
25232 2.33678e+07 2.33678e+07 2.33669e+07 2.33669e+07
27745 1.61281e+07 1.61281e+07 1.61273e+07 1.61273e+07
32232 1.17168e+07 1.17168e+07 1.17159e+07 1.17159e+07
63047 7.78594e+06 7.78594e+06 7.7851e+06 7.7851e+06
80923 6.47179e+06 6.47179e+06 6.47094e+06 6.47094e+06
97030 6.21124e+06 6.21124e+06 6.2104e+06 6.2104e+06
114203 5.33584e+06 5.33584e+06 5.33499e+06 5.33499e+06
200050 5.8685e+07 5.33584e+06 5.86841e+07 5.33499e+06
"function evaluation" "current f(x)" "best-so-far f(x)" "current af(x)+b"  "best af(x)+b"
1 7.58931e+08 7.58931e+08 7.58931e+08 7.58931e+08
2 4.93062e+08 4.93062e+08 4.93062e+08 4.93062e+08
3 4.46813e+08 4.46813e+08 4.46813e+08 4.46813e+08
9 3.85712e+08 3.85712e+08 3.85712e+08 3.85712e+08
19 3.78935e+08 3.78935e+08 3.78935e+08 3.78935e+08
22 3.15142e+08 3.15142e+08 3.15142e+08 3.15142e+08
42 1.86345e+08 1.86345e+08 1.86345e+08 1.86345e+08
513 1.58478e+08 1.58478e+08 1.58478e+08 1.58478e+08
1417 1.56172e+08 1.56172e+08 1.56172e+08 1.56172e+08
1717 1.31389e+08 1.31389e+08 1.3139e+08 1.3139e+08
1804 1.25058e+08 1.25058e+08 1.25058e+08 1.25058e+08
1810 1.10984e+08 1.10984e+08 1.10984e+08 1.10984e+08
1827 1.01104e+08 1.01104e+08 1.01104e+08 1.01104e+08
2548 9.62743e+07 9.62743e+07 9.62743e+07 9.62743e+07
3525 9.14037e+07 9.14037e+07 9.14037e+07 9.14037e+07
3633 7.97784e+07 7.97784e+07 7.97784e+07 7.97784e+07
5129 7.93404e+07 7.93404e+07 7.93404e+07 7.93404e+07
5704 7.90621e+07 7.90621e+07 7.90622e+07 7.90622e+07
5918 7.32159e+07 7.32159e+07 7.3216e+07 7.3216e+07
6215 7.30081e+07 7.30081e+07 7.30082e+07 7.30082e+07
6235 6.46252e+07 6.46252e+07 6.46253e+07 6.46253e+07
6239 6.3831e+07 6.3831e+07 6.38311e+07 6.38311e+07
6247 5.13854e+07 5.13854e+07 5.13855e+07 5.13855e+07
7335 4.91265e+07 4.91265e+07 4.91265e+07 4.91265e+07
8707 4.60742e+07 4.60742e+07 4.60742e+07 4.60742e+07
9016 2.65289e+07 2.65289e+07 2.65289e+07 2.65289e+07
14841 2.16188e+07 2.16188e+07 2.16189e+07 2.16189e+07
17831 2.05696e+07 2.05696e+07 2.05696e+07 2.05696e+07
20308 1.65087e+07 1.65087e+07 1.65087e+07 1.65087e+07
20310 1.48104e+07 1.48104e+07 1.48104e+07 1.48104e+07
23047 1.19024e+07 1.19024e+07 1.19024e+07 1.19024e+07
26322 1.12536e+07 1.12536e+07 1.12537e+07 1.12537e+07
28410 1.05328e+07 1.05328e+07 1.05328e+07 1.05328e+07
29206 1.0225e+07 1.0225e+07 1.0225e+07 1.0225e+07
36017 8.09152e+06 8.09152e+06 8.09156e+06 8.09156e+06
47002 6.45483e+06 6.45483e+06 6.45486e+06 6.45486e+06
148136 5.47212e+06 5.47212e+06 5.47216e+06 5.47216e+06
200050 7.68256e+09 5.47212e+06 7.68256e+09 5.47216e+06
"function evaluation" "current f(x)" "best-so-far f(x)" "current af(x)+b"  "best af(x)+b"
1 3.19333e+08 3.19333e+08 3.19332e+08 3.19332e+08
3 2.55118e+08 2.55118e+08 2.55118e+08 2.55118e+08
7 1.97206e+08 1.97206e+08 1.97206e+08 1.97206e+08
704 1.85931e+08 1.85931e+08 1.8593e+08 1.8593e+08
705 1.41468e+08 1.41468e+08 1.41468e+08 1.41468e+08
710 1.29639e+08 1.29639e+08 1.29638e+08 1.29638e+08
715 1.28056e+08 1.28056e+08 1.28056e+08 1.28056e+08
721 1.03717e+08 1.03717e+08 1.03716e+08 1.03716e+08
1145 8.00216e+07 8.00216e+07 8.00211e+07 8.00211e+07
2601 4.68638e+07 4.68638e+07 4.68633e+07 4.68633e+07
2611 4.4523e+07 4.4523e+07 4.45224e+07 4.45224e+07
6838 3.78795e+07 3.78795e+07 3.78789e+07 3.78789e+07
7520 3.58574e+07 3.58574e+07 3.58568e+07 3.58568e+07
7521 2.29562e+07 2.29562e+07 2.29557e+07 2.29557e+07
10813 2.12118e+07 2.12118e+07 2.12113e+07 2.12113e+07
17206 2.10937e+07 2.10937e+07 2.10931e+07 2.10931e+07
17237 2.02252e+07 2.02252e+07 2.02247e+07 2.02247e+07
17305 1.76714e+07 1.76714e+07 1.76708e+07 1.76708e+07
20643 1.50299e+07 1.50299e+07 1.50294e+07 1.50294e+07
25524 1.26455e+07 1.26455e+07 1.26449e+07 1.26449e+07
25529 1.06249e+07 1.06249e+07 1.06243e+07 1.06243e+07
25548 9.44457e+06 9.44457e+06 9.44401e+06 9.44401e+06
46150 9.39355e+06 9.39355e+06 9.393e+06 9.393e+06
93823 7.36887e+06 7.36887e+06 7.36832e+06 7.36832e+06
97624 7.27294e+06 7.27294e+06 7.27239e+06 7.27239e+06
103905 6.17238e+06 6.17238e+06 6.17182e+06 6.17182e+06
134701 5.54471e+06 5.54471e+06 5.54416e+06 5.54416e+06
162113 3.60238e+06 3.60238e+06 3.60183e+06 3.60183e+06
200050 1.13671e+09 3.60238e+06 1.13671e+09 3.60183e+06
"function evaluation" "current f(x)" "best-so-far f(x)" "current af(x)+b"  "best af(x)+b"
1 1.83018e+08 1.83018e+08 1.83017e+08 1.83017e+08
45 1.1942e+08 1.1942e+08 1.1942e+08 1.1942e+08
809 8.8636e+07 8.8636e+07 8.86357e+07 8.86357e+07
3244 7.12071e+07 7.12071e+07 7.12068e+07 7.12068e+07
3837 5.54217e+07 5.54217e+07 5.54214e+07 5.54214e+07
7808 4.07924e+07 4.07924e+07 4.07921e+07 4.07921e+07
9927 3.75342e+07 3.75342e+07 3.75339e+07 3.75339e+07
15621 3.40063e+07 3.40063e+07 3.40059e+07 3.40059e+07
15645 3.15901e+07 3.15901e+07 3.15898e+07 3.15898e+07
17828 2.83794e+07 2.83794e+07 2.83791e+07 2.83791e+07
18318 2.75687e+07 2.75687e+07 2.75683e+07 2.75683e+07
21642 2.51598e+07 2.51598e+07 2.51594e+07 2.51594e+07
23847 1.57131e+07 1.57131e+07 1.57128e+07 1.57128e+07
29234 1.42065e+07 1.42065e+07 1.42062e+07 1.42062e+07
35701 1.15689e+07 1.15689e+07 1.15686e+07 1.15686e+07
35724 8.41344e+06 8.41344e+06 8.41309e+06 8.41309e+06
46830 8.36883e+06 8.36883e+06 8.36848e+06 8.36848e+06
100306 7.58894e+06 7.58894e+06 7.58859e+06 7.58859e+06
136228 7.39507e+06 7.39507e+06 7.39472e+06 7.39472e+06
150806 5.24538e+06 5.24538e+06 5.24503e+06 5.24503e+06
200050 1.24264e+10 5.24538e+06 1.24264e+10 5.24503e+06
"function evaluation" "current f(x)" "best-so-far f(x)" "current af(x)+b"  "best af(x)+b"
1 1.56378e+09 1.56378e+09 1.56378e+09 1.56378e+09
3 1.92807e+08 1.92807e+08 1.92806e+08 1.92806e+08
19 1.7174e+08 1.7174e+08 1.71739e+08 1.71739e+08
306 1.18212e+08 1.18212e+08 1.18211e+08 1.18211e+08
624 8.06405e+07 8.06405e+07 8.06396e+07 8.06396e+07
2521 7.38785e+07 7.38785e+07 7.38777e+07 7.38777e+07
3608 7.21552e+07 7.21552e+07 7.21544e+07 7.21544e+07
3821 6.69087e+07 6.69087e+07 6.69078e+07 6.69078e+07
4329 6.11543e+07 6.11543e+07 6.11535e+07 6.11535e+07
6044 5.91788e+07 5.91788e+07 5.9178e+07 5.9178e+07
6838 5.49268e+07 5.49268e+07 5.4926e+07 5.4926e+07
7846 4.68592e+07 4.68592e+07 4.68584e+07 4.68584e+07
9829 3.07882e+07 3.07882e+07 3.07873e+07 3.07873e+07
16550 2.96734e+07 2.96734e+07 2.96725e+07 2.96725e+07
23545 2.77127e+07 2.77127e+07 2.77119e+07 2.77119e+07
25120 2.1698e+07 2.1698e+07 2.16971e+07 2.16971e+07
25320 1.63046e+07 1.63046e+07 1.63038e+07 1.63038e+07
30415 1.45969e+07 1.45969e+07 1.45961e+07 1.45961e+07
30434 1.37013e+07 1.37013e+07 1.37004e+07 1.37004e+07
30440 1.31965e+07 1.31965e+07 1.31956e+07 1.31956e+07
41203 9.98767e+06 9.98767e+06 9.98683e+06 9.98683e+06
41205 9.64117e+06 9.64117e+06 9.64033e+06 9.64033e+06
41243 6.55182e+06 6.55182e+06 6.55098e+06 6.55098e+06
49135 6.42975e+06 6.42975e+06 6.42891e+06 6.42891e+06
77236 6.3654e+06 6.3654e+06 6.36456e+06 6.36456e+06
145442 5.10108e+06 5.10108e+06 5.10024e+06 5.10024e+06
173244 3.77563e+06 3.77563e+06 3.77479e+06 3.77479e+06
200050 1.098e+09 3.77563e+06 1.098e+09 3.77479e+06
"function evaluation" "current f(x)" "best-so-far f(x)" "current af(x)+b"  "best af(x)+b"
1 4.66614e+08 4.66614e+08 4.66614e+08 4.66614e+08
10 2.76686e+08 2.76686e+08 2.76686e+08 2.76686e+08
50 1.55314e+08 1.55314e+08 1.55314e+08 1.55314e+08
706 1.35281e+08 1.35281e+08 1.35281e+08 1.35281e+08
807 1.3248e+08 1.3248e+08 1.3248e+08 1.3248e+08
828 1.19498e+08 1.19498e+08 1.19498e+08 1.19498e+08
844 1.0008e+08 1.0008e+08 1.0008e+08 1.0008e+08
919 7.35607e+07 7.35607e+07 7.35608e+07 7.35608e+07
5520 7.3522e+07 7.3522e+07 7.3522e+07 7.3522e+07
5545 6.42319e+07 6.42319e+07 6.4232e+07 6.4232e+07
5644 6.37228e+07 6.37228e+07 6.37229e+07 6.37229e+07
6522 6.13683e+07 6.13683e+07 6.13683e+07 6.13683e+07
6526 6.01489e+07 6.01489e+07 6.01489e+07 6.01489e+07
6536 5.95482e+07 5.95482e+07 5.95482e+07 5.95482e+07
6711 5.79667e+07 5.79667e+07 5.79667e+07 5.79667e+07
7006 5.48158e+07 5.48158e+07 5.48158e+07 5.48158e+07
8115 5.31754e+07 5.31754e+07 5.31755e+07 5.31755e+07
9213 4.19916e+07 4.19916e+07 4.19916e+07 4.19916e+07
12031 3.99471e+07 3.99471e+07 3.99472e+07 3.99472e+07
15002 3.64287e+07 3.64287e+07 3.64288e+07 3.64288e+07
15004 3.02483e+07 3.02483e+07 3.02484e+07 3.02484e+07
15319 2.64412e+07 2.64412e+07 2.64412e+07 2.64412e+07
20333 2.61493e+07 2.61493e+07 2.61494e+07 2.61494e+07
21804 2.46457e+07 2.46457e+07 2.46458e+07 2.46458e+07
21818 2.09911e+07 2.09911e+07 2.09911e+07 2.09911e+07
21837 1.85506e+07 1.85506e+07 1.85506e+07 1.85506e+07
23012 1.83478e+07 1.83478e+07 1.83479e+07 1.83479e+07
23317 1.4455e+07 1.4455e+07 1.44551e+07 1.44551e+07
27022 1.03942e+07 1.03942e+07 1.03942e+07 1.03942e+07
44750 1.02712e+07 1.02712e+07 1.02713e+07 1.02713e+07
49006 9.40835e+06 9.40835e+06 9.4084e+06 9.4084e+06
49027 7.08592e+06 7.08592e+06 7.08596e+06 7.08596e+06
80213 4.90964e+06 4.90964e+06 4.90968e+06 4.90968e+06
143217 4.78856e+06 4.78856e+06 4.7886e+06 4.7886e+06
200050 3.90212e+08 4.78856e+06 3.90212e+08 4.7886e+06
"function evaluation" "current f(x)" "best-so-far f(x)" "current af(x)+b"  "best af(x)+b"
1 3.07868e+09 3.07868e+09 3.07868e+09 3.07868e+09
2 8.53086e+08 8.53086e+08 8.53086e+08 8.53086e+08
5 2.84156e+08 2.84156e+08 2.84156e+08 2.84156e+08
37 2.79196e+08 2.79196e+08 2.79196e+08 2.79196e+08
120 2.77137e+08 2.77137e+08 2.77137e+08 2.77137e+08
317 2.59476e+08 2.59476e+08 2.59476e+08 2.59476e+08
608 2.59205e+08 2.59205e+08 2.59206e+08 2.59206e+08
614 2.14127e+08 2.14127e+08 2.14127e+08 2.14127e+08
618 1.97225e+08 1.97225e+08 1.97225e+08 1.97225e+08
1144 1.74837e+08 1.74837e+08 1.74837e+08 1.74837e+08
2032 1.53499e+08 1.53499e+08 1.53499e+08 1.53499e+08
4202 1.46774e+08 1.46774e+08 1.46774e+08 1.46774e+08
5408 1.32588e+08 1.32588e+08 1.32588e+08 1.32588e+08
6523 1.0631e+08 1.0631e+08 1.0631e+08 1.0631e+08
7029 7.88308e+07 7.88308e+07 7.88309e+07 7.88309e+07
7047 7.83062e+07 7.83062e+07 7.83063e+07 7.83063e+07
7509 7.29868e+07 7.29868e+07 7.29869e+07 7.29869e+07
7639 7.00924e+07 7.00924e+07 7.00925e+07 7.00925e+07
7704 6.04683e+07 6.04683e+07 6.04683e+07 6.04683e+07
9718 3.91138e+07 3.91138e+07 3.91138e+07 3.91138e+07
13129 3.35447e+07 3.35447e+07 3.35448e+07 3.35448e+07
15624 2.16382e+07 2.16382e+07 2.16382e+07 2.16382e+07
21542 1.34997e+07 1.34997e+07 1.34997e+07 1.34997e+07
34418 1.28751e+07 1.28751e+07 1.28752e+07 1.28752e+07
38804 7.1075e+06 7.1075e+06 7.10757e+06 7.10757e+06
89641 5.93986e+06 5.93986e+06 5.93993e+06 5.93993e+06
171219 5.73615e+06 5.73615e+06 5.73622e+06 5.73622e+06
194741 4.85854e+06 4.85854e+06 4.85861e+06 4.85861e+06
200050 9.1041e+08 4.85854e+06 9.1041e+08 4.85861e+06
"function evaluation" "current f(x)" "best-so-far f(x)" "current af(x)+b"  "best af(x)+b"
1 9.64647e+08 9.64647e+08 9.64647e+08 9.64647e+08
4 5.22569e+08 5.22569e+08 5.22569e+08 5.22569e+08
5 3.6073e+08 3.6073e+08 3.6073e+08 3.6073e+08
6 1.76704e+08 1.76704e+08 1.76703e+08 1.76703e+08
38 1.35055e+08 1.35055e+08 1.35055e+08 1.35055e+08
109 1.32211e+08 1.32211e+08 1.32211e+08 1.32211e+08
135 9.40581e+07 9.40581e+07 9.40581e+07 9.40581e+07
328 8.12347e+07 8.12347e+07 8.12347e+07 8.12347e+07
348 7.51432e+07 7.51432e+07 7.51431e+07 7.51431e+07
724 5.84007e+07 5.84007e+07 5.84007e+07 5.84007e+07
2202 5.46712e+07 5.46712e+07 5.46711e+07 5.46711e+07
5508 4.28239e+07 4.28239e+07 4.28239e+07 4.28239e+07
5519 3.92941e+07 3.92941e+07 3.92941e+07 3.92941e+07
8026 3.59629e+07 3.59629e+07 3.59629e+07 3.59629e+07
8038 3.35976e+07 3.35976e+07 3.35976e+07 3.35976e+07
9550 3.0746e+07 3.0746e+07 3.07459e+07 3.07459e+07
11313 2.92374e+07 2.92374e+07 2.92374e+07 2.92374e+07
11315 2.55325e+07 2.55325e+07 2.55325e+07 2.55325e+07
14420 1.89602e+07 1.89602e+07 1.89602e+07 1.89602e+07
22601 1.49932e+07 1.49932e+07 1.49932e+07 1.49932e+07
28135 1.36536e+07 1.36536e+07 1.36536e+07 1.36536e+07
29612 1.13686e+07 1.13686e+07 1.13686e+07 1.13686e+07
41720 9.05599e+06 9.05599e+06 9.05597e+06 9.05597e+06
47003 8.96191e+06 8.96191e+06 8.96188e+06 8.96188e+06
47048 8.00902e+06 8.00902e+06 8.00899e+06 8.00899e+06
94518 5.93795e+06 5.93795e+06 5.93792e+06 5.93792e+06
144041 5.68293e+06 5.68293e+06 5.6829e+06 5.6829e+06
199149 5.6354e+06 5.6354e+06 5.63537e+06 5.63537e+06
200050 2.49223e+09 5.6354e+06 2.49223e+09 5.63537e+06
"function evaluation" "current f(x)" "best-so-far f(x)" "current af(x)+b"  "best af(x)+b"
1 1.28895e+09 1.28895e+09 1.28895e+09 1.28895e+09
5 7.30459e+08 7.30459e+08 7.30459e+08 7.30459e+08
9 5.08975e+08 5.08975e+08 5.08975e+08 5.08975e+08
10 2.48706e+08 2.48706e+08 2.48705e+08 2.48705e+08
13 2.10606e+08 2.10606e+08 2.10606e+08 2.10606e+08
33 1.84947e+08 1.84947e+08 1.84946e+08 1.84946e+08
40 1.39426e+08 1.39426e+08 1.39426e+08 1.39426e+08
518 1.34194e+08 1.34194e+08 1.34194e+08 1.34194e+08
1914 1.23786e+08 1.23786e+08 1.23786e+08 1.23786e+08
1918 1.21711e+08 1.21711e+08 1.21711e+08 1.21711e+08
1920 1.14082e+08 1.14082e+08 1.14082e+08 1.14082e+08
1935 6.74022e+07 6.74022e+07 6.74021e+07 6.74021e+07
4247 6.69589e+07 6.69589e+07 6.69588e+07 6.69588e+07
5139 5.31323e+07 5.31323e+07 5.31322e+07 5.31322e+07
5433 5.11003e+07 5.11003e+07 5.11002e+07 5.11002e+07
6425 4.45613e+07 4.45613e+07 4.45612e+07 4.45612e+07
7244 4.10768e+07 4.10768e+07 4.10767e+07 4.10767e+07
7622 4.04353e+07 4.04353e+07 4.04352e+07 4.04352e+07
9823 3.65356e+07 3.65356e+07 3.65355e+07 3.65355e+07
11114 3.53021e+07 3.53021e+07 3.5302e+07 3.5302e+07
17009 3.17093e+07 3.17093e+07 3.17092e+07 3.17092e+07
20446 3.00844e+07 3.00844e+07 3.00843e+07 3.00843e+07
22004 2.63516e+07 2.63516e+07 2.63515e+07 2.63515e+07
24350 2.28152e+07 2.28152e+07 2.28151e+07 2.28151e+07
26027 2.02535e+07 2.02535e+07 2.02533e+07 2.02533e+07
27821 1.95279e+07 1.95279e+07 1.95278e+07 1.95278e+07
30520 1.72696e+07 1.72696e+07 1.72695e+07 1.72695e+07
39510 1.66669e+07 1.66669e+07 1.66668e+07 1.66668e+07
39842 1.66164e+07 1.66164e+07 1.66163e+07 1.66163e+07
43226 1.63603e+07 1.63603e+07 1.63602e+07 1.63602e+07
48706 1.11841e+07 1.11841e+07 1.1184e+07 1.1184e+07
57321 7.7087e+06 7.7087e+06 7.70858e+06 7.70858e+06
71244 7.12913e+06 7.12913e+06 7.12902e+06 7.12902e+06
87205 5.23915e+06 5.23915e+06 5.23904e+06 5.23904e+06
119319 4.74439e+06 4.74439e+06 4.74427e+06 4.74427e+06
192804 4.70252e+06 4.70252e+06 4.70241e+06 4.70241e+06
200050 1.34534e+09 4.70252e+06 1.34533e+09 4.70241e+06
