"function evaluation" "current f(x)" "best-so-far f(x)" "current af(x)+b"  "best af(x)+b"
1 41.2148 41.2148 24.2748 24.2748
2 32.1115 32.1115 15.1715 15.1715
8 31.2041 31.2041 14.2641 14.2641
119 27.881 27.881 10.941 10.941
120 20.4208 20.4208 3.48076 3.48076
150 18.0874 18.0874 1.1474 1.1474
219 12.0403 12.0403 -4.89969 -4.89969
612 11.7225 11.7225 -5.21755 -5.21755
636 10.3943 10.3943 -6.54568 -6.54568
779 9.04313 9.04313 -7.89687 -7.89687
914 8.47537 8.47537 -8.46463 -8.46463
1160 7.5364 7.5364 -9.4036 -9.4036
1225 6.75343 6.75343 -10.1866 -10.1866
1809 4.95881 4.95881 -11.9812 -11.9812
2050 8.89775 4.95881 -8.04225 -11.9812
"function evaluation" "current f(x)" "best-so-far f(x)" "current af(x)+b"  "best af(x)+b"
1 17.2732 17.2732 36.0832 36.0832
18 14.156 14.156 32.966 32.966
190 13.2418 13.2418 32.0518 32.0518
202 12.0589 12.0589 30.8689 30.8689
242 11.8828 11.8828 30.6928 30.6928
284 11.8647 11.8647 30.6747 30.6747
359 11.4855 11.4855 30.2955 30.2955
400 9.70818 9.70818 28.5182 28.5182
533 9.26612 9.26612 28.0761 28.0761
650 8.86069 8.86069 27.6707 27.6707
661 8.37383 8.37383 27.1838 27.1838
951 7.59554 7.59554 26.4055 26.4055
1011 6.97579 6.97579 25.7858 25.7858
1320 6.19212 6.19212 25.0021 25.0021
1411 6.01845 6.01845 24.8284 24.8284
1564 5.9904 5.9904 24.8004 24.8004
2050 163.712 5.9904 182.522 24.8004
"function evaluation" "current f(x)" "best-so-far f(x)" "current af(x)+b"  "best af(x)+b"
1 197.239 197.239 470.389 470.389
2 91.591 91.591 364.741 364.741
5 80.5396 80.5396 353.69 353.69
6 28.743 28.743 301.893 301.893
204 26.6739 26.6739 299.824 299.824
229 21.674 21.674 294.824 294.824
512 14.9446 14.9446 288.095 288.095
543 13.5704 13.5704 286.72 286.72
642 11.1424 11.1424 284.292 284.292
989 8.1721 8.1721 281.322 281.322
1330 7.71524 7.71524 280.865 280.865
1757 5.36118 5.36118 278.511 278.511
2050 9.41359 5.36118 282.564 278.511
"function evaluation" "current f(x)" "best-so-far f(x)" "current af(x)+b"  "best af(x)+b"
1 31.9706 31.9706 69.1506 69.1506
2 17.273 17.273 54.453 54.453
29 17.0418 17.0418 54.2218 54.2218
34 16.3114 16.3114 53.4914 53.4914
35 14.6773 14.6773 51.8573 51.8573
44 12.6801 12.6801 49.8601 49.8601
101 9.6261 9.6261 46.8061 46.8061
182 9.01728 9.01728 46.1973 46.1973
535 7.91816 7.91816 45.0982 45.0982
721 6.35908 6.35908 43.5391 43.5391
1409 6.35088 6.35088 43.5309 43.5309
1513 5.55097 5.55097 42.731 42.731
1714 5.11881 5.11881 42.2988 42.2988
2050 9.6579 5.11881 46.8379 42.2988
"function evaluation" "current f(x)" "best-so-far f(x)" "current af(x)+b"  "best af(x)+b"
1 29.3558 29.3558 -118.544 -118.544
2 27.3284 27.3284 -120.572 -120.572
3 18.6815 18.6815 -129.218 -129.218
6 17.7162 17.7162 -130.184 -130.184
10 17.6567 17.6567 -130.243 -130.243
27 16.7211 16.7211 -131.179 -131.179
103 15.5917 15.5917 -132.308 -132.308
104 13.7725 13.7725 -134.128 -134.128
117 12.6987 12.6987 -135.201 -135.201
128 12.09 12.09 -135.81 -135.81
130 11.6553 11.6553 -136.245 -136.245
162 11.6106 11.6106 -136.289 -136.289
185 10.9691 10.9691 -136.931 -136.931
269 10.5596 10.5596 -137.34 -137.34
304 10.1534 10.1534 -137.747 -137.747
353 8.52124 8.52124 -139.379 -139.379
936 8.33978 8.33978 -139.56 -139.56
961 7.72965 7.72965 -140.17 -140.17
1024 6.48357 6.48357 -141.416 -141.416
1725 5.59569 5.59569 -142.304 -142.304
2050 43.2867 5.59569 -104.613 -142.304
"function evaluation" "current f(x)" "best-so-far f(x)" "current af(x)+b"  "best af(x)+b"
1 38.046 38.046 -183.844 -183.844
2 21.4323 21.4323 -200.458 -200.458
3 20.3916 20.3916 -201.498 -201.498
7 18.0607 18.0607 -203.829 -203.829
16 17.0793 17.0793 -204.811 -204.811
17 12.7448 12.7448 -209.145 -209.145
105 11.2785 11.2785 -210.612 -210.612
127 11.2413 11.2413 -210.649 -210.649
128 9.01327 9.01327 -212.877 -212.877
151 8.43425 8.43425 -213.456 -213.456
236 8.25678 8.25678 -213.633 -213.633
255 7.51795 7.51795 -214.372 -214.372
360 6.83016 6.83016 -215.06 -215.06
585 6.3563 6.3563 -215.534 -215.534
976 6.15107 6.15107 -215.739 -215.739
1008 5.73846 5.73846 -216.152 -216.152
1119 4.85485 4.85485 -217.035 -217.035
1440 4.08884 4.08884 -217.801 -217.801
1564 3.88336 3.88336 -218.007 -218.007
2050 10.1063 3.88336 -211.784 -218.007
"function evaluation" "current f(x)" "best-so-far f(x)" "current af(x)+b"  "best af(x)+b"
1 14.9917 14.9917 134.532 134.532
42 14.8899 14.8899 134.43 134.43
104 11.8478 11.8478 131.388 131.388
105 10.7021 10.7021 130.242 130.242
106 10.4862 10.4862 130.026 130.026
111 7.4371 7.4371 126.977 126.977
834 5.5802 5.5802 125.12 125.12
1518 5.57618 5.57618 125.116 125.116
1724 5.50566 5.50566 125.046 125.046
1735 5.10253 5.10253 124.643 124.643
1872 4.79579 4.79579 124.336 124.336
1889 4.70998 4.70998 124.25 124.25
2014 4.20589 4.20589 123.746 123.746
2050 10.2064 4.20589 129.746 123.746
"function evaluation" "current f(x)" "best-so-far f(x)" "current af(x)+b"  "best af(x)+b"
1 23.7091 23.7091 93.5391 93.5391
6 21.8464 21.8464 91.6764 91.6764
11 17.1579 17.1579 86.9879 86.9879
117 15.4337 15.4337 85.2637 85.2637
175 12.3676 12.3676 82.1976 82.1976
230 11.6027 11.6027 81.4327 81.4327
404 11.3507 11.3507 81.1807 81.1807
514 11.3299 11.3299 81.1599 81.1599
524 10.2422 10.2422 80.0722 80.0722
621 10.2354 10.2354 80.0654 80.0654
642 10.1229 10.1229 79.9529 79.9529
959 9.89883 9.89883 79.7288 79.7288
1021 9.23874 9.23874 79.0687 79.0687
1030 8.53448 8.53448 78.3645 78.3645
1058 8.48527 8.48527 78.3153 78.3153
1234 7.22093 7.22093 77.0509 77.0509
1625 6.98367 6.98367 76.8137 76.8137
1799 6.93132 6.93132 76.7613 76.7613
2000 5.52508 5.52508 75.3551 75.3551
2050 31.5579 5.52508 101.388 75.3551
"function evaluation" "current f(x)" "best-so-far f(x)" "current af(x)+b"  "best af(x)+b"
1 48.5182 48.5182 48.5882 48.5882
6 24.3979 24.3979 24.4679 24.4679
11 23.1384 23.1384 23.2084 23.2084
22 15.4651 15.4651 15.5351 15.5351
110 13.9785 13.9785 14.0485 14.0485
126 13.5461 13.5461 13.6161 13.6161
190 13.5343 13.5343 13.6043 13.6043
200 12.5638 12.5638 12.6338 12.6338
521 7.93579 7.93579 8.00579 8.00579
1058 6.73787 6.73787 6.80787 6.80787
1724 6.50547 6.50547 6.57547 6.57547
2050 10.2961 6.50547 10.3661 6.57547
"function evaluation" "current f(x)" "best-so-far f(x)" "current af(x)+b"  "best af(x)+b"
1 70.079 70.079 75.039 75.039
5 49.6075 49.6075 54.5675 54.5675
11 29.6593 29.6593 34.6193 34.6193
26 13.7985 13.7985 18.7585 18.7585
399 13.7515 13.7515 18.7115 18.7115
696 13.6206 13.6206 18.5806 18.5806
788 8.52654 8.52654 13.4865 13.4865
1403 7.87508 7.87508 12.8351 12.8351
1726 7.046 7.046 12.006 12.006
1861 6.18998 6.18998 11.15 11.15
1968 5.6968 5.6968 10.6568 10.6568
2050 11.5636 5.6968 16.5236 10.6568
"function evaluation" "current f(x)" "best-so-far f(x)" "current af(x)+b"  "best af(x)+b"
1 38.7783 38.7783 231.078 231.078
5 22.9579 22.9579 215.258 215.258
10 12.742 12.742 205.042 205.042
177 12.2917 12.2917 204.592 204.592
180 9.9627 9.9627 202.263 202.263
296 9.60967 9.60967 201.91 201.91
648 7.39022 7.39022 199.69 199.69
916 5.90561 5.90561 198.206 198.206
1533 5.59568 5.59568 197.896 197.896
1937 5.3042 5.3042 197.604 197.604
2050 22.8725 5.3042 215.173 197.604
"function evaluation" "current f(x)" "best-so-far f(x)" "current af(x)+b"  "best af(x)+b"
1 30.5665 30.5665 80.2765 80.2765
4 27.3146 27.3146 77.0246 77.0246
8 24.5256 24.5256 74.2356 74.2356
17 23.1087 23.1087 72.8187 72.8187
105 17.6096 17.6096 67.3196 67.3196
109 10.9579 10.9579 60.6679 60.6679
525 10.3276 10.3276 60.0376 60.0376
551 10.2669 10.2669 59.9769 59.9769
915 8.62736 8.62736 58.3374 58.3374
963 8.52938 8.52938 58.2394 58.2394
966 7.77661 7.77661 57.4866 57.4866
1332 7.26876 7.26876 56.9788 56.9788
1351 7.09136 7.09136 56.8014 56.8014
1727 6.5316 6.5316 56.2416 56.2416
1769 5.75982 5.75982 55.4698 55.4698
2050 8.50039 5.75982 58.2104 55.4698
"function evaluation" "current f(x)" "best-so-far f(x)" "current af(x)+b"  "best af(x)+b"
1 40.465 40.465 245.585 245.585
2 25.0694 25.0694 230.189 230.189
4 18.7029 18.7029 223.823 223.823
5 15.0359 15.0359 220.156 220.156
149 14.7987 14.7987 219.919 219.919
159 13.1066 13.1066 218.227 218.227
171 11.738 11.738 216.858 216.858
202 11.2885 11.2885 216.408 216.408
519 10.49 10.49 215.61 215.61
767 10.4303 10.4303 215.55 215.55
789 9.66019 9.66019 214.78 214.78
904 9.62051 9.62051 214.741 214.741
943 9.30855 9.30855 214.429 214.429
991 8.98849 8.98849 214.108 214.108
1166 8.75782 8.75782 213.878 213.878
1381 7.79989 7.79989 212.92 212.92
1412 7.44794 7.44794 212.568 212.568
1461 7.24864 7.24864 212.369 212.369
1760 7.11563 7.11563 212.236 212.236
1875 7.02142 7.02142 212.141 212.141
2019 6.97157 6.97157 212.092 212.092
2050 10.7664 6.97157 215.886 212.092
"function evaluation" "current f(x)" "best-so-far f(x)" "current af(x)+b"  "best af(x)+b"
1 165.515 165.515 -7.38467 -7.38467
3 48.8006 48.8006 -124.099 -124.099
4 14.6516 14.6516 -158.248 -158.248
138 13.8512 13.8512 -159.049 -159.049
155 11.0205 11.0205 -161.879 -161.879
515 8.82952 8.82952 -164.07 -164.07
950 8.25519 8.25519 -164.645 -164.645
1145 8.05249 8.05249 -164.848 -164.848
1325 7.70389 7.70389 -165.196 -165.196
1762 6.72957 6.72957 -166.17 -166.17
2050 30.3687 6.72957 -142.531 -166.17
"function evaluation" "current f(x)" "best-so-far f(x)" "current af(x)+b"  "best af(x)+b"
1 40.9539 40.9539 -309.666 -309.666
4 40.3252 40.3252 -310.295 -310.295
8 39.5599 39.5599 -311.06 -311.06
12 39.5535 39.5535 -311.067 -311.067
13 20.2782 20.2782 -330.342 -330.342
128 18.8339 18.8339 -331.786 -331.786
157 15.893 15.893 -334.727 -334.727
166 15.3798 15.3798 -335.24 -335.24
303 14.4305 14.4305 -336.189 -336.189
378 12.3916 12.3916 -338.228 -338.228
525 9.28106 9.28106 -341.339 -341.339
1038 8.95585 8.95585 -341.664 -341.664
1353 7.77349 7.77349 -342.847 -342.847
1730 7.7209 7.7209 -342.899 -342.899
1733 6.77322 6.77322 -343.847 -343.847
1970 6.73719 6.73719 -343.883 -343.883
2050 219.726 6.73719 -130.894 -343.883
"function evaluation" "current f(x)" "best-so-far f(x)" "current af(x)+b"  "best af(x)+b"
1 37.5903 37.5903 208.67 208.67
3 23.3324 23.3324 194.412 194.412
28 22.1841 22.1841 193.264 193.264
33 21.3673 21.3673 192.447 192.447
40 21.046 21.046 192.126 192.126
129 17.4315 17.4315 188.512 188.512
240 12.1346 12.1346 183.215 183.215
535 11.8723 11.8723 182.952 182.952
538 11.7536 11.7536 182.834 182.834
658 10.1102 10.1102 181.19 181.19
931 10.0884 10.0884 181.168 181.168
968 9.22338 9.22338 180.303 180.303
1197 7.49265 7.49265 178.573 178.573
2050 67.0144 7.49265 238.094 178.573
"function evaluation" "current f(x)" "best-so-far f(x)" "current af(x)+b"  "best af(x)+b"
1 26.4115 26.4115 120.092 120.092
6 19.657 19.657 113.337 113.337
18 19.1053 19.1053 112.785 112.785
28 13.8681 13.8681 107.548 107.548
45 13.2548 13.2548 106.935 106.935
109 8.96348 8.96348 102.643 102.643
157 6.48086 6.48086 100.161 100.161
582 6.06576 6.06576 99.7458 99.7458
1050 6.05426 6.05426 99.7343 99.7343
1246 5.11632 5.11632 98.7963 98.7963
1748 4.3847 4.3847 98.0647 98.0647
1787 3.91565 3.91565 97.5957 97.5957
2050 9.41356 3.91565 103.094 97.5957
"function evaluation" "current f(x)" "best-so-far f(x)" "current af(x)+b"  "best af(x)+b"
1 32.51 32.51 -206.66 -206.66
4 26.329 26.329 -212.841 -212.841
8 18.9986 18.9986 -220.171 -220.171
11 13.6629 13.6629 -225.507 -225.507
111 13.1919 13.1919 -225.978 -225.978
112 12.6976 12.6976 -226.472 -226.472
124 11.9294 11.9294 -227.241 -227.241
159 11.8307 11.8307 -227.339 -227.339
175 11.7273 11.7273 -227.443 -227.443
214 11.7248 11.7248 -227.445 -227.445
219 9.86479 9.86479 -229.305 -229.305
295 9.70784 9.70784 -229.462 -229.462
354 7.76398 7.76398 -231.406 -231.406
554 7.48583 7.48583 -231.684 -231.684
904 7.29088 7.29088 -231.879 -231.879
1319 7.13043 7.13043 -232.04 -232.04
1385 6.71972 6.71972 -232.45 -232.45
1816 6.54405 6.54405 -232.626 -232.626
2050 15.5652 6.54405 -223.605 -232.626
"function evaluation" "current f(x)" "best-so-far f(x)" "current af(x)+b"  "best af(x)+b"
1 63.4342 63.4342 185.124 185.124
2 37.5105 37.5105 159.201 159.201
3 33.6306 33.6306 155.321 155.321
4 27.0615 27.0615 148.752 148.752
8 26.5086 26.5086 148.199 148.199
13 23.5122 23.5122 145.202 145.202
19 21.1744 21.1744 142.864 142.864
29 14.2041 14.2041 135.894 135.894
36 13.858 13.858 135.548 135.548
114 13.1908 13.1908 134.881 134.881
121 12.7869 12.7869 134.477 134.477
160 9.92367 9.92367 131.614 131.614
238 9.45189 9.45189 131.142 131.142
241 8.85477 8.85477 130.545 130.545
545 7.87239 7.87239 129.562 129.562
581 7.47054 7.47054 129.161 129.161
829 7.18051 7.18051 128.871 128.871
1229 6.82204 6.82204 128.512 128.512
1379 5.55948 5.55948 127.249 127.249
2011 5.49979 5.49979 127.19 127.19
2050 12.2946 5.49979 133.985 127.19
"function evaluation" "current f(x)" "best-so-far f(x)" "current af(x)+b"  "best af(x)+b"
1 40.358 40.358 50.488 50.488
2 38.94 38.94 49.07 49.07
8 27.1676 27.1676 37.2976 37.2976
27 18.6131 18.6131 28.7431 28.7431
108 17.7221 17.7221 27.8521 27.8521
116 16.6593 16.6593 26.7893 26.7893
186 14.3992 14.3992 24.5292 24.5292
318 13.4729 13.4729 23.6029 23.6029
339 13.3198 13.3198 23.4498 23.4498
587 12.733 12.733 22.863 22.863
595 12.2699 12.2699 22.3999 22.3999
709 9.93263 9.93263 20.0626 20.0626
961 9.7177 9.7177 19.8477 19.8477
963 9.36838 9.36838 19.4984 19.4984
1031 6.91683 6.91683 17.0468 17.0468
1461 6.30341 6.30341 16.4334 16.4334
1761 6.20148 6.20148 16.3315 16.3315
2050 15.0205 6.20148 25.1505 16.3315
"function evaluation" "current f(x)" "best-so-far f(x)" "current af(x)+b"  "best af(x)+b"
1 25.1581 25.1581 65.7581 65.7581
4 22.5079 22.5079 63.1079 63.1079
8 22.3602 22.3602 62.9602 62.9602
12 20.3303 20.3303 60.9303 60.9303
23 19.9297 19.9297 60.5297 60.5297
27 15.5406 15.5406 56.1406 56.1406
150 15.3327 15.3327 55.9327 55.9327
208 14.0832 14.0832 54.6832 54.6832
422 13.2444 13.2444 53.8444 53.8444
440 11.2289 11.2289 51.8289 51.8289
552 11.0946 11.0946 51.6946 51.6946
596 10.6573 10.6573 51.2573 51.2573
704 9.53065 9.53065 50.1307 50.1307
1156 9.38612 9.38612 49.9861 49.9861
1201 8.23833 8.23833 48.8383 48.8383
1235 7.37745 7.37745 47.9774 47.9774
1744 6.86573 6.86573 47.4657 47.4657
1915 6.11063 6.11063 46.7106 46.7106
2050 32.4721 6.11063 73.0721 46.7106
"function evaluation" "current f(x)" "best-so-far f(x)" "current af(x)+b"  "best af(x)+b"
1 32.7144 32.7144 79.0544 79.0544
2 23.4288 23.4288 69.7688 69.7688
15 22.7672 22.7672 69.1072 69.1072
16 18.3134 18.3134 64.6534 64.6534
103 9.86836 9.86836 56.2084 56.2084
577 9.86406 9.86406 56.2041 56.2041
918 9.52525 9.52525 55.8653 55.8653
945 4.70514 4.70514 51.0451 51.0451
2050 9.86978 4.70514 56.2098 51.0451
"function evaluation" "current f(x)" "best-so-far f(x)" "current af(x)+b"  "best af(x)+b"
1 19.9677 19.9677 -221.122 -221.122
21 13.1244 13.1244 -227.966 -227.966
22 12.828 12.828 -228.262 -228.262
112 11.6645 11.6645 -229.425 -229.425
133 10.9117 10.9117 -230.178 -230.178
179 8.37401 8.37401 -232.716 -232.716
236 7.29146 7.29146 -233.799 -233.799
965 6.89669 6.89669 -234.193 -234.193
1062 6.84263 6.84263 -234.247 -234.247
1334 5.65282 5.65282 -235.437 -235.437
1340 5.20346 5.20346 -235.887 -235.887
1747 4.67596 4.67596 -236.414 -236.414
2032 4.64058 4.64058 -236.449 -236.449
2050 13.8009 4.64058 -227.289 -236.449
"function evaluation" "current f(x)" "best-so-far f(x)" "current af(x)+b"  "best af(x)+b"
1 26.046 26.046 -140.834 -140.834
4 21.208 21.208 -145.672 -145.672
16 18.4215 18.4215 -148.458 -148.458
116 15.7018 15.7018 -151.178 -151.178
125 15.5461 15.5461 -151.334 -151.334
126 14.68 14.68 -152.2 -152.2
156 14.5733 14.5733 -152.307 -152.307
159 12.3999 12.3999 -154.48 -154.48
165 9.73869 9.73869 -157.141 -157.141
257 8.71062 8.71062 -158.169 -158.169
545 5.91368 5.91368 -160.966 -160.966
901 4.89975 4.89975 -161.98 -161.98
1125 4.7828 4.7828 -162.097 -162.097
1306 4.69967 4.69967 -162.18 -162.18
1335 4.56511 4.56511 -162.315 -162.315
1525 4.47038 4.47038 -162.41 -162.41
1532 3.55502 3.55502 -163.325 -163.325
1750 3.42123 3.42123 -163.459 -163.459
1948 3.33633 3.33633 -163.544 -163.544
2050 743.036 3.33633 576.156 -163.544
"function evaluation" "current f(x)" "best-so-far f(x)" "current af(x)+b"  "best af(x)+b"
1 86.4838 86.4838 -259.926 -259.926
2 27.2234 27.2234 -319.187 -319.187
4 23.6126 23.6126 -322.797 -322.797
31 22.0325 22.0325 -324.378 -324.378
43 20.3828 20.3828 -326.027 -326.027
45 14.9262 14.9262 -331.484 -331.484
195 13.8681 13.8681 -332.542 -332.542
268 12.6677 12.6677 -333.742 -333.742
507 10.6293 10.6293 -335.781 -335.781
655 10.4469 10.4469 -335.963 -335.963
715 9.5573 9.5573 -336.853 -336.853
961 9.06066 9.06066 -337.349 -337.349
994 8.52892 8.52892 -337.881 -337.881
1087 7.76225 7.76225 -338.648 -338.648
1250 7.26086 7.26086 -339.149 -339.149
1322 6.85308 6.85308 -339.557 -339.557
1617 6.51692 6.51692 -339.893 -339.893
1757 6.31881 6.31881 -340.091 -340.091
1850 6.30902 6.30902 -340.101 -340.101
1880 4.63362 4.63362 -341.776 -341.776
2050 6.00442 4.63362 -340.406 -341.776
