"function evaluation" "current f(x)" "best-so-far f(x)" "current af(x)+b"  "best af(x)+b"
1 22495.5 22495.5 21949 21949
2 18735.8 18735.8 18189.3 18189.3
5 6146.6 6146.6 5600.1 5600.1
14 5255.07 5255.07 4708.57 4708.57
101 11.2423 11.2423 -535.258 -535.258
112 4.63435 4.63435 -541.866 -541.866
228 4.36521 4.36521 -542.135 -542.135
319 3.80916 3.80916 -542.691 -542.691
50050 1.03109e+09 3.80916 1.03109e+09 -542.691
"function evaluation" "current f(x)" "best-so-far f(x)" "current af(x)+b"  "best af(x)+b"
1 230271 230271 231271 231271
2 112437 112437 113437 113437
3 3040.14 3040.14 4040.14 4040.14
4 78.7646 78.7646 1078.76 1078.76
156 3.03904 3.03904 1003.04 1003.04
50050 1.88587e+09 3.03904 1.88587e+09 1003.04
"function evaluation" "current f(x)" "best-so-far f(x)" "current af(x)+b"  "best af(x)+b"
1 222186 222186 222394 222394
2 54308.8 54308.8 54517.2 54517.2
3 4720.35 4720.35 4928.73 4928.73
4 2340.93 2340.93 2549.31 2549.31
14 370.854 370.854 579.234 579.234
108 5.27509 5.27509 213.655 213.655
169 4.9064 4.9064 213.286 213.286
257 4.39777 4.39777 212.778 212.778
321 3.78861 3.78861 212.169 212.169
593 3.48745 3.48745 211.867 211.867
50050 1.99633e+09 3.48745 1.99633e+09 211.867
"function evaluation" "current f(x)" "best-so-far f(x)" "current af(x)+b"  "best af(x)+b"
1 44293.2 44293.2 44148.3 44148.3
2 19820.2 19820.2 19675.2 19675.2
3 16511.6 16511.6 16366.6 16366.6
6 14677.3 14677.3 14532.4 14532.4
7 5169.08 5169.08 5024.12 5024.12
104 1133.63 1133.63 988.672 988.672
112 933.305 933.305 788.345 788.345
123 828.988 828.988 684.028 684.028
130 3.93188 3.93188 -141.028 -141.028
1207 3.79621 3.79621 -141.164 -141.164
50050 2.17173e+09 3.79621 2.17173e+09 -141.164
"function evaluation" "current f(x)" "best-so-far f(x)" "current af(x)+b"  "best af(x)+b"
1 14208.2 14208.2 14201.9 14201.9
30 1305.44 1305.44 1299.14 1299.14
112 56.9731 56.9731 50.6731 50.6731
242 3.51197 3.51197 -2.78803 -2.78803
50050 8.74933e+08 3.51197 8.74933e+08 -2.78803
"function evaluation" "current f(x)" "best-so-far f(x)" "current af(x)+b"  "best af(x)+b"
1 16450.5 16450.5 16428.4 16428.4
4 9591.16 9591.16 9569.1 9569.1
16 6363.77 6363.77 6341.71 6341.71
29 2955.74 2955.74 2933.68 2933.68
30 1806.58 1806.58 1784.52 1784.52
36 1451.62 1451.62 1429.56 1429.56
117 892.164 892.164 870.104 870.104
129 668.886 668.886 646.826 646.826
150 4.62151 4.62151 -17.4385 -17.4385
169 4.06638 4.06638 -17.9936 -17.9936
50050 1.23204e+09 4.06638 1.23204e+09 -17.9936
"function evaluation" "current f(x)" "best-so-far f(x)" "current af(x)+b"  "best af(x)+b"
1 93109.3 93109.3 93180.6 93180.6
2 81828.6 81828.6 81899.9 81899.9
3 6596.03 6596.03 6667.32 6667.32
14 3550.99 3550.99 3622.28 3622.28
28 2875.81 2875.81 2947.1 2947.1
101 56.7399 56.7399 128.03 128.03
128 4.61894 4.61894 75.9089 75.9089
212 4.15773 4.15773 75.4477 75.4477
50050 1.59595e+09 4.15773 1.59595e+09 75.4477
"function evaluation" "current f(x)" "best-so-far f(x)" "current af(x)+b"  "best af(x)+b"
1 78092 78092 78081.5 78081.5
3 35954.9 35954.9 35944.3 35944.3
5 30094.6 30094.6 30084.1 30084.1
6 26600 26600 26589.5 26589.5
16 25097.7 25097.7 25087.2 25087.2
22 11881.3 11881.3 11870.7 11870.7
27 4321.51 4321.51 4310.97 4310.97
50 1919.66 1919.66 1909.12 1909.12
121 985.57 985.57 975.03 975.03
146 2.6507 2.6507 -7.8893 -7.8893
50050 1.80504e+09 2.6507 1.80504e+09 -7.8893
"function evaluation" "current f(x)" "best-so-far f(x)" "current af(x)+b"  "best af(x)+b"
1 4303.64 4303.64 4689.65 4689.65
10 359.138 359.138 745.148 745.148
116 4.69365 4.69365 390.704 390.704
125 4.321 4.321 390.331 390.331
203 3.80474 3.80474 389.815 389.815
50050 1.51031e+09 3.80474 1.51031e+09 389.815
"function evaluation" "current f(x)" "best-so-far f(x)" "current af(x)+b"  "best af(x)+b"
1 3562.62 3562.62 3550.05 3550.05
3 1883.49 1883.49 1870.92 1870.92
39 253.822 253.822 241.252 241.252
108 200.225 200.225 187.655 187.655
212 4.69073 4.69073 -7.87927 -7.87927
625 3.46758 3.46758 -9.10242 -9.10242
50050 1.28959e+09 3.46758 1.28959e+09 -9.10242
"function evaluation" "current f(x)" "best-so-far f(x)" "current af(x)+b"  "best af(x)+b"
1 43909.2 43909.2 43782.1 43782.1
2 16751.9 16751.9 16624.9 16624.9
3 2802.9 2802.9 2675.86 2675.86
49 1043.94 1043.94 916.904 916.904
113 20.5494 20.5494 -106.491 -106.491
115 4.33234 4.33234 -122.708 -122.708
154 2.42388 2.42388 -124.616 -124.616
50050 1.19938e+09 2.42388 1.19938e+09 -124.616
"function evaluation" "current f(x)" "best-so-far f(x)" "current af(x)+b"  "best af(x)+b"
1 133287 133287 133249 133249
2 14812.6 14812.6 14775.1 14775.1
7 11292.3 11292.3 11254.8 11254.8
14 7523 7523 7485.48 7485.48
15 6384.02 6384.02 6346.5 6346.5
35 5520.82 5520.82 5483.3 5483.3
110 3983.28 3983.28 3945.76 3945.76
116 3.55704 3.55704 -33.963 -33.963
364 1.66421 1.66421 -35.8558 -35.8558
50050 1.56682e+09 1.66421 1.56682e+09 -35.8558
"function evaluation" "current f(x)" "best-so-far f(x)" "current af(x)+b"  "best af(x)+b"
1 43601.4 43601.4 43270.2 43270.2
3 31885.9 31885.9 31554.8 31554.8
4 23811.8 23811.8 23480.6 23480.6
9 18126.7 18126.7 17795.5 17795.5
13 2459.57 2459.57 2128.41 2128.41
30 769.285 769.285 438.125 438.125
39 642.241 642.241 311.081 311.081
118 491.063 491.063 159.903 159.903
169 225.974 225.974 -105.186 -105.186
196 3.7283 3.7283 -327.432 -327.432
50050 1.72427e+09 3.7283 1.72427e+09 -327.432
"function evaluation" "current f(x)" "best-so-far f(x)" "current af(x)+b"  "best af(x)+b"
1 14141.1 14141.1 14185.9 14185.9
5 10118.2 10118.2 10163 10163
15 67.4432 67.4432 112.253 112.253
120 47.0214 47.0214 91.8314 91.8314
265 38.4775 38.4775 83.2875 83.2875
321 5.71666 5.71666 50.5267 50.5267
324 5.18223 5.18223 49.9922 49.9922
418 4.54374 4.54374 49.3537 49.3537
50050 1.86945e+09 4.54374 1.86945e+09 49.3537
"function evaluation" "current f(x)" "best-so-far f(x)" "current af(x)+b"  "best af(x)+b"
1 138071 138071 137894 137894
2 16530.5 16530.5 16354 16354
4 13901.8 13901.8 13725.3 13725.3
7 13420.4 13420.4 13243.9 13243.9
9 5687.16 5687.16 5510.7 5510.7
10 566.407 566.407 389.947 389.947
157 273.859 273.859 97.399 97.399
184 256.728 256.728 80.2683 80.2683
188 52.8774 52.8774 -123.583 -123.583
404 4.2409 4.2409 -172.219 -172.219
538 3.78665 3.78665 -172.673 -172.673
748 3.7487 3.7487 -172.711 -172.711
50050 1.36415e+09 3.7487 1.36415e+09 -172.711
"function evaluation" "current f(x)" "best-so-far f(x)" "current af(x)+b"  "best af(x)+b"
1 11644 11644 11461.3 11461.3
9 11587 11587 11404.3 11404.3
17 10097.6 10097.6 9914.97 9914.97
20 1769.95 1769.95 1587.29 1587.29
103 11.4419 11.4419 -171.218 -171.218
254 4.79989 4.79989 -177.86 -177.86
50050 7.35388e+08 4.79989 7.35388e+08 -177.86
"function evaluation" "current f(x)" "best-so-far f(x)" "current af(x)+b"  "best af(x)+b"
1 5215.76 5215.76 6215.76 6215.76
9 1759.77 1759.77 2759.77 2759.77
103 3.616 3.616 1003.62 1003.62
123 3.52203 3.52203 1003.52 1003.52
268 3.28255 3.28255 1003.28 1003.28
603 3.24084 3.24084 1003.24 1003.24
764 3.21105 3.21105 1003.21 1003.21
50050 1.98201e+09 3.21105 1.98201e+09 1003.21
"function evaluation" "current f(x)" "best-so-far f(x)" "current af(x)+b"  "best af(x)+b"
1 70065.2 70065.2 70076.7 70076.7
2 19035 19035 19046.5 19046.5
4 9307.87 9307.87 9319.37 9319.37
10 2256.41 2256.41 2267.91 2267.91
13 770.118 770.118 781.618 781.618
153 206.827 206.827 218.327 218.327
209 30.4727 30.4727 41.9727 41.9727
223 3.65213 3.65213 15.1521 15.1521
50050 2.10471e+09 3.65213 2.10471e+09 15.1521
"function evaluation" "current f(x)" "best-so-far f(x)" "current af(x)+b"  "best af(x)+b"
1 2618.23 2618.23 2599.79 2599.79
116 1867.49 1867.49 1849.05 1849.05
123 971.268 971.268 952.828 952.828
163 4.87158 4.87158 -13.5684 -13.5684
512 4.37749 4.37749 -14.0625 -14.0625
837 4.28753 4.28753 -14.1525 -14.1525
50050 1.10586e+09 4.28753 1.10586e+09 -14.1525
"function evaluation" "current f(x)" "best-so-far f(x)" "current af(x)+b"  "best af(x)+b"
1 10363 10363 10616.4 10616.4
3 8282.26 8282.26 8535.6 8535.6
8 5401.88 5401.88 5655.22 5655.22
12 218.357 218.357 471.697 471.697
239 2.86604 2.86604 256.206 256.206
50050 1.88014e+09 2.86604 1.88014e+09 256.206
"function evaluation" "current f(x)" "best-so-far f(x)" "current af(x)+b"  "best af(x)+b"
1 12977 12977 12923.1 12923.1
3 7113.25 7113.25 7059.32 7059.32
4 5419.42 5419.42 5365.49 5365.49
7 4964.96 4964.96 4911.03 4911.03
9 3840.61 3840.61 3786.68 3786.68
14 466.215 466.215 412.285 412.285
112 4.59396 4.59396 -49.336 -49.336
292 3.8412 3.8412 -50.0888 -50.0888
304 3.34013 3.34013 -50.5899 -50.5899
50050 1.80967e+09 3.34013 1.80967e+09 -50.5899
"function evaluation" "current f(x)" "best-so-far f(x)" "current af(x)+b"  "best af(x)+b"
1 714.538 714.538 770.768 770.768
19 300.737 300.737 356.967 356.967
31 265.709 265.709 321.939 321.939
150 45.9341 45.9341 102.164 102.164
221 5.20812 5.20812 61.4381 61.4381
438 2.21356 2.21356 58.4436 58.4436
50050 1.48716e+09 2.21356 1.48716e+09 58.4436
"function evaluation" "current f(x)" "best-so-far f(x)" "current af(x)+b"  "best af(x)+b"
1 182919 182919 182930 182930
2 121627 121627 121638 121638
3 88885.9 88885.9 88897.1 88897.1
4 63274.6 63274.6 63285.7 63285.7
5 1499.29 1499.29 1510.42 1510.42
176 947.583 947.583 958.713 958.713
190 479.582 479.582 490.712 490.712
204 322.322 322.322 333.452 333.452
50050 1.32769e+09 322.322 1.32769e+09 333.452
"function evaluation" "current f(x)" "best-so-far f(x)" "current af(x)+b"  "best af(x)+b"
1 29904.1 29904.1 30245.1 30245.1
4 8890.26 8890.26 9231.25 9231.25
6 6134.95 6134.95 6475.94 6475.94
42 2186.1 2186.1 2527.09 2527.09
117 2.74869 2.74869 343.739 343.739
50050 1.09473e+09 2.74869 1.09473e+09 343.739
"function evaluation" "current f(x)" "best-so-far f(x)" "current af(x)+b"  "best af(x)+b"
1 60758.1 60758.1 60818.6 60818.6
3 47302.1 47302.1 47362.6 47362.6
5 17472.3 17472.3 17532.8 17532.8
6 232.919 232.919 293.429 293.429
122 96.7786 96.7786 157.289 157.289
126 3.30653 3.30653 63.8165 63.8165
50050 1.77085e+09 3.30653 1.77085e+09 63.8165
