"function evaluation" "current f(x)" "best-so-far f(x)" "current af(x)+b"  "best af(x)+b"
1 8.7612 8.7612 15.6312 15.6312
14 7.62585 7.62585 14.4959 14.4959
23 6.75118 6.75118 13.6212 13.6212
86 6.09286 6.09286 12.9629 12.9629
328 5.04586 5.04586 11.9159 11.9159
498 4.79308 4.79308 11.6631 11.6631
1451 4.70381 4.70381 11.5738 11.5738
1685 4.52474 4.52474 11.3947 11.3947
1946 3.73955 3.73955 10.6095 10.6095
2150 17.4135 3.73955 24.2835 10.6095
"function evaluation" "current f(x)" "best-so-far f(x)" "current af(x)+b"  "best af(x)+b"
1 10.9122 10.9122 10.9222 10.9222
8 8.02025 8.02025 8.03025 8.03025
40 5.94694 5.94694 5.95694 5.95694
170 5.56086 5.56086 5.57086 5.57086
180 5.40011 5.40011 5.41011 5.41011
360 5.17379 5.17379 5.18379 5.18379
363 4.58647 4.58647 4.59647 4.59647
1118 3.2469 3.2469 3.2569 3.2569
2150 20.749 3.2469 20.759 3.2569
"function evaluation" "current f(x)" "best-so-far f(x)" "current af(x)+b"  "best af(x)+b"
1 17.1192 17.1192 -113.491 -113.491
3 13.0387 13.0387 -117.571 -117.571
12 12.7675 12.7675 -117.842 -117.842
14 11.7438 11.7438 -118.866 -118.866
19 10.3954 10.3954 -120.215 -120.215
21 7.00658 7.00658 -123.603 -123.603
49 6.27542 6.27542 -124.335 -124.335
104 5.50586 5.50586 -125.104 -125.104
904 3.74104 3.74104 -126.869 -126.869
2150 20.5155 3.74104 -110.095 -126.869
"function evaluation" "current f(x)" "best-so-far f(x)" "current af(x)+b"  "best af(x)+b"
1 13.3157 13.3157 -209.804 -209.804
3 9.05435 9.05435 -214.066 -214.066
18 8.72711 8.72711 -214.393 -214.393
26 4.5232 4.5232 -218.597 -218.597
49 3.42233 3.42233 -219.698 -219.698
816 3.11368 3.11368 -220.006 -220.006
2150 16.0722 3.11368 -207.048 -220.006
"function evaluation" "current f(x)" "best-so-far f(x)" "current af(x)+b"  "best af(x)+b"
1 6.24513 6.24513 -38.1849 -38.1849
489 5.75892 5.75892 -38.6711 -38.6711
503 4.73409 4.73409 -39.6959 -39.6959
569 3.84894 3.84894 -40.5811 -40.5811
967 3.81139 3.81139 -40.6186 -40.6186
1102 2.25831 2.25831 -42.1717 -42.1717
2150 9.76601 2.25831 -34.664 -42.1717
"function evaluation" "current f(x)" "best-so-far f(x)" "current af(x)+b"  "best af(x)+b"
1 16.2615 16.2615 101.652 101.652
3 10.3438 10.3438 95.7338 95.7338
13 7.33499 7.33499 92.725 92.725
14 6.6554 6.6554 92.0454 92.0454
51 5.65301 5.65301 91.043 91.043
110 5.53084 5.53084 90.9208 90.9208
499 5.29592 5.29592 90.6859 90.6859
952 5.13591 5.13591 90.5259 90.5259
982 4.33757 4.33757 89.7276 89.7276
1794 3.68631 3.68631 89.0763 89.0763
2150 12.8617 3.68631 98.2517 89.0763
"function evaluation" "current f(x)" "best-so-far f(x)" "current af(x)+b"  "best af(x)+b"
1 30.8964 30.8964 -956.394 -956.394
2 13.3599 13.3599 -973.93 -973.93
5 13.1846 13.1846 -974.105 -974.105
9 8.84976 8.84976 -978.44 -978.44
14 8.34318 8.34318 -978.947 -978.947
23 8.17313 8.17313 -979.117 -979.117
30 7.37468 7.37468 -979.915 -979.915
34 7.03415 7.03415 -980.256 -980.256
108 5.69551 5.69551 -981.594 -981.594
115 5.62614 5.62614 -981.664 -981.664
364 4.9625 4.9625 -982.327 -982.327
524 2.98625 2.98625 -984.304 -984.304
2150 19.8831 2.98625 -967.407 -984.304
"function evaluation" "current f(x)" "best-so-far f(x)" "current af(x)+b"  "best af(x)+b"
1 20.657 20.657 -131.103 -131.103
2 14.3324 14.3324 -137.428 -137.428
4 9.34951 9.34951 -142.41 -142.41
8 7.73804 7.73804 -144.022 -144.022
19 5.67528 5.67528 -146.085 -146.085
446 5.63945 5.63945 -146.121 -146.121
597 4.04122 4.04122 -147.719 -147.719
2150 9.54164 4.04122 -142.218 -147.719
"function evaluation" "current f(x)" "best-so-far f(x)" "current af(x)+b"  "best af(x)+b"
1 11.2526 11.2526 78.0526 78.0526
22 9.66932 9.66932 76.4693 76.4693
56 8.90897 8.90897 75.709 75.709
80 5.47479 5.47479 72.2748 72.2748
93 5.0521 5.0521 71.8521 71.8521
709 4.18109 4.18109 70.9811 70.9811
1419 2.94851 2.94851 69.7485 69.7485
2150 14.2046 2.94851 81.0046 69.7485
"function evaluation" "current f(x)" "best-so-far f(x)" "current af(x)+b"  "best af(x)+b"
1 20.0486 20.0486 116.299 116.299
2 9.66855 9.66855 105.919 105.919
3 5.97152 5.97152 102.222 102.222
312 5.86831 5.86831 102.118 102.118
341 5.41228 5.41228 101.662 101.662
342 4.62235 4.62235 100.872 100.872
620 3.9269 3.9269 100.177 100.177
665 3.32988 3.32988 99.5799 99.5799
2150 10.3433 3.32988 106.593 99.5799
"function evaluation" "current f(x)" "best-so-far f(x)" "current af(x)+b"  "best af(x)+b"
1 12.8089 12.8089 159.529 159.529
3 12.3173 12.3173 159.037 159.037
5 9.84127 9.84127 156.561 156.561
7 6.7422 6.7422 153.462 153.462
17 6.10223 6.10223 152.822 152.822
34 5.56064 5.56064 152.281 152.281
264 4.91736 4.91736 151.637 151.637
626 4.64571 4.64571 151.366 151.366
1037 3.22597 3.22597 149.946 149.946
2150 19.8708 3.22597 166.591 149.946
"function evaluation" "current f(x)" "best-so-far f(x)" "current af(x)+b"  "best af(x)+b"
1 8.18119 8.18119 -583.799 -583.799
25 5.65574 5.65574 -586.324 -586.324
48 5.01229 5.01229 -586.968 -586.968
51 4.22524 4.22524 -587.755 -587.755
1696 3.73562 3.73562 -588.244 -588.244
2049 3.16436 3.16436 -588.816 -588.816
2150 15.7758 3.16436 -576.204 -588.816
"function evaluation" "current f(x)" "best-so-far f(x)" "current af(x)+b"  "best af(x)+b"
1 9.03127 9.03127 83.3213 83.3213
11 8.62533 8.62533 82.9153 82.9153
27 6.223 6.223 80.513 80.513
43 5.23016 5.23016 79.5202 79.5202
1645 5.0266 5.0266 79.3166 79.3166
1672 3.55748 3.55748 77.8475 77.8475
1831 2.93961 2.93961 77.2296 77.2296
2150 6.26192 2.93961 80.5519 77.2296
"function evaluation" "current f(x)" "best-so-far f(x)" "current af(x)+b"  "best af(x)+b"
1 21.0273 21.0273 17.5373 17.5373
2 14.4933 14.4933 11.0033 11.0033
3 12.4914 12.4914 9.00136 9.00136
6 10.1367 10.1367 6.64674 6.64674
9 8.80341 8.80341 5.31341 5.31341
12 7.29928 7.29928 3.80928 3.80928
29 6.74732 6.74732 3.25732 3.25732
84 6.49767 6.49767 3.00767 3.00767
101 5.79707 5.79707 2.30707 2.30707
155 4.81119 4.81119 1.32119 1.32119
619 4.69174 4.69174 1.20174 1.20174
1864 4.61126 4.61126 1.12126 1.12126
2057 4.52121 4.52121 1.03121 1.03121
2150 17.1339 4.52121 13.6439 1.03121
"function evaluation" "current f(x)" "best-so-far f(x)" "current af(x)+b"  "best af(x)+b"
1 6.43866 6.43866 -6.39134 -6.39134
15 6.18167 6.18167 -6.64833 -6.64833
62 5.75128 5.75128 -7.07872 -7.07872
83 5.41256 5.41256 -7.41744 -7.41744
179 4.98659 4.98659 -7.84341 -7.84341
630 4.55563 4.55563 -8.27437 -8.27437
1260 4.45223 4.45223 -8.37777 -8.37777
1771 3.39281 3.39281 -9.43719 -9.43719
2150 18.733 3.39281 5.90298 -9.43719
"function evaluation" "current f(x)" "best-so-far f(x)" "current af(x)+b"  "best af(x)+b"
1 13.0414 13.0414 -184.079 -184.079
3 6.91069 6.91069 -190.209 -190.209
19 6.91012 6.91012 -190.21 -190.21
40 5.52809 5.52809 -191.592 -191.592
135 4.39607 4.39607 -192.724 -192.724
410 4.21555 4.21555 -192.904 -192.904
1202 3.76595 3.76595 -193.354 -193.354
2150 14.8979 3.76595 -182.222 -193.354
"function evaluation" "current f(x)" "best-so-far f(x)" "current af(x)+b"  "best af(x)+b"
1 17.7523 17.7523 -461.618 -461.618
2 16.0749 16.0749 -463.295 -463.295
3 10.8314 10.8314 -468.539 -468.539
8 7.70213 7.70213 -471.668 -471.668
36 7.1714 7.1714 -472.199 -472.199
55 5.57674 5.57674 -473.793 -473.793
82 5.22076 5.22076 -474.149 -474.149
259 4.91524 4.91524 -474.455 -474.455
599 3.79926 3.79926 -475.571 -475.571
2150 18.2148 3.79926 -461.155 -475.571
"function evaluation" "current f(x)" "best-so-far f(x)" "current af(x)+b"  "best af(x)+b"
1 16.501 16.501 868.911 868.911
4 15.73 15.73 868.14 868.14
11 12.4956 12.4956 864.906 864.906
20 11.6166 11.6166 864.027 864.027
21 4.97189 4.97189 857.382 857.382
380 4.90495 4.90495 857.315 857.315
596 4.69387 4.69387 857.104 857.104
988 4.0772 4.0772 856.487 856.487
1301 3.45902 3.45902 855.869 855.869
2150 60.651 3.45902 913.061 855.869
"function evaluation" "current f(x)" "best-so-far f(x)" "current af(x)+b"  "best af(x)+b"
1 19.6133 19.6133 -980.387 -980.387
2 10.776 10.776 -989.224 -989.224
9 9.22283 9.22283 -990.777 -990.777
27 7.13833 7.13833 -992.862 -992.862
69 5.57759 5.57759 -994.422 -994.422
258 4.10008 4.10008 -995.9 -995.9
2150 16.0271 4.10008 -983.973 -995.9
"function evaluation" "current f(x)" "best-so-far f(x)" "current af(x)+b"  "best af(x)+b"
1 24.7248 24.7248 98.8948 98.8948
3 18.7076 18.7076 92.8776 92.8776
5 12.8756 12.8756 87.0456 87.0456
6 8.38977 8.38977 82.5598 82.5598
11 5.95655 5.95655 80.1266 80.1266
32 5.40069 5.40069 79.5707 79.5707
175 5.12127 5.12127 79.2913 79.2913
357 3.64674 3.64674 77.8167 77.8167
1535 3.52422 3.52422 77.6942 77.6942
2150 15.3945 3.52422 89.5645 77.6942
"function evaluation" "current f(x)" "best-so-far f(x)" "current af(x)+b"  "best af(x)+b"
1 14.1333 14.1333 -497.797 -497.797
4 12.9502 12.9502 -498.98 -498.98
6 11.875 11.875 -500.055 -500.055
7 9.84199 9.84199 -502.088 -502.088
30 9.36936 9.36936 -502.561 -502.561
39 9.34891 9.34891 -502.581 -502.581
44 7.02516 7.02516 -504.905 -504.905
72 5.50701 5.50701 -506.423 -506.423
139 4.55504 4.55504 -507.375 -507.375
387 4.35837 4.35837 -507.572 -507.572
2150 10.3555 4.35837 -501.574 -507.572
"function evaluation" "current f(x)" "best-so-far f(x)" "current af(x)+b"  "best af(x)+b"
1 18.1223 18.1223 -545.938 -545.938
2 17.1808 17.1808 -546.879 -546.879
3 13.2358 13.2358 -550.824 -550.824
5 9.12781 9.12781 -554.932 -554.932
17 5.67824 5.67824 -558.382 -558.382
70 4.43889 4.43889 -559.621 -559.621
630 3.86217 3.86217 -560.198 -560.198
2150 8.45277 3.86217 -555.607 -560.198
"function evaluation" "current f(x)" "best-so-far f(x)" "current af(x)+b"  "best af(x)+b"
1 12.2747 12.2747 -22.0953 -22.0953
2 6.19219 6.19219 -28.1778 -28.1778
12 5.05114 5.05114 -29.3189 -29.3189
149 4.37119 4.37119 -29.9988 -29.9988
830 3.72572 3.72572 -30.6443 -30.6443
889 3.23069 3.23069 -31.1393 -31.1393
2150 87.3409 3.23069 52.9709 -31.1393
"function evaluation" "current f(x)" "best-so-far f(x)" "current af(x)+b"  "best af(x)+b"
1 13.581 13.581 63.621 63.621
3 9.35243 9.35243 59.3924 59.3924
10 8.59993 8.59993 58.6399 58.6399
19 6.37592 6.37592 56.4159 56.4159
99 5.33752 5.33752 55.3775 55.3775
265 3.94911 3.94911 53.9891 53.9891
474 3.83971 3.83971 53.8797 53.8797
606 3.68217 3.68217 53.7222 53.7222
1882 3.33016 3.33016 53.3702 53.3702
2150 23.4246 3.33016 73.4646 53.3702
"function evaluation" "current f(x)" "best-so-far f(x)" "current af(x)+b"  "best af(x)+b"
1 13.5199 13.5199 -320.65 -320.65
3 8.76926 8.76926 -325.401 -325.401
14 5.87043 5.87043 -328.3 -328.3
229 5.42226 5.42226 -328.748 -328.748
408 5.02662 5.02662 -329.143 -329.143
709 4.65261 4.65261 -329.517 -329.517
2150 9.13216 4.65261 -325.038 -329.517
