"function evaluation" "current f(x)" "best-so-far f(x)" "current af(x)+b"  "best af(x)+b"
1 1.35679e+11 1.35679e+11 1.35679e+11 1.35679e+11
2 5.0486e+09 5.0486e+09 5.0486e+09 5.0486e+09
3 1.05211e+09 1.05211e+09 1.05211e+09 1.05211e+09
12 5.50351e+08 5.50351e+08 5.5035e+08 5.5035e+08
27 3.94728e+08 3.94728e+08 3.94727e+08 3.94727e+08
35 2.03483e+08 2.03483e+08 2.03483e+08 2.03483e+08
101 1.06435e+08 1.06435e+08 1.06435e+08 1.06435e+08
519 7.66726e+07 7.66726e+07 7.6672e+07 7.6672e+07
725 7.6578e+07 7.6578e+07 7.65773e+07 7.65773e+07
902 6.05401e+07 6.05401e+07 6.05395e+07 6.05395e+07
903 6.01806e+07 6.01806e+07 6.018e+07 6.018e+07
908 4.90733e+07 4.90733e+07 4.90727e+07 4.90727e+07
1142 4.72185e+07 4.72185e+07 4.72179e+07 4.72179e+07
1313 4.67846e+07 4.67846e+07 4.67839e+07 4.67839e+07
1316 4.55546e+07 4.55546e+07 4.55539e+07 4.55539e+07
1321 4.53803e+07 4.53803e+07 4.53797e+07 4.53797e+07
1417 4.32808e+07 4.32808e+07 4.32802e+07 4.32802e+07
1485 4.23824e+07 4.23824e+07 4.23817e+07 4.23817e+07
1763 4.14756e+07 4.14756e+07 4.1475e+07 4.1475e+07
2050 4.44111e+07 4.14756e+07 4.44105e+07 4.1475e+07
"function evaluation" "current f(x)" "best-so-far f(x)" "current af(x)+b"  "best af(x)+b"
1 1.09583e+09 1.09583e+09 1.09583e+09 1.09583e+09
5 6.95859e+08 6.95859e+08 6.95859e+08 6.95859e+08
13 3.29514e+08 3.29514e+08 3.29513e+08 3.29513e+08
101 2.37408e+08 2.37408e+08 2.37408e+08 2.37408e+08
124 2.02384e+08 2.02384e+08 2.02384e+08 2.02384e+08
205 1.92677e+08 1.92677e+08 1.92676e+08 1.92676e+08
286 1.87613e+08 1.87613e+08 1.87613e+08 1.87613e+08
320 1.68332e+08 1.68332e+08 1.68331e+08 1.68331e+08
508 1.67628e+08 1.67628e+08 1.67627e+08 1.67627e+08
512 1.61154e+08 1.61154e+08 1.61154e+08 1.61154e+08
518 1.47514e+08 1.47514e+08 1.47513e+08 1.47513e+08
523 1.28669e+08 1.28669e+08 1.28668e+08 1.28668e+08
534 1.23857e+08 1.23857e+08 1.23856e+08 1.23856e+08
552 1.22472e+08 1.22472e+08 1.22472e+08 1.22472e+08
588 1.15954e+08 1.15954e+08 1.15954e+08 1.15954e+08
604 1.15817e+08 1.15817e+08 1.15817e+08 1.15817e+08
655 1.1173e+08 1.1173e+08 1.1173e+08 1.1173e+08
827 1.11554e+08 1.11554e+08 1.11554e+08 1.11554e+08
901 1.07362e+08 1.07362e+08 1.07362e+08 1.07362e+08
902 9.74909e+07 9.74909e+07 9.74907e+07 9.74907e+07
904 8.81075e+07 8.81075e+07 8.81073e+07 8.81073e+07
1075 8.31539e+07 8.31539e+07 8.31536e+07 8.31536e+07
1151 8.01663e+07 8.01663e+07 8.01661e+07 8.01661e+07
1306 7.56755e+07 7.56755e+07 7.56753e+07 7.56753e+07
1716 7.43142e+07 7.43142e+07 7.4314e+07 7.4314e+07
2050 7.71855e+07 7.43142e+07 7.71853e+07 7.4314e+07
"function evaluation" "current f(x)" "best-so-far f(x)" "current af(x)+b"  "best af(x)+b"
1 3.81545e+09 3.81545e+09 3.81545e+09 3.81545e+09
3 6.3995e+08 6.3995e+08 6.3995e+08 6.3995e+08
5 3.74159e+08 3.74159e+08 3.74159e+08 3.74159e+08
24 3.10262e+08 3.10262e+08 3.10262e+08 3.10262e+08
32 1.85733e+08 1.85733e+08 1.85733e+08 1.85733e+08
112 1.68663e+08 1.68663e+08 1.68663e+08 1.68663e+08
205 1.54005e+08 1.54005e+08 1.54006e+08 1.54006e+08
506 1.48406e+08 1.48406e+08 1.48407e+08 1.48407e+08
508 1.00952e+08 1.00952e+08 1.00952e+08 1.00952e+08
541 9.07672e+07 9.07672e+07 9.07673e+07 9.07673e+07
623 8.86925e+07 8.86925e+07 8.86926e+07 8.86926e+07
649 6.12803e+07 6.12803e+07 6.12804e+07 6.12804e+07
849 6.04629e+07 6.04629e+07 6.0463e+07 6.0463e+07
1085 5.38344e+07 5.38344e+07 5.38345e+07 5.38345e+07
1622 5.27388e+07 5.27388e+07 5.27389e+07 5.27389e+07
1707 5.22249e+07 5.22249e+07 5.22249e+07 5.22249e+07
2017 5.20583e+07 5.20583e+07 5.20584e+07 5.20584e+07
2050 5.41991e+07 5.20583e+07 5.41991e+07 5.20584e+07
"function evaluation" "current f(x)" "best-so-far f(x)" "current af(x)+b"  "best af(x)+b"
1 5.78095e+08 5.78095e+08 5.78095e+08 5.78095e+08
10 4.57034e+08 4.57034e+08 4.57034e+08 4.57034e+08
16 2.20324e+08 2.20324e+08 2.20324e+08 2.20324e+08
128 1.89625e+08 1.89625e+08 1.89625e+08 1.89625e+08
162 1.83195e+08 1.83195e+08 1.83195e+08 1.83195e+08
163 1.66175e+08 1.66175e+08 1.66175e+08 1.66175e+08
169 1.53187e+08 1.53187e+08 1.53187e+08 1.53187e+08
182 1.3983e+08 1.3983e+08 1.3983e+08 1.3983e+08
229 1.23566e+08 1.23566e+08 1.23566e+08 1.23566e+08
268 1.03736e+08 1.03736e+08 1.03736e+08 1.03736e+08
504 6.61769e+07 6.61769e+07 6.61769e+07 6.61769e+07
539 6.44672e+07 6.44672e+07 6.44672e+07 6.44672e+07
726 6.43193e+07 6.43193e+07 6.43193e+07 6.43193e+07
835 5.42263e+07 5.42263e+07 5.42263e+07 5.42263e+07
901 5.09672e+07 5.09672e+07 5.09672e+07 5.09672e+07
925 4.90863e+07 4.90863e+07 4.90863e+07 4.90863e+07
961 4.60283e+07 4.60283e+07 4.60283e+07 4.60283e+07
1001 4.40636e+07 4.40636e+07 4.40636e+07 4.40636e+07
1045 4.21639e+07 4.21639e+07 4.21638e+07 4.21638e+07
1089 3.91658e+07 3.91658e+07 3.91658e+07 3.91658e+07
1192 3.88584e+07 3.88584e+07 3.88584e+07 3.88584e+07
1319 3.7953e+07 3.7953e+07 3.7953e+07 3.7953e+07
1327 3.70724e+07 3.70724e+07 3.70724e+07 3.70724e+07
1354 3.70424e+07 3.70424e+07 3.70423e+07 3.70423e+07
1397 3.67213e+07 3.67213e+07 3.67213e+07 3.67213e+07
1713 3.65247e+07 3.65247e+07 3.65247e+07 3.65247e+07
1749 3.59527e+07 3.59527e+07 3.59527e+07 3.59527e+07
1969 3.52922e+07 3.52922e+07 3.52922e+07 3.52922e+07
2050 3.84092e+07 3.52922e+07 3.84091e+07 3.52922e+07
"function evaluation" "current f(x)" "best-so-far f(x)" "current af(x)+b"  "best af(x)+b"
1 4.66559e+08 4.66559e+08 4.66559e+08 4.66559e+08
4 2.28454e+08 2.28454e+08 2.28454e+08 2.28454e+08
20 2.1184e+08 2.1184e+08 2.1184e+08 2.1184e+08
32 2.06106e+08 2.06106e+08 2.06106e+08 2.06106e+08
36 1.90189e+08 1.90189e+08 1.90189e+08 1.90189e+08
106 1.76202e+08 1.76202e+08 1.76202e+08 1.76202e+08
109 9.14893e+07 9.14893e+07 9.14894e+07 9.14894e+07
111 3.7514e+07 3.7514e+07 3.7514e+07 3.7514e+07
525 3.02329e+07 3.02329e+07 3.02329e+07 3.02329e+07
907 3.00667e+07 3.00667e+07 3.00668e+07 3.00668e+07
909 2.82036e+07 2.82036e+07 2.82036e+07 2.82036e+07
917 2.64059e+07 2.64059e+07 2.64059e+07 2.64059e+07
918 2.33894e+07 2.33894e+07 2.33895e+07 2.33895e+07
1212 2.25256e+07 2.25256e+07 2.25256e+07 2.25256e+07
1215 2.06723e+07 2.06723e+07 2.06723e+07 2.06723e+07
1329 1.93122e+07 1.93122e+07 1.93122e+07 1.93122e+07
1401 1.912e+07 1.912e+07 1.91201e+07 1.91201e+07
1708 1.84947e+07 1.84947e+07 1.84947e+07 1.84947e+07
1719 1.84612e+07 1.84612e+07 1.84613e+07 1.84613e+07
2050 2.03234e+07 1.84612e+07 2.03235e+07 1.84613e+07
"function evaluation" "current f(x)" "best-so-far f(x)" "current af(x)+b"  "best af(x)+b"
1 5.17666e+09 5.17666e+09 5.17666e+09 5.17666e+09
2 2.3275e+09 2.3275e+09 2.3275e+09 2.3275e+09
3 2.00241e+09 2.00241e+09 2.00241e+09 2.00241e+09
4 2.89969e+08 2.89969e+08 2.89969e+08 2.89969e+08
23 2.8695e+08 2.8695e+08 2.8695e+08 2.8695e+08
110 2.59664e+08 2.59664e+08 2.59664e+08 2.59664e+08
129 1.8435e+08 1.8435e+08 1.8435e+08 1.8435e+08
207 1.30558e+08 1.30558e+08 1.30558e+08 1.30558e+08
501 1.25764e+08 1.25764e+08 1.25764e+08 1.25764e+08
503 1.08671e+08 1.08671e+08 1.08671e+08 1.08671e+08
506 9.57258e+07 9.57258e+07 9.57258e+07 9.57258e+07
522 7.15518e+07 7.15518e+07 7.15518e+07 7.15518e+07
919 6.34087e+07 6.34087e+07 6.34087e+07 6.34087e+07
926 6.16704e+07 6.16704e+07 6.16704e+07 6.16704e+07
1016 5.82829e+07 5.82829e+07 5.82829e+07 5.82829e+07
1021 5.8081e+07 5.8081e+07 5.8081e+07 5.8081e+07
1316 5.77754e+07 5.77754e+07 5.77754e+07 5.77754e+07
1339 5.61804e+07 5.61804e+07 5.61804e+07 5.61804e+07
1361 5.41956e+07 5.41956e+07 5.41956e+07 5.41956e+07
1725 5.41338e+07 5.41338e+07 5.41338e+07 5.41338e+07
1746 5.41205e+07 5.41205e+07 5.41205e+07 5.41205e+07
1750 5.36971e+07 5.36971e+07 5.36971e+07 5.36971e+07
1759 5.36144e+07 5.36144e+07 5.36144e+07 5.36144e+07
1828 5.3579e+07 5.3579e+07 5.3579e+07 5.3579e+07
1861 5.30005e+07 5.30005e+07 5.30005e+07 5.30005e+07
1992 5.256e+07 5.256e+07 5.256e+07 5.256e+07
2050 5.66294e+07 5.256e+07 5.66294e+07 5.256e+07
"function evaluation" "current f(x)" "best-so-far f(x)" "current af(x)+b"  "best af(x)+b"
1 7.38421e+08 7.38421e+08 7.38421e+08 7.38421e+08
2 5.35207e+08 5.35207e+08 5.35206e+08 5.35206e+08
16 3.65393e+08 3.65393e+08 3.65393e+08 3.65393e+08
24 1.28275e+08 1.28275e+08 1.28275e+08 1.28275e+08
274 9.48616e+07 9.48616e+07 9.48615e+07 9.48615e+07
538 7.69581e+07 7.69581e+07 7.6958e+07 7.6958e+07
570 6.06105e+07 6.06105e+07 6.06103e+07 6.06103e+07
982 6.00595e+07 6.00595e+07 6.00594e+07 6.00594e+07
1309 5.85572e+07 5.85572e+07 5.85571e+07 5.85571e+07
1451 5.74422e+07 5.74422e+07 5.74421e+07 5.74421e+07
1702 5.73713e+07 5.73713e+07 5.73711e+07 5.73711e+07
1721 5.72145e+07 5.72145e+07 5.72143e+07 5.72143e+07
1754 5.67979e+07 5.67979e+07 5.67977e+07 5.67977e+07
2035 5.67628e+07 5.67628e+07 5.67626e+07 5.67626e+07
2050 5.92145e+07 5.67628e+07 5.92143e+07 5.67626e+07
"function evaluation" "current f(x)" "best-so-far f(x)" "current af(x)+b"  "best af(x)+b"
1 1.69623e+09 1.69623e+09 1.69623e+09 1.69623e+09
3 2.86311e+08 2.86311e+08 2.86311e+08 2.86311e+08
12 2.3583e+08 2.3583e+08 2.3583e+08 2.3583e+08
13 1.58814e+08 1.58814e+08 1.58814e+08 1.58814e+08
107 1.23143e+08 1.23143e+08 1.23144e+08 1.23144e+08
116 1.13564e+08 1.13564e+08 1.13564e+08 1.13564e+08
154 9.51262e+07 9.51262e+07 9.51265e+07 9.51265e+07
174 8.63085e+07 8.63085e+07 8.63089e+07 8.63089e+07
233 8.01344e+07 8.01344e+07 8.01347e+07 8.01347e+07
505 6.86979e+07 6.86979e+07 6.86982e+07 6.86982e+07
506 6.84807e+07 6.84807e+07 6.84811e+07 6.84811e+07
526 6.24237e+07 6.24237e+07 6.24241e+07 6.24241e+07
543 5.83679e+07 5.83679e+07 5.83682e+07 5.83682e+07
585 5.06313e+07 5.06313e+07 5.06316e+07 5.06316e+07
911 4.76372e+07 4.76372e+07 4.76375e+07 4.76375e+07
974 4.51137e+07 4.51137e+07 4.5114e+07 4.5114e+07
989 4.27089e+07 4.27089e+07 4.27093e+07 4.27093e+07
1454 4.22305e+07 4.22305e+07 4.22309e+07 4.22309e+07
1724 4.21347e+07 4.21347e+07 4.21351e+07 4.21351e+07
1765 4.18832e+07 4.18832e+07 4.18836e+07 4.18836e+07
1867 4.1875e+07 4.1875e+07 4.18753e+07 4.18753e+07
1979 4.1871e+07 4.1871e+07 4.18713e+07 4.18713e+07
2034 4.18234e+07 4.18234e+07 4.18237e+07 4.18237e+07
2050 4.32377e+07 4.18234e+07 4.3238e+07 4.18237e+07
"function evaluation" "current f(x)" "best-so-far f(x)" "current af(x)+b"  "best af(x)+b"
1 5.77097e+09 5.77097e+09 5.77097e+09 5.77097e+09
3 3.42045e+08 3.42045e+08 3.42045e+08 3.42045e+08
4 2.69426e+08 2.69426e+08 2.69426e+08 2.69426e+08
33 2.22419e+08 2.22419e+08 2.22419e+08 2.22419e+08
113 1.62797e+08 1.62797e+08 1.62797e+08 1.62797e+08
317 1.55607e+08 1.55607e+08 1.55607e+08 1.55607e+08
362 1.47385e+08 1.47385e+08 1.47385e+08 1.47385e+08
502 1.44657e+08 1.44657e+08 1.44657e+08 1.44657e+08
503 1.38446e+08 1.38446e+08 1.38446e+08 1.38446e+08
507 1.32385e+08 1.32385e+08 1.32385e+08 1.32385e+08
509 9.84559e+07 9.84559e+07 9.84559e+07 9.84559e+07
901 9.26141e+07 9.26141e+07 9.26141e+07 9.26141e+07
902 9.25852e+07 9.25852e+07 9.25852e+07 9.25852e+07
919 9.22525e+07 9.22525e+07 9.22525e+07 9.22525e+07
931 9.15339e+07 9.15339e+07 9.15339e+07 9.15339e+07
959 8.64682e+07 8.64682e+07 8.64681e+07 8.64681e+07
1302 8.6221e+07 8.6221e+07 8.6221e+07 8.6221e+07
1310 8.44977e+07 8.44977e+07 8.44977e+07 8.44977e+07
1345 8.27246e+07 8.27246e+07 8.27245e+07 8.27245e+07
2050 8.55351e+07 8.27246e+07 8.55351e+07 8.27245e+07
"function evaluation" "current f(x)" "best-so-far f(x)" "current af(x)+b"  "best af(x)+b"
1 2.31515e+09 2.31515e+09 2.31515e+09 2.31515e+09
2 4.73275e+08 4.73275e+08 4.73275e+08 4.73275e+08
5 3.8654e+08 3.8654e+08 3.8654e+08 3.8654e+08
8 2.42525e+08 2.42525e+08 2.42525e+08 2.42525e+08
104 2.35195e+08 2.35195e+08 2.35195e+08 2.35195e+08
108 2.28564e+08 2.28564e+08 2.28564e+08 2.28564e+08
115 2.19233e+08 2.19233e+08 2.19233e+08 2.19233e+08
172 1.7217e+08 1.7217e+08 1.7217e+08 1.7217e+08
209 1.50353e+08 1.50353e+08 1.50353e+08 1.50353e+08
242 1.26164e+08 1.26164e+08 1.26164e+08 1.26164e+08
531 1.16806e+08 1.16806e+08 1.16806e+08 1.16806e+08
561 8.98619e+07 8.98619e+07 8.98619e+07 8.98619e+07
990 8.86238e+07 8.86238e+07 8.86238e+07 8.86238e+07
1306 8.79873e+07 8.79873e+07 8.79873e+07 8.79873e+07
1308 8.27883e+07 8.27883e+07 8.27883e+07 8.27883e+07
1529 8.24364e+07 8.24364e+07 8.24364e+07 8.24364e+07
1771 8.22322e+07 8.22322e+07 8.22322e+07 8.22322e+07
2050 8.7182e+07 8.22322e+07 8.7182e+07 8.22322e+07
"function evaluation" "current f(x)" "best-so-far f(x)" "current af(x)+b"  "best af(x)+b"
1 4.77512e+08 4.77512e+08 4.77512e+08 4.77512e+08
2 3.13384e+08 3.13384e+08 3.13384e+08 3.13384e+08
131 2.9225e+08 2.9225e+08 2.9225e+08 2.9225e+08
144 2.6974e+08 2.6974e+08 2.6974e+08 2.6974e+08
151 2.64604e+08 2.64604e+08 2.64604e+08 2.64604e+08
233 2.24207e+08 2.24207e+08 2.24207e+08 2.24207e+08
244 2.05228e+08 2.05228e+08 2.05228e+08 2.05228e+08
394 1.69411e+08 1.69411e+08 1.69411e+08 1.69411e+08
513 1.54579e+08 1.54579e+08 1.54579e+08 1.54579e+08
561 1.02172e+08 1.02172e+08 1.02172e+08 1.02172e+08
649 9.81818e+07 9.81818e+07 9.81818e+07 9.81818e+07
935 9.8034e+07 9.8034e+07 9.80341e+07 9.80341e+07
986 9.54646e+07 9.54646e+07 9.54646e+07 9.54646e+07
1302 9.31991e+07 9.31991e+07 9.31992e+07 9.31992e+07
1303 9.24063e+07 9.24063e+07 9.24064e+07 9.24064e+07
1307 9.2037e+07 9.2037e+07 9.2037e+07 9.2037e+07
1311 8.76309e+07 8.76309e+07 8.76309e+07 8.76309e+07
1710 8.62343e+07 8.62343e+07 8.62343e+07 8.62343e+07
1764 8.6184e+07 8.6184e+07 8.6184e+07 8.6184e+07
1799 8.60649e+07 8.60649e+07 8.60649e+07 8.60649e+07
1849 8.58857e+07 8.58857e+07 8.58857e+07 8.58857e+07
1906 8.49035e+07 8.49035e+07 8.49035e+07 8.49035e+07
2050 8.97668e+07 8.49035e+07 8.97668e+07 8.49035e+07
"function evaluation" "current f(x)" "best-so-far f(x)" "current af(x)+b"  "best af(x)+b"
1 4.00709e+08 4.00709e+08 4.00708e+08 4.00708e+08
23 3.32575e+08 3.32575e+08 3.32575e+08 3.32575e+08
33 1.92432e+08 1.92432e+08 1.92432e+08 1.92432e+08
133 1.90596e+08 1.90596e+08 1.90596e+08 1.90596e+08
149 1.70571e+08 1.70571e+08 1.7057e+08 1.7057e+08
161 1.396e+08 1.396e+08 1.39599e+08 1.39599e+08
212 1.35693e+08 1.35693e+08 1.35693e+08 1.35693e+08
227 1.30078e+08 1.30078e+08 1.30078e+08 1.30078e+08
232 1.19322e+08 1.19322e+08 1.19322e+08 1.19322e+08
339 8.97939e+07 8.97939e+07 8.97936e+07 8.97936e+07
518 8.50477e+07 8.50477e+07 8.50473e+07 8.50473e+07
526 5.9283e+07 5.9283e+07 5.92827e+07 5.92827e+07
617 4.93173e+07 4.93173e+07 4.93169e+07 4.93169e+07
841 4.80724e+07 4.80724e+07 4.8072e+07 4.8072e+07
921 4.79533e+07 4.79533e+07 4.7953e+07 4.7953e+07
952 4.61245e+07 4.61245e+07 4.61242e+07 4.61242e+07
1311 4.48733e+07 4.48733e+07 4.4873e+07 4.4873e+07
1318 4.45114e+07 4.45114e+07 4.45111e+07 4.45111e+07
1326 4.14648e+07 4.14648e+07 4.14645e+07 4.14645e+07
1332 4.01352e+07 4.01352e+07 4.01349e+07 4.01349e+07
1537 3.98299e+07 3.98299e+07 3.98296e+07 3.98296e+07
1745 3.95052e+07 3.95052e+07 3.95049e+07 3.95049e+07
1819 3.91085e+07 3.91085e+07 3.91082e+07 3.91082e+07
2050 4.19381e+07 3.91085e+07 4.19378e+07 3.91082e+07
"function evaluation" "current f(x)" "best-so-far f(x)" "current af(x)+b"  "best af(x)+b"
1 8.40237e+08 8.40237e+08 8.40236e+08 8.40236e+08
5 7.69637e+08 7.69637e+08 7.69636e+08 7.69636e+08
12 6.13277e+08 6.13277e+08 6.13276e+08 6.13276e+08
17 2.84079e+08 2.84079e+08 2.84078e+08 2.84078e+08
101 1.57816e+08 1.57816e+08 1.57815e+08 1.57815e+08
125 1.40282e+08 1.40282e+08 1.40281e+08 1.40281e+08
179 1.00199e+08 1.00199e+08 1.00198e+08 1.00198e+08
503 8.5035e+07 8.5035e+07 8.5034e+07 8.5034e+07
549 7.79592e+07 7.79592e+07 7.79582e+07 7.79582e+07
552 6.85078e+07 6.85078e+07 6.85068e+07 6.85068e+07
901 6.82154e+07 6.82154e+07 6.82144e+07 6.82144e+07
911 6.76096e+07 6.76096e+07 6.76086e+07 6.76086e+07
913 6.51349e+07 6.51349e+07 6.51339e+07 6.51339e+07
914 6.36688e+07 6.36688e+07 6.36678e+07 6.36678e+07
962 6.28921e+07 6.28921e+07 6.28911e+07 6.28911e+07
963 6.12698e+07 6.12698e+07 6.12688e+07 6.12688e+07
1004 6.03925e+07 6.03925e+07 6.03915e+07 6.03915e+07
1009 5.66652e+07 5.66652e+07 5.66642e+07 5.66642e+07
1016 5.58382e+07 5.58382e+07 5.58372e+07 5.58372e+07
1307 5.49503e+07 5.49503e+07 5.49493e+07 5.49493e+07
1312 5.42059e+07 5.42059e+07 5.42049e+07 5.42049e+07
1379 5.41358e+07 5.41358e+07 5.41348e+07 5.41348e+07
1386 5.39309e+07 5.39309e+07 5.39299e+07 5.39299e+07
1534 5.31507e+07 5.31507e+07 5.31497e+07 5.31497e+07
1706 5.30895e+07 5.30895e+07 5.30885e+07 5.30885e+07
1712 5.30345e+07 5.30345e+07 5.30335e+07 5.30335e+07
1724 5.28271e+07 5.28271e+07 5.28261e+07 5.28261e+07
1729 5.22819e+07 5.22819e+07 5.22809e+07 5.22809e+07
2050 5.40264e+07 5.22819e+07 5.40254e+07 5.22809e+07
"function evaluation" "current f(x)" "best-so-far f(x)" "current af(x)+b"  "best af(x)+b"
1 3.77656e+08 3.77656e+08 3.77656e+08 3.77656e+08
4 3.50847e+08 3.50847e+08 3.50847e+08 3.50847e+08
12 3.46464e+08 3.46464e+08 3.46464e+08 3.46464e+08
23 1.76921e+08 1.76921e+08 1.76921e+08 1.76921e+08
24 1.57001e+08 1.57001e+08 1.57001e+08 1.57001e+08
123 1.00648e+08 1.00648e+08 1.00648e+08 1.00648e+08
277 6.18688e+07 6.18688e+07 6.18689e+07 6.18689e+07
639 4.98638e+07 4.98638e+07 4.98638e+07 4.98638e+07
934 4.77598e+07 4.77598e+07 4.77598e+07 4.77598e+07
1026 4.53356e+07 4.53356e+07 4.53356e+07 4.53356e+07
1304 4.4762e+07 4.4762e+07 4.47621e+07 4.47621e+07
1307 4.20693e+07 4.20693e+07 4.20694e+07 4.20694e+07
1308 4.08462e+07 4.08462e+07 4.08462e+07 4.08462e+07
1329 4.05461e+07 4.05461e+07 4.05462e+07 4.05462e+07
1714 3.97107e+07 3.97107e+07 3.97108e+07 3.97108e+07
1775 3.96782e+07 3.96782e+07 3.96783e+07 3.96783e+07
1969 3.93142e+07 3.93142e+07 3.93143e+07 3.93143e+07
2050 4.27864e+07 3.93142e+07 4.27865e+07 3.93143e+07
"function evaluation" "current f(x)" "best-so-far f(x)" "current af(x)+b"  "best af(x)+b"
1 1.23851e+09 1.23851e+09 1.23851e+09 1.23851e+09
2 4.623e+08 4.623e+08 4.623e+08 4.623e+08
9 4.61993e+08 4.61993e+08 4.61994e+08 4.61994e+08
18 4.22474e+08 4.22474e+08 4.22474e+08 4.22474e+08
39 2.66039e+08 2.66039e+08 2.66039e+08 2.66039e+08
47 2.44824e+08 2.44824e+08 2.44824e+08 2.44824e+08
107 1.22159e+08 1.22159e+08 1.22159e+08 1.22159e+08
184 1.1497e+08 1.1497e+08 1.1497e+08 1.1497e+08
512 1.11776e+08 1.11776e+08 1.11776e+08 1.11776e+08
513 1.02575e+08 1.02575e+08 1.02575e+08 1.02575e+08
564 9.04371e+07 9.04371e+07 9.04371e+07 9.04371e+07
569 8.4143e+07 8.4143e+07 8.41431e+07 8.41431e+07
902 8.21949e+07 8.21949e+07 8.2195e+07 8.2195e+07
910 8.12673e+07 8.12673e+07 8.12674e+07 8.12674e+07
913 7.50205e+07 7.50205e+07 7.50206e+07 7.50206e+07
922 7.20669e+07 7.20669e+07 7.2067e+07 7.2067e+07
1301 6.99437e+07 6.99437e+07 6.99438e+07 6.99438e+07
1306 6.88298e+07 6.88298e+07 6.88299e+07 6.88299e+07
1433 6.73466e+07 6.73466e+07 6.73467e+07 6.73467e+07
1494 6.6604e+07 6.6604e+07 6.66041e+07 6.66041e+07
1718 6.58433e+07 6.58433e+07 6.58434e+07 6.58434e+07
2050 6.75998e+07 6.58433e+07 6.75999e+07 6.58434e+07
"function evaluation" "current f(x)" "best-so-far f(x)" "current af(x)+b"  "best af(x)+b"
1 8.59852e+09 8.59852e+09 8.59852e+09 8.59852e+09
2 3.84283e+08 3.84283e+08 3.84283e+08 3.84283e+08
22 3.54516e+08 3.54516e+08 3.54516e+08 3.54516e+08
32 3.46872e+08 3.46872e+08 3.46872e+08 3.46872e+08
50 3.21415e+08 3.21415e+08 3.21415e+08 3.21415e+08
101 3.13498e+08 3.13498e+08 3.13498e+08 3.13498e+08
105 1.42266e+08 1.42266e+08 1.42266e+08 1.42266e+08
113 1.25208e+08 1.25208e+08 1.25208e+08 1.25208e+08
230 7.44179e+07 7.44179e+07 7.44179e+07 7.44179e+07
778 6.14544e+07 6.14544e+07 6.14544e+07 6.14544e+07
903 6.14011e+07 6.14011e+07 6.14011e+07 6.14011e+07
907 5.79189e+07 5.79189e+07 5.79189e+07 5.79189e+07
912 5.53256e+07 5.53256e+07 5.53256e+07 5.53256e+07
1060 5.15481e+07 5.15481e+07 5.15481e+07 5.15481e+07
1073 4.79236e+07 4.79236e+07 4.79236e+07 4.79236e+07
1312 4.40815e+07 4.40815e+07 4.40815e+07 4.40815e+07
1914 4.35472e+07 4.35472e+07 4.35471e+07 4.35471e+07
2050 4.69859e+07 4.35472e+07 4.69858e+07 4.35471e+07
"function evaluation" "current f(x)" "best-so-far f(x)" "current af(x)+b"  "best af(x)+b"
1 1.58885e+10 1.58885e+10 1.58885e+10 1.58885e+10
2 6.18974e+09 6.18974e+09 6.18974e+09 6.18974e+09
3 1.08534e+09 1.08534e+09 1.08533e+09 1.08533e+09
5 8.8406e+08 8.8406e+08 8.84059e+08 8.84059e+08
28 8.24536e+08 8.24536e+08 8.24535e+08 8.24535e+08
31 6.62775e+08 6.62775e+08 6.62775e+08 6.62775e+08
37 6.19425e+08 6.19425e+08 6.19424e+08 6.19424e+08
43 3.49834e+08 3.49834e+08 3.49833e+08 3.49833e+08
120 3.1695e+08 3.1695e+08 3.1695e+08 3.1695e+08
145 3.01976e+08 3.01976e+08 3.01975e+08 3.01975e+08
190 2.11691e+08 2.11691e+08 2.1169e+08 2.1169e+08
220 1.78181e+08 1.78181e+08 1.78181e+08 1.78181e+08
516 1.6781e+08 1.6781e+08 1.67809e+08 1.67809e+08
538 1.6685e+08 1.6685e+08 1.66849e+08 1.66849e+08
564 1.24035e+08 1.24035e+08 1.24034e+08 1.24034e+08
700 9.91827e+07 9.91827e+07 9.91818e+07 9.91818e+07
925 9.64155e+07 9.64155e+07 9.64147e+07 9.64147e+07
949 9.06761e+07 9.06761e+07 9.06753e+07 9.06753e+07
1312 8.82182e+07 8.82182e+07 8.82174e+07 8.82174e+07
1355 8.75077e+07 8.75077e+07 8.75069e+07 8.75069e+07
1703 8.73186e+07 8.73186e+07 8.73178e+07 8.73178e+07
1709 8.58593e+07 8.58593e+07 8.58585e+07 8.58585e+07
1717 8.55461e+07 8.55461e+07 8.55453e+07 8.55453e+07
1761 8.52429e+07 8.52429e+07 8.52421e+07 8.52421e+07
1978 8.49579e+07 8.49579e+07 8.49571e+07 8.49571e+07
2006 8.41897e+07 8.41897e+07 8.41889e+07 8.41889e+07
2050 8.80298e+07 8.41897e+07 8.8029e+07 8.41889e+07
"function evaluation" "current f(x)" "best-so-far f(x)" "current af(x)+b"  "best af(x)+b"
1 1.31745e+09 1.31745e+09 1.31745e+09 1.31745e+09
2 1.00422e+09 1.00422e+09 1.00422e+09 1.00422e+09
3 2.87554e+08 2.87554e+08 2.87554e+08 2.87554e+08
35 1.81208e+08 1.81208e+08 1.81208e+08 1.81208e+08
105 1.60954e+08 1.60954e+08 1.60954e+08 1.60954e+08
147 1.52189e+08 1.52189e+08 1.52189e+08 1.52189e+08
290 1.50723e+08 1.50723e+08 1.50723e+08 1.50723e+08
311 1.03051e+08 1.03051e+08 1.03051e+08 1.03051e+08
444 9.64873e+07 9.64873e+07 9.64873e+07 9.64873e+07
517 8.56198e+07 8.56198e+07 8.56198e+07 8.56198e+07
565 8.24204e+07 8.24204e+07 8.24204e+07 8.24204e+07
659 6.81188e+07 6.81188e+07 6.81189e+07 6.81189e+07
904 5.41455e+07 5.41455e+07 5.41455e+07 5.41455e+07
1313 5.32578e+07 5.32578e+07 5.32578e+07 5.32578e+07
1359 5.21628e+07 5.21628e+07 5.21629e+07 5.21629e+07
1864 5.19169e+07 5.19169e+07 5.1917e+07 5.1917e+07
2050 5.33253e+07 5.19169e+07 5.33253e+07 5.1917e+07
"function evaluation" "current f(x)" "best-so-far f(x)" "current af(x)+b"  "best af(x)+b"
1 3.5432e+09 3.5432e+09 3.5432e+09 3.5432e+09
2 7.06326e+08 7.06326e+08 7.06326e+08 7.06326e+08
3 2.34122e+08 2.34122e+08 2.34122e+08 2.34122e+08
16 1.51279e+08 1.51279e+08 1.51278e+08 1.51278e+08
19 1.39842e+08 1.39842e+08 1.39842e+08 1.39842e+08
163 1.24609e+08 1.24609e+08 1.24608e+08 1.24608e+08
178 1.09251e+08 1.09251e+08 1.0925e+08 1.0925e+08
217 1.03489e+08 1.03489e+08 1.03488e+08 1.03488e+08
288 8.03078e+07 8.03078e+07 8.03072e+07 8.03072e+07
502 7.1939e+07 7.1939e+07 7.19384e+07 7.19384e+07
504 6.81229e+07 6.81229e+07 6.81224e+07 6.81224e+07
505 5.41651e+07 5.41651e+07 5.41645e+07 5.41645e+07
569 4.93783e+07 4.93783e+07 4.93777e+07 4.93777e+07
635 3.83845e+07 3.83845e+07 3.83839e+07 3.83839e+07
907 3.69565e+07 3.69565e+07 3.69559e+07 3.69559e+07
921 3.67051e+07 3.67051e+07 3.67046e+07 3.67046e+07
972 3.28838e+07 3.28838e+07 3.28833e+07 3.28833e+07
1086 2.86324e+07 2.86324e+07 2.86318e+07 2.86318e+07
1364 2.68347e+07 2.68347e+07 2.68342e+07 2.68342e+07
1733 2.67223e+07 2.67223e+07 2.67218e+07 2.67218e+07
2050 2.8549e+07 2.67223e+07 2.85484e+07 2.67218e+07
"function evaluation" "current f(x)" "best-so-far f(x)" "current af(x)+b"  "best af(x)+b"
1 5.13804e+08 5.13804e+08 5.13804e+08 5.13804e+08
3 4.22508e+08 4.22508e+08 4.22508e+08 4.22508e+08
6 2.55838e+08 2.55838e+08 2.55837e+08 2.55837e+08
101 2.05419e+08 2.05419e+08 2.05418e+08 2.05418e+08
102 1.51367e+08 1.51367e+08 1.51367e+08 1.51367e+08
146 1.45262e+08 1.45262e+08 1.45262e+08 1.45262e+08
208 1.40882e+08 1.40882e+08 1.40882e+08 1.40882e+08
504 1.35932e+08 1.35932e+08 1.35931e+08 1.35931e+08
506 1.29986e+08 1.29986e+08 1.29985e+08 1.29985e+08
508 8.83986e+07 8.83986e+07 8.83982e+07 8.83982e+07
916 8.14703e+07 8.14703e+07 8.14699e+07 8.14699e+07
954 7.95187e+07 7.95187e+07 7.95183e+07 7.95183e+07
1303 7.91834e+07 7.91834e+07 7.91831e+07 7.91831e+07
1313 7.89996e+07 7.89996e+07 7.89992e+07 7.89992e+07
1327 7.81964e+07 7.81964e+07 7.81961e+07 7.81961e+07
1336 7.79007e+07 7.79007e+07 7.79004e+07 7.79004e+07
1406 7.78319e+07 7.78319e+07 7.78315e+07 7.78315e+07
1637 7.74949e+07 7.74949e+07 7.74945e+07 7.74945e+07
1702 7.6969e+07 7.6969e+07 7.69686e+07 7.69686e+07
1722 7.68807e+07 7.68807e+07 7.68803e+07 7.68803e+07
1738 7.67768e+07 7.67768e+07 7.67765e+07 7.67765e+07
1752 7.67223e+07 7.67223e+07 7.6722e+07 7.6722e+07
1766 7.65091e+07 7.65091e+07 7.65088e+07 7.65088e+07
1772 7.65091e+07 7.65091e+07 7.65088e+07 7.65088e+07
2050 7.77025e+07 7.65091e+07 7.77021e+07 7.65088e+07
"function evaluation" "current f(x)" "best-so-far f(x)" "current af(x)+b"  "best af(x)+b"
1 1.40306e+08 1.40306e+08 1.40305e+08 1.40305e+08
182 1.21302e+08 1.21302e+08 1.21301e+08 1.21301e+08
206 8.94826e+07 8.94826e+07 8.94818e+07 8.94818e+07
217 8.92606e+07 8.92606e+07 8.92598e+07 8.92598e+07
503 8.92422e+07 8.92422e+07 8.92414e+07 8.92414e+07
506 7.69037e+07 7.69037e+07 7.69029e+07 7.69029e+07
509 7.62499e+07 7.62499e+07 7.62491e+07 7.62491e+07
553 5.84893e+07 5.84893e+07 5.84884e+07 5.84884e+07
707 5.61063e+07 5.61063e+07 5.61055e+07 5.61055e+07
913 5.3658e+07 5.3658e+07 5.36572e+07 5.36572e+07
998 5.11973e+07 5.11973e+07 5.11964e+07 5.11964e+07
1303 5.05752e+07 5.05752e+07 5.05744e+07 5.05744e+07
1305 4.96459e+07 4.96459e+07 4.96451e+07 4.96451e+07
1319 4.95706e+07 4.95706e+07 4.95698e+07 4.95698e+07
1338 4.74885e+07 4.74885e+07 4.74876e+07 4.74876e+07
1405 4.70115e+07 4.70115e+07 4.70106e+07 4.70106e+07
1722 4.6144e+07 4.6144e+07 4.61431e+07 4.61431e+07
1866 4.59594e+07 4.59594e+07 4.59586e+07 4.59586e+07
2050 4.76744e+07 4.59594e+07 4.76736e+07 4.59586e+07
"function evaluation" "current f(x)" "best-so-far f(x)" "current af(x)+b"  "best af(x)+b"
1 6.90644e+09 6.90644e+09 6.90644e+09 6.90644e+09
2 1.13417e+09 1.13417e+09 1.13417e+09 1.13417e+09
5 6.83413e+08 6.83413e+08 6.83413e+08 6.83413e+08
12 5.03029e+08 5.03029e+08 5.03029e+08 5.03029e+08
16 4.2834e+08 4.2834e+08 4.2834e+08 4.2834e+08
20 2.84228e+08 2.84228e+08 2.84228e+08 2.84228e+08
104 2.20039e+08 2.20039e+08 2.20039e+08 2.20039e+08
184 1.63704e+08 1.63704e+08 1.63704e+08 1.63704e+08
516 1.48629e+08 1.48629e+08 1.48629e+08 1.48629e+08
604 1.15528e+08 1.15528e+08 1.15528e+08 1.15528e+08
927 1.04717e+08 1.04717e+08 1.04717e+08 1.04717e+08
978 9.82126e+07 9.82126e+07 9.82126e+07 9.82126e+07
1305 9.30789e+07 9.30789e+07 9.30789e+07 9.30789e+07
1317 8.91464e+07 8.91464e+07 8.91465e+07 8.91465e+07
1719 8.7362e+07 8.7362e+07 8.7362e+07 8.7362e+07
1850 8.71414e+07 8.71414e+07 8.71414e+07 8.71414e+07
2050 9.25059e+07 8.71414e+07 9.2506e+07 8.71414e+07
"function evaluation" "current f(x)" "best-so-far f(x)" "current af(x)+b"  "best af(x)+b"
1 1.30883e+09 1.30883e+09 1.30883e+09 1.30883e+09
3 6.16998e+08 6.16998e+08 6.16998e+08 6.16998e+08
10 5.97134e+08 5.97134e+08 5.97135e+08 5.97135e+08
11 2.31648e+08 2.31648e+08 2.31648e+08 2.31648e+08
44 1.29562e+08 1.29562e+08 1.29562e+08 1.29562e+08
157 1.05431e+08 1.05431e+08 1.05431e+08 1.05431e+08
351 1.01374e+08 1.01374e+08 1.01374e+08 1.01374e+08
438 8.06203e+07 8.06203e+07 8.06203e+07 8.06203e+07
530 6.73595e+07 6.73595e+07 6.73595e+07 6.73595e+07
656 6.30374e+07 6.30374e+07 6.30375e+07 6.30375e+07
911 6.14037e+07 6.14037e+07 6.14038e+07 6.14038e+07
940 5.9505e+07 5.9505e+07 5.95051e+07 5.95051e+07
951 5.83113e+07 5.83113e+07 5.83114e+07 5.83114e+07
960 5.53815e+07 5.53815e+07 5.53816e+07 5.53816e+07
966 5.49952e+07 5.49952e+07 5.49952e+07 5.49952e+07
1037 5.13226e+07 5.13226e+07 5.13226e+07 5.13226e+07
1316 5.12471e+07 5.12471e+07 5.12471e+07 5.12471e+07
1327 5.01971e+07 5.01971e+07 5.01971e+07 5.01971e+07
1378 4.80568e+07 4.80568e+07 4.80568e+07 4.80568e+07
1940 4.79901e+07 4.79901e+07 4.79902e+07 4.79902e+07
1986 4.79162e+07 4.79162e+07 4.79163e+07 4.79163e+07
2050 4.99701e+07 4.79162e+07 4.99702e+07 4.79163e+07
"function evaluation" "current f(x)" "best-so-far f(x)" "current af(x)+b"  "best af(x)+b"
1 3.95756e+08 3.95756e+08 3.95756e+08 3.95756e+08
4 3.1929e+08 3.1929e+08 3.1929e+08 3.1929e+08
12 2.36782e+08 2.36782e+08 2.36782e+08 2.36782e+08
29 2.24284e+08 2.24284e+08 2.24284e+08 2.24284e+08
31 1.81578e+08 1.81578e+08 1.81578e+08 1.81578e+08
47 1.46956e+08 1.46956e+08 1.46956e+08 1.46956e+08
103 1.18461e+08 1.18461e+08 1.18461e+08 1.18461e+08
112 7.57771e+07 7.57771e+07 7.5777e+07 7.5777e+07
262 7.09558e+07 7.09558e+07 7.09558e+07 7.09558e+07
509 4.64481e+07 4.64481e+07 4.64481e+07 4.64481e+07
905 4.63291e+07 4.63291e+07 4.63291e+07 4.63291e+07
907 4.4491e+07 4.4491e+07 4.4491e+07 4.4491e+07
912 4.40647e+07 4.40647e+07 4.40647e+07 4.40647e+07
915 4.08823e+07 4.08823e+07 4.08822e+07 4.08822e+07
917 3.78611e+07 3.78611e+07 3.7861e+07 3.7861e+07
947 3.52573e+07 3.52573e+07 3.52573e+07 3.52573e+07
1019 3.41218e+07 3.41218e+07 3.41217e+07 3.41217e+07
1136 3.36117e+07 3.36117e+07 3.36117e+07 3.36117e+07
1311 3.33602e+07 3.33602e+07 3.33602e+07 3.33602e+07
1316 3.27772e+07 3.27772e+07 3.27772e+07 3.27772e+07
1323 3.23312e+07 3.23312e+07 3.23312e+07 3.23312e+07
1337 3.23226e+07 3.23226e+07 3.23225e+07 3.23225e+07
1362 3.19914e+07 3.19914e+07 3.19914e+07 3.19914e+07
1367 3.14188e+07 3.14188e+07 3.14188e+07 3.14188e+07
1377 3.01794e+07 3.01794e+07 3.01794e+07 3.01794e+07
1491 3.0132e+07 3.0132e+07 3.01319e+07 3.01319e+07
1709 2.99166e+07 2.99166e+07 2.99166e+07 2.99166e+07
1710 2.93872e+07 2.93872e+07 2.93872e+07 2.93872e+07
1731 2.93437e+07 2.93437e+07 2.93437e+07 2.93437e+07
1768 2.9199e+07 2.9199e+07 2.9199e+07 2.9199e+07
1792 2.90144e+07 2.90144e+07 2.90143e+07 2.90143e+07
2050 3.2693e+07 2.90144e+07 3.26929e+07 2.90143e+07
"function evaluation" "current f(x)" "best-so-far f(x)" "current af(x)+b"  "best af(x)+b"
1 5.2569e+09 5.2569e+09 5.2569e+09 5.2569e+09
2 1.35365e+09 1.35365e+09 1.35365e+09 1.35365e+09
3 3.75603e+08 3.75603e+08 3.75603e+08 3.75603e+08
10 2.99993e+08 2.99993e+08 2.99993e+08 2.99993e+08
22 1.80274e+08 1.80274e+08 1.80274e+08 1.80274e+08
104 1.63022e+08 1.63022e+08 1.63021e+08 1.63021e+08
122 8.86894e+07 8.86894e+07 8.86893e+07 8.86893e+07
137 8.59342e+07 8.59342e+07 8.5934e+07 8.5934e+07
292 8.27258e+07 8.27258e+07 8.27257e+07 8.27257e+07
501 7.27721e+07 7.27721e+07 7.2772e+07 7.2772e+07
504 6.89675e+07 6.89675e+07 6.89674e+07 6.89674e+07
512 6.76695e+07 6.76695e+07 6.76693e+07 6.76693e+07
513 6.44744e+07 6.44744e+07 6.44742e+07 6.44742e+07
554 6.02405e+07 6.02405e+07 6.02404e+07 6.02404e+07
573 5.7966e+07 5.7966e+07 5.79659e+07 5.79659e+07
578 5.61177e+07 5.61177e+07 5.61176e+07 5.61176e+07
737 4.80658e+07 4.80658e+07 4.80657e+07 4.80657e+07
753 4.572e+07 4.572e+07 4.57199e+07 4.57199e+07
903 4.37057e+07 4.37057e+07 4.37056e+07 4.37056e+07
905 4.19604e+07 4.19604e+07 4.19603e+07 4.19603e+07
938 3.66556e+07 3.66556e+07 3.66555e+07 3.66555e+07
973 3.56732e+07 3.56732e+07 3.56731e+07 3.56731e+07
979 3.54753e+07 3.54753e+07 3.54752e+07 3.54752e+07
1065 3.34684e+07 3.34684e+07 3.34683e+07 3.34683e+07
1302 3.20055e+07 3.20055e+07 3.20054e+07 3.20054e+07
1311 2.99477e+07 2.99477e+07 2.99476e+07 2.99476e+07
1359 2.96502e+07 2.96502e+07 2.96501e+07 2.96501e+07
1506 2.90358e+07 2.90358e+07 2.90357e+07 2.90357e+07
1702 2.85577e+07 2.85577e+07 2.85576e+07 2.85576e+07
1774 2.84432e+07 2.84432e+07 2.84431e+07 2.84431e+07
1801 2.82543e+07 2.82543e+07 2.82542e+07 2.82542e+07
2050 3.10995e+07 2.82543e+07 3.10994e+07 2.82542e+07
