"function evaluation" "current f(x)" "best-so-far f(x)" "current af(x)+b"  "best af(x)+b"
1 88.0804 88.0804 167.56 167.56
2 43.5618 43.5618 123.042 123.042
5 40.6929 40.6929 120.173 120.173
7 28.3237 28.3237 107.804 107.804
14 25.7968 25.7968 105.277 105.277
15 21.7606 21.7606 101.241 101.241
25 19.7905 19.7905 99.2705 99.2705
30 16.8437 16.8437 96.3237 96.3237
111 12.3015 12.3015 91.7815 91.7815
112 10.4527 10.4527 89.9327 89.9327
136 9.37299 9.37299 88.853 88.853
141 9.02632 9.02632 88.5063 88.5063
213 2.2329 2.2329 81.7129 81.7129
508 1.93891 1.93891 81.4189 81.4189
523 0.543717 0.543717 80.0237 80.0237
850 6.45129 0.543717 85.9313 80.0237
"function evaluation" "current f(x)" "best-so-far f(x)" "current af(x)+b"  "best af(x)+b"
1 84.6091 84.6091 479.089 479.089
2 12.125 12.125 406.605 406.605
35 7.77218 7.77218 402.252 402.252
147 3.07009 3.07009 397.55 397.55
850 30.9282 3.07009 425.408 397.55
"function evaluation" "current f(x)" "best-so-far f(x)" "current af(x)+b"  "best af(x)+b"
1 108.562 108.562 -138.548 -138.548
2 35.9189 35.9189 -211.191 -211.191
24 31.4195 31.4195 -215.69 -215.69
26 18.5997 18.5997 -228.51 -228.51
298 7.20241 7.20241 -239.908 -239.908
377 7.03928 7.03928 -240.071 -240.071
513 5.24976 5.24976 -241.86 -241.86
627 3.6884 3.6884 -243.422 -243.422
850 8.08968 3.6884 -239.02 -243.422
"function evaluation" "current f(x)" "best-so-far f(x)" "current af(x)+b"  "best af(x)+b"
1 72.5598 72.5598 -79.4802 -79.4802
3 34.2722 34.2722 -117.768 -117.768
5 13.3955 13.3955 -138.644 -138.644
180 2.0665 2.0665 -149.973 -149.973
566 1.55045 1.55045 -150.49 -150.49
850 47.3402 1.55045 -104.7 -150.49
"function evaluation" "current f(x)" "best-so-far f(x)" "current af(x)+b"  "best af(x)+b"
1 146.704 146.704 121.454 121.454
2 23.8888 23.8888 -1.36124 -1.36124
27 11.3253 11.3253 -13.9247 -13.9247
447 9.12055 9.12055 -16.1295 -16.1295
850 259.539 9.12055 234.289 -16.1295
"function evaluation" "current f(x)" "best-so-far f(x)" "current af(x)+b"  "best af(x)+b"
1 68.8097 68.8097 -132.91 -132.91
2 53.7554 53.7554 -147.965 -147.965
8 19.5963 19.5963 -182.124 -182.124
12 8.92606 8.92606 -192.794 -192.794
48 2.74865 2.74865 -198.971 -198.971
850 32.8996 2.74865 -168.82 -198.971
"function evaluation" "current f(x)" "best-so-far f(x)" "current af(x)+b"  "best af(x)+b"
1 41.6646 41.6646 -958.335 -958.335
7 41.2728 41.2728 -958.727 -958.727
8 36.6261 36.6261 -963.374 -963.374
13 24.428 24.428 -975.572 -975.572
21 22.9066 22.9066 -977.093 -977.093
35 10.7378 10.7378 -989.262 -989.262
49 10.4481 10.4481 -989.552 -989.552
123 7.91984 7.91984 -992.08 -992.08
136 7.74871 7.74871 -992.251 -992.251
192 4.56369 4.56369 -995.436 -995.436
367 3.33768 3.33768 -996.662 -996.662
532 1.80404 1.80404 -998.196 -998.196
578 1.68952 1.68952 -998.31 -998.31
789 1.62724 1.62724 -998.373 -998.373
807 1.09013 1.09013 -998.91 -998.91
850 10.0129 1.09013 -989.987 -998.91
"function evaluation" "current f(x)" "best-so-far f(x)" "current af(x)+b"  "best af(x)+b"
1 128 128 85.0996 85.0996
2 16.7715 16.7715 -26.1285 -26.1285
4 11.1426 11.1426 -31.7574 -31.7574
333 4.93567 4.93567 -37.9643 -37.9643
530 4.58097 4.58097 -38.319 -38.319
649 0.93126 0.93126 -41.9687 -41.9687
850 33.3114 0.93126 -9.58859 -41.9687
"function evaluation" "current f(x)" "best-so-far f(x)" "current af(x)+b"  "best af(x)+b"
1 75.2668 75.2668 -26.0532 -26.0532
2 68.0977 68.0977 -33.2223 -33.2223
4 10.3581 10.3581 -90.9619 -90.9619
22 6.87743 6.87743 -94.4426 -94.4426
37 2.43103 2.43103 -98.889 -98.889
850 89.3698 2.43103 -11.9502 -98.889
"function evaluation" "current f(x)" "best-so-far f(x)" "current af(x)+b"  "best af(x)+b"
1 61.4485 61.4485 65.0985 65.0985
4 55.0176 55.0176 58.6676 58.6676
5 31.6228 31.6228 35.2728 35.2728
18 5.45416 5.45416 9.10416 9.10416
187 2.16302 2.16302 5.81302 5.81302
647 0.968848 0.968848 4.61885 4.61885
850 16.1297 0.968848 19.7797 4.61885
"function evaluation" "current f(x)" "best-so-far f(x)" "current af(x)+b"  "best af(x)+b"
1 93.8038 93.8038 314.334 314.334
2 49.7525 49.7525 270.283 270.283
5 42.7916 42.7916 263.322 263.322
13 30.7039 30.7039 251.234 251.234
30 26.1372 26.1372 246.667 246.667
41 22.2628 22.2628 242.793 242.793
107 17.6886 17.6886 238.219 238.219
179 10.476 10.476 231.006 231.006
336 6.41387 6.41387 226.944 226.944
513 5.22658 5.22658 225.757 225.757
561 5.02218 5.02218 225.552 225.552
740 3.99689 3.99689 224.527 224.527
784 3.57446 3.57446 224.104 224.104
850 689.904 3.57446 910.434 224.104
"function evaluation" "current f(x)" "best-so-far f(x)" "current af(x)+b"  "best af(x)+b"
1 91.2241 91.2241 512.514 512.514
2 82.0749 82.0749 503.365 503.365
3 75.8735 75.8735 497.164 497.164
4 64.5749 64.5749 485.865 485.865
6 49.898 49.898 471.188 471.188
11 7.46568 7.46568 428.756 428.756
560 5.3026 5.3026 426.593 426.593
700 4.38765 4.38765 425.678 425.678
850 21.3797 4.38765 442.67 425.678
"function evaluation" "current f(x)" "best-so-far f(x)" "current af(x)+b"  "best af(x)+b"
1 102.481 102.481 23.4805 23.4805
2 102.05 102.05 23.0501 23.0501
3 93.5795 93.5795 14.5795 14.5795
4 39.168 39.168 -39.832 -39.832
7 20.7782 20.7782 -58.2218 -58.2218
14 10.8891 10.8891 -68.1109 -68.1109
29 4.87208 4.87208 -74.1279 -74.1279
212 3.88693 3.88693 -75.1131 -75.1131
277 2.28523 2.28523 -76.7148 -76.7148
677 0.475158 0.475158 -78.5248 -78.5248
850 7.43008 0.475158 -71.5699 -78.5248
"function evaluation" "current f(x)" "best-so-far f(x)" "current af(x)+b"  "best af(x)+b"
1 24.8298 24.8298 -16.5002 -16.5002
5 16.2607 16.2607 -25.0693 -25.0693
31 6.86095 6.86095 -34.469 -34.469
133 2.07556 2.07556 -39.2544 -39.2544
850 93.4915 2.07556 52.1615 -39.2544
"function evaluation" "current f(x)" "best-so-far f(x)" "current af(x)+b"  "best af(x)+b"
1 73.3386 73.3386 286.089 286.089
2 37.3916 37.3916 250.142 250.142
9 28.5244 28.5244 241.274 241.274
11 26.8893 26.8893 239.639 239.639
15 26.2906 26.2906 239.041 239.041
22 12.499 12.499 225.249 225.249
126 8.81007 8.81007 221.56 221.56
507 7.88046 7.88046 220.63 220.63
508 6.51097 6.51097 219.261 219.261
589 5.65396 5.65396 218.404 218.404
655 5.10688 5.10688 217.857 217.857
666 4.88683 4.88683 217.637 217.637
850 18.8031 4.88683 231.553 217.637
"function evaluation" "current f(x)" "best-so-far f(x)" "current af(x)+b"  "best af(x)+b"
1 41.6553 41.6553 48.1353 48.1353
2 21.6751 21.6751 28.1551 28.1551
5 18.5157 18.5157 24.9957 24.9957
15 14.6014 14.6014 21.0814 21.0814
48 13.6008 13.6008 20.0808 20.0808
49 11.2415 11.2415 17.7215 17.7215
125 5.79295 5.79295 12.2729 12.2729
352 2.01984 2.01984 8.49984 8.49984
712 2.00367 2.00367 8.48367 8.48367
785 1.09454 1.09454 7.57454 7.57454
850 157.518 1.09454 163.998 7.57454
"function evaluation" "current f(x)" "best-so-far f(x)" "current af(x)+b"  "best af(x)+b"
1 43.3046 43.3046 -256.205 -256.205
3 25.3761 25.3761 -274.134 -274.134
10 20.694 20.694 -278.816 -278.816
17 10.7098 10.7098 -288.8 -288.8
47 2.45437 2.45437 -297.056 -297.056
850 227.576 2.45437 -71.9345 -297.056
"function evaluation" "current f(x)" "best-so-far f(x)" "current af(x)+b"  "best af(x)+b"
1 86.0515 86.0515 251.351 251.351
2 11.0704 11.0704 176.37 176.37
120 10.2711 10.2711 175.571 175.571
510 5.19346 5.19346 170.493 170.493
540 4.11211 4.11211 169.412 169.412
559 3.03541 3.03541 168.335 168.335
774 1.40583 1.40583 166.706 166.706
850 18.2493 1.40583 183.549 166.706
"function evaluation" "current f(x)" "best-so-far f(x)" "current af(x)+b"  "best af(x)+b"
1 58.4546 58.4546 -115.255 -115.255
2 16.3107 16.3107 -157.399 -157.399
12 11.8332 11.8332 -161.877 -161.877
37 10.085 10.085 -163.625 -163.625
103 3.05782 3.05782 -170.652 -170.652
530 0.639357 0.639357 -173.071 -173.071
565 0.604729 0.604729 -173.105 -173.105
850 6.79079 0.604729 -166.919 -173.105
"function evaluation" "current f(x)" "best-so-far f(x)" "current af(x)+b"  "best af(x)+b"
1 48.6023 48.6023 105.542 105.542
24 46.6376 46.6376 103.578 103.578
33 34.7397 34.7397 91.6797 91.6797
44 11.6112 11.6112 68.5512 68.5512
164 8.65534 8.65534 65.5953 65.5953
318 8.18787 8.18787 65.1279 65.1279
537 4.88047 4.88047 61.8205 61.8205
621 3.00014 3.00014 59.9401 59.9401
850 4.79497 3.00014 61.735 59.9401
"function evaluation" "current f(x)" "best-so-far f(x)" "current af(x)+b"  "best af(x)+b"
1 24.4355 24.4355 -109.204 -109.204
24 21.4357 21.4357 -112.204 -112.204
28 16.469 16.469 -117.171 -117.171
29 11.3638 11.3638 -122.276 -122.276
192 10.32 10.32 -123.32 -123.32
309 4.59939 4.59939 -129.041 -129.041
528 4.10167 4.10167 -129.538 -129.538
554 3.27135 3.27135 -130.369 -130.369
697 2.53809 2.53809 -131.102 -131.102
700 2.19874 2.19874 -131.441 -131.441
826 2.10929 2.10929 -131.531 -131.531
850 41.9954 2.10929 -91.6446 -131.531
"function evaluation" "current f(x)" "best-so-far f(x)" "current af(x)+b"  "best af(x)+b"
1 94.7004 94.7004 88.9204 88.9204
2 27.8054 27.8054 22.0254 22.0254
17 25.3926 25.3926 19.6126 19.6126
28 16.488 16.488 10.708 10.708
33 6.95704 6.95704 1.17704 1.17704
594 3.89685 3.89685 -1.88315 -1.88315
629 3.40986 3.40986 -2.37014 -2.37014
718 2.85503 2.85503 -2.92497 -2.92497
850 26.731 2.85503 20.951 -2.92497
"function evaluation" "current f(x)" "best-so-far f(x)" "current af(x)+b"  "best af(x)+b"
1 62.4993 62.4993 112.459 112.459
2 20.3264 20.3264 70.2864 70.2864
40 12.7048 12.7048 62.6648 62.6648
115 8.41017 8.41017 58.3702 58.3702
149 7.44248 7.44248 57.4025 57.4025
329 4.62257 4.62257 54.5826 54.5826
512 3.41401 3.41401 53.374 53.374
565 2.17856 2.17856 52.1386 52.1386
627 1.4393 1.4393 51.3993 51.3993
802 0.291181 0.291181 50.2512 50.2512
850 48.845 0.291181 98.805 50.2512
"function evaluation" "current f(x)" "best-so-far f(x)" "current af(x)+b"  "best af(x)+b"
1 9.55324 9.55324 -117.117 -117.117
105 8.98535 8.98535 -117.685 -117.685
142 8.84895 8.84895 -117.821 -117.821
166 7.82646 7.82646 -118.844 -118.844
173 7.528 7.528 -119.142 -119.142
241 7.51062 7.51062 -119.159 -119.159
295 5.67975 5.67975 -120.99 -120.99
403 2.72112 2.72112 -123.949 -123.949
505 2.64494 2.64494 -124.025 -124.025
609 1.50421 1.50421 -125.166 -125.166
850 17.0239 1.50421 -109.646 -125.166
"function evaluation" "current f(x)" "best-so-far f(x)" "current af(x)+b"  "best af(x)+b"
1 55.0529 55.0529 129.323 129.323
3 29.1922 29.1922 103.462 103.462
6 22.962 22.962 97.232 97.232
8 21.9201 21.9201 96.1901 96.1901
31 20.5213 20.5213 94.7913 94.7913
35 17.7891 17.7891 92.0591 92.0591
117 9.76069 9.76069 84.0307 84.0307
121 5.91606 5.91606 80.1861 80.1861
132 4.42507 4.42507 78.6951 78.6951
135 1.23181 1.23181 75.5018 75.5018
540 1.14098 1.14098 75.411 75.411
850 17.024 1.14098 91.294 75.411
