"function evaluation" "current f(x)" "best-so-far f(x)" "current af(x)+b"  "best af(x)+b"
1 71.4148 71.4148 142.765 142.765
7 58.6958 58.6958 130.046 130.046
13 41.8523 41.8523 113.202 113.202
38 41.1983 41.1983 112.548 112.548
328 39.4184 39.4184 110.768 110.768
478 32.3712 32.3712 103.721 103.721
596 29.096 29.096 100.446 100.446
2150 42.3934 29.096 113.743 100.446
"function evaluation" "current f(x)" "best-so-far f(x)" "current af(x)+b"  "best af(x)+b"
1 84.2367 84.2367 -270.983 -270.983
3 78.1287 78.1287 -277.091 -277.091
5 58.3654 58.3654 -296.855 -296.855
6 56.9647 56.9647 -298.255 -298.255
10 37.043 37.043 -318.177 -318.177
189 35.1287 35.1287 -320.091 -320.091
293 35.1052 35.1052 -320.115 -320.115
491 32.537 32.537 -322.683 -322.683
1058 32.1376 32.1376 -323.082 -323.082
1717 29.385 29.385 -325.835 -325.835
2150 100.56 29.385 -254.66 -325.835
"function evaluation" "current f(x)" "best-so-far f(x)" "current af(x)+b"  "best af(x)+b"
1 68.1985 68.1985 167.368 167.368
3 41.5292 41.5292 140.699 140.699
158 34.1725 34.1725 133.343 133.343
187 34.0077 34.0077 133.178 133.178
360 33.6082 33.6082 132.778 132.778
385 30.8152 30.8152 129.985 129.985
1131 22.6283 22.6283 121.798 121.798
2150 167.899 22.6283 267.069 121.798
"function evaluation" "current f(x)" "best-so-far f(x)" "current af(x)+b"  "best af(x)+b"
1 68.5777 68.5777 -449.332 -449.332
4 57.9411 57.9411 -459.969 -459.969
12 55.1097 55.1097 -462.8 -462.8
13 44.1016 44.1016 -473.808 -473.808
33 43.9048 43.9048 -474.005 -474.005
73 40.7612 40.7612 -477.149 -477.149
84 40.3642 40.3642 -477.546 -477.546
254 32.4672 32.4672 -485.443 -485.443
307 28.1088 28.1088 -489.801 -489.801
2150 78.1088 28.1088 -439.801 -489.801
"function evaluation" "current f(x)" "best-so-far f(x)" "current af(x)+b"  "best af(x)+b"
1 67.949 67.949 10.739 10.739
4 66.7858 66.7858 9.57584 9.57584
12 59.1959 59.1959 1.98592 1.98592
20 40.4304 40.4304 -16.7796 -16.7796
73 35.3166 35.3166 -21.8934 -21.8934
567 35.1919 35.1919 -22.0181 -22.0181
645 30.5858 30.5858 -26.6242 -26.6242
1135 27.212 27.212 -29.998 -29.998
2150 69.3435 27.212 12.1335 -29.998
"function evaluation" "current f(x)" "best-so-far f(x)" "current af(x)+b"  "best af(x)+b"
1 74.4843 74.4843 46.7043 46.7043
2 49.4107 49.4107 21.6307 21.6307
13 43.9203 43.9203 16.1403 16.1403
14 36.7343 36.7343 8.95434 8.95434
186 36.7241 36.7241 8.94414 8.94414
228 30.7778 30.7778 2.99778 2.99778
523 28.6747 28.6747 0.894681 0.894681
2150 112.306 28.6747 84.5263 0.894681
"function evaluation" "current f(x)" "best-so-far f(x)" "current af(x)+b"  "best af(x)+b"
1 93.4651 93.4651 44.7551 44.7551
2 85.3268 85.3268 36.6168 36.6168
3 79.7224 79.7224 31.0124 31.0124
6 56.0175 56.0175 7.30751 7.30751
7 53.0852 53.0852 4.37516 4.37516
8 46.6132 46.6132 -2.09683 -2.09683
72 46.3686 46.3686 -2.34139 -2.34139
103 40.7667 40.7667 -7.94326 -7.94326
131 37.6338 37.6338 -11.0762 -11.0762
475 35.2844 35.2844 -13.4256 -13.4256
477 29.9667 29.9667 -18.7433 -18.7433
630 20.6057 20.6057 -28.1043 -28.1043
2150 84.0635 20.6057 35.3535 -28.1043
"function evaluation" "current f(x)" "best-so-far f(x)" "current af(x)+b"  "best af(x)+b"
1 79.5806 79.5806 -87.2094 -87.2094
3 47.748 47.748 -119.042 -119.042
15 43.3319 43.3319 -123.458 -123.458
42 41.4214 41.4214 -125.369 -125.369
53 35.8928 35.8928 -130.897 -130.897
76 35.7156 35.7156 -131.074 -131.074
128 34.9405 34.9405 -131.849 -131.849
574 34.3839 34.3839 -132.406 -132.406
601 32.6488 32.6488 -134.141 -134.141
731 29.4627 29.4627 -137.327 -137.327
990 26.0197 26.0197 -140.77 -140.77
1065 24.2604 24.2604 -142.53 -142.53
1434 20.6268 20.6268 -146.163 -146.163
2150 90.6761 20.6268 -76.1139 -146.163
"function evaluation" "current f(x)" "best-so-far f(x)" "current af(x)+b"  "best af(x)+b"
1 71.2706 71.2706 1071.27 1071.27
7 51.6193 51.6193 1051.62 1051.62
29 48.447 48.447 1048.45 1048.45
40 43.3035 43.3035 1043.3 1043.3
64 42.7418 42.7418 1042.74 1042.74
130 40.5489 40.5489 1040.55 1040.55
163 33.6001 33.6001 1033.6 1033.6
314 30.9478 30.9478 1030.95 1030.95
565 26.9084 26.9084 1026.91 1026.91
1206 25.9507 25.9507 1025.95 1025.95
2150 75.9566 25.9507 1075.96 1025.95
"function evaluation" "current f(x)" "best-so-far f(x)" "current af(x)+b"  "best af(x)+b"
1 64.817 64.817 46.347 46.347
9 63.664 63.664 45.194 45.194
19 46.1269 46.1269 27.6569 27.6569
29 45.522 45.522 27.052 27.052
83 40.336 40.336 21.866 21.866
159 38.0728 38.0728 19.6028 19.6028
290 33.6788 33.6788 15.2088 15.2088
578 29.9666 29.9666 11.4966 11.4966
704 29.7496 29.7496 11.2796 11.2796
1235 28.2414 28.2414 9.77136 9.77136
2150 67.5152 28.2414 49.0452 9.77136
"function evaluation" "current f(x)" "best-so-far f(x)" "current af(x)+b"  "best af(x)+b"
1 57.0528 57.0528 -2.65722 -2.65722
7 45.6079 45.6079 -14.1021 -14.1021
30 27.0308 27.0308 -32.6792 -32.6792
340 24.9244 24.9244 -34.7856 -34.7856
2150 110.905 24.9244 51.1955 -34.7856
"function evaluation" "current f(x)" "best-so-far f(x)" "current af(x)+b"  "best af(x)+b"
1 114.5 114.5 17.6602 17.6602
3 101.686 101.686 4.84604 4.84604
4 88.0003 88.0003 -8.83971 -8.83971
5 47.7336 47.7336 -49.1064 -49.1064
6 47.3855 47.3855 -49.4545 -49.4545
13 46.3269 46.3269 -50.5131 -50.5131
16 35.4529 35.4529 -61.3871 -61.3871
185 30.8152 30.8152 -66.0248 -66.0248
1251 22.6118 22.6118 -74.2282 -74.2282
2150 62.9946 22.6118 -33.8454 -74.2282
"function evaluation" "current f(x)" "best-so-far f(x)" "current af(x)+b"  "best af(x)+b"
1 52.2021 52.2021 84.2721 84.2721
15 48.7111 48.7111 80.7811 80.7811
31 40.4553 40.4553 72.5253 72.5253
76 36.8391 36.8391 68.9091 68.9091
159 33.3413 33.3413 65.4113 65.4113
688 30.5016 30.5016 62.5716 62.5716
1908 30.0718 30.0718 62.1418 62.1418
2150 95.7523 30.0718 127.822 62.1418
"function evaluation" "current f(x)" "best-so-far f(x)" "current af(x)+b"  "best af(x)+b"
1 94.8709 94.8709 121.111 121.111
2 60.1316 60.1316 86.3716 86.3716
8 56.7379 56.7379 82.9779 82.9779
14 47.3627 47.3627 73.6027 73.6027
30 42.5807 42.5807 68.8207 68.8207
149 39.6147 39.6147 65.8547 65.8547
266 28.4061 28.4061 54.6461 54.6461
552 26.7468 26.7468 52.9868 52.9868
1648 24.7809 24.7809 51.0209 51.0209
2150 110.694 24.7809 136.934 51.0209
"function evaluation" "current f(x)" "best-so-far f(x)" "current af(x)+b"  "best af(x)+b"
1 81.477 81.477 65.377 65.377
2 80.3163 80.3163 64.2163 64.2163
3 75.3406 75.3406 59.2406 59.2406
10 57.856 57.856 41.756 41.756
12 56.6314 56.6314 40.5314 40.5314
28 55.7918 55.7918 39.6918 39.6918
38 53.4381 53.4381 37.3381 37.3381
59 41.5481 41.5481 25.4481 25.4481
97 32.4212 32.4212 16.3212 16.3212
255 28.8652 28.8652 12.7652 12.7652
2150 76.8547 28.8652 60.7547 12.7652
"function evaluation" "current f(x)" "best-so-far f(x)" "current af(x)+b"  "best af(x)+b"
1 46.1231 46.1231 73.4931 73.4931
35 42.7274 42.7274 70.0974 70.0974
59 42.009 42.009 69.379 69.379
73 29.8849 29.8849 57.2549 57.2549
146 29.8655 29.8655 57.2355 57.2355
443 27.6745 27.6745 55.0445 55.0445
1663 25.4982 25.4982 52.8682 52.8682
2150 80.6263 25.4982 107.996 52.8682
"function evaluation" "current f(x)" "best-so-far f(x)" "current af(x)+b"  "best af(x)+b"
1 58.603 58.603 -74.587 -74.587
2 50.3099 50.3099 -82.8801 -82.8801
43 40.2865 40.2865 -92.9035 -92.9035
86 29.674 29.674 -103.516 -103.516
88 27.9384 27.9384 -105.252 -105.252
259 26.1514 26.1514 -107.039 -107.039
2150 77.1645 26.1514 -56.0255 -107.039
"function evaluation" "current f(x)" "best-so-far f(x)" "current af(x)+b"  "best af(x)+b"
1 75.9727 75.9727 86.8927 86.8927
2 73.0088 73.0088 83.9288 83.9288
4 68.4165 68.4165 79.3365 79.3365
6 63.2008 63.2008 74.1208 74.1208
9 57.053 57.053 67.973 67.973
37 48.8314 48.8314 59.7514 59.7514
67 48.7783 48.7783 59.6983 59.6983
86 40.0844 40.0844 51.0044 51.0044
153 34.4875 34.4875 45.4075 45.4075
1079 29.4761 29.4761 40.3961 40.3961
2150 75.6155 29.4761 86.5355 40.3961
"function evaluation" "current f(x)" "best-so-far f(x)" "current af(x)+b"  "best af(x)+b"
1 95.5636 95.5636 0.11358 0.11358
2 62.5469 62.5469 -32.9031 -32.9031
8 60.1689 60.1689 -35.2811 -35.2811
16 53.3905 53.3905 -42.0595 -42.0595
36 50.6789 50.6789 -44.7711 -44.7711
37 48.5397 48.5397 -46.9103 -46.9103
69 41.0229 41.0229 -54.4271 -54.4271
312 40.8225 40.8225 -54.6275 -54.6275
376 35.0894 35.0894 -60.3606 -60.3606
702 32.3826 32.3826 -63.0674 -63.0674
1074 31.7585 31.7585 -63.6915 -63.6915
1176 29.8446 29.8446 -65.6054 -65.6054
1727 28.262 28.262 -67.188 -67.188
2150 43.6861 28.262 -51.7639 -67.188
"function evaluation" "current f(x)" "best-so-far f(x)" "current af(x)+b"  "best af(x)+b"
1 68.3904 68.3904 509.6 509.6
6 53.3885 53.3885 494.599 494.599
8 33.5055 33.5055 474.716 474.716
1099 31.7014 31.7014 472.911 472.911
2150 56.3052 31.7014 497.515 472.911
"function evaluation" "current f(x)" "best-so-far f(x)" "current af(x)+b"  "best af(x)+b"
1 92.9809 92.9809 547.521 547.521
2 78.1195 78.1195 532.659 532.659
3 60.146 60.146 514.686 514.686
14 50.7222 50.7222 505.262 505.262
30 37.8762 37.8762 492.416 492.416
59 32.3859 32.3859 486.926 486.926
1155 29.1644 29.1644 483.704 483.704
1592 27.6578 27.6578 482.198 482.198
2150 76.8547 27.6578 531.395 482.198
"function evaluation" "current f(x)" "best-so-far f(x)" "current af(x)+b"  "best af(x)+b"
1 88.5013 88.5013 -748.739 -748.739
2 80.437 80.437 -756.803 -756.803
5 60.0068 60.0068 -777.233 -777.233
9 57.012 57.012 -780.228 -780.228
10 55.9231 55.9231 -781.317 -781.317
11 52.6034 52.6034 -784.637 -784.637
18 44.4887 44.4887 -792.751 -792.751
22 31.1837 31.1837 -806.056 -806.056
262 29.7174 29.7174 -807.523 -807.523
2150 86.0557 29.7174 -751.184 -807.523
"function evaluation" "current f(x)" "best-so-far f(x)" "current af(x)+b"  "best af(x)+b"
1 96.2995 96.2995 472.42 472.42
2 84.4212 84.4212 460.541 460.541
4 72.5517 72.5517 448.672 448.672
8 47.3485 47.3485 423.469 423.469
18 40.924 40.924 417.044 417.044
107 36.4586 36.4586 412.579 412.579
682 36.3116 36.3116 412.432 412.432
685 32.2544 32.2544 408.374 408.374
754 31.3737 31.3737 407.494 407.494
763 31.0711 31.0711 407.191 407.191
764 27.9091 27.9091 404.029 404.029
1194 17.0821 17.0821 393.202 393.202
1365 16.7039 16.7039 392.824 392.824
2150 52.8582 16.7039 428.978 392.824
"function evaluation" "current f(x)" "best-so-far f(x)" "current af(x)+b"  "best af(x)+b"
1 100.929 100.929 24.5786 24.5786
2 76.2997 76.2997 -0.0502736 -0.0502736
3 56.9098 56.9098 -19.4402 -19.4402
16 50.436 50.436 -25.914 -25.914
26 32.3413 32.3413 -44.0087 -44.0087
827 31.5823 31.5823 -44.7677 -44.7677
1208 31.4527 31.4527 -44.8973 -44.8973
2150 66.8393 31.4527 -9.5107 -44.8973
"function evaluation" "current f(x)" "best-so-far f(x)" "current af(x)+b"  "best af(x)+b"
1 118.238 118.238 -655.492 -655.492
2 106.552 106.552 -667.178 -667.178
3 40.1279 40.1279 -733.602 -733.602
104 38.1845 38.1845 -735.546 -735.546
234 36.8388 36.8388 -736.891 -736.891
441 36.7328 36.7328 -736.997 -736.997
727 36.6327 36.6327 -737.097 -737.097
787 35.0832 35.0832 -738.647 -738.647
853 29.1299 29.1299 -744.6 -744.6
879 27.9714 27.9714 -745.759 -745.759
1273 24.6919 24.6919 -749.038 -749.038
2150 50.4314 24.6919 -723.299 -749.038
