"function evaluation" "current f(x)" "best-so-far f(x)" "current af(x)+b"  "best af(x)+b"
1 68.4551 68.4551 -931.545 -931.545
18 60.8425 60.8425 -939.158 -939.158
27 54.6842 54.6842 -945.316 -945.316
40 26.2634 26.2634 -973.737 -973.737
132 12.1551 12.1551 -987.845 -987.845
154 11.1461 11.1461 -988.854 -988.854
183 7.32574 7.32574 -992.674 -992.674
299 3.471 3.471 -996.529 -996.529
715 2.17271 2.17271 -997.827 -997.827
850 68.8886 2.17271 -931.111 -997.827
"function evaluation" "current f(x)" "best-so-far f(x)" "current af(x)+b"  "best af(x)+b"
1 30.5624 30.5624 1030.56 1030.56
3 11.2693 11.2693 1011.27 1011.27
169 9.99544 9.99544 1010 1010
773 9.96187 9.96187 1009.96 1009.96
850 82.5017 9.96187 1082.5 1009.96
"function evaluation" "current f(x)" "best-so-far f(x)" "current af(x)+b"  "best af(x)+b"
1 73.9032 73.9032 24.7732 24.7732
4 42.7925 42.7925 -6.33748 -6.33748
11 36.8695 36.8695 -12.2605 -12.2605
111 29.8734 29.8734 -19.2566 -19.2566
117 26.8366 26.8366 -22.2934 -22.2934
146 25.3447 25.3447 -23.7853 -23.7853
180 17.2035 17.2035 -31.9265 -31.9265
245 11.4319 11.4319 -37.6981 -37.6981
394 9.7335 9.7335 -39.3965 -39.3965
715 2.44323 2.44323 -46.6868 -46.6868
850 79.3343 2.44323 30.2043 -46.6868
"function evaluation" "current f(x)" "best-so-far f(x)" "current af(x)+b"  "best af(x)+b"
1 70.35 70.35 368.08 368.08
3 57.9634 57.9634 355.693 355.693
24 53.8322 53.8322 351.562 351.562
34 34.5533 34.5533 332.283 332.283
35 22.7242 22.7242 320.454 320.454
120 11.4842 11.4842 309.214 309.214
136 10.4623 10.4623 308.192 308.192
651 7.56482 7.56482 305.295 305.295
850 24.7919 7.56482 322.522 305.295
"function evaluation" "current f(x)" "best-so-far f(x)" "current af(x)+b"  "best af(x)+b"
1 53.8194 53.8194 105.389 105.389
3 14.5965 14.5965 66.1665 66.1665
363 2.56702 2.56702 54.137 54.137
850 72.2025 2.56702 123.773 54.137
"function evaluation" "current f(x)" "best-so-far f(x)" "current af(x)+b"  "best af(x)+b"
1 75.2088 75.2088 114.639 114.639
2 68.682 68.682 108.112 108.112
4 15.9754 15.9754 55.4054 55.4054
105 15.4731 15.4731 54.9031 54.9031
299 11.8931 11.8931 51.3231 51.3231
725 9.57937 9.57937 49.0094 49.0094
738 8.83268 8.83268 48.2627 48.2627
850 81.4392 8.83268 120.869 48.2627
"function evaluation" "current f(x)" "best-so-far f(x)" "current af(x)+b"  "best af(x)+b"
1 67.1601 67.1601 199.45 199.45
7 66.6062 66.6062 198.896 198.896
25 61.9685 61.9685 194.258 194.258
29 59.2468 59.2468 191.537 191.537
32 38.5647 38.5647 170.855 170.855
46 10.8513 10.8513 143.141 143.141
676 9.68651 9.68651 141.977 141.977
850 69.7164 9.68651 202.006 141.977
"function evaluation" "current f(x)" "best-so-far f(x)" "current af(x)+b"  "best af(x)+b"
1 81.1147 81.1147 32.4047 32.4047
2 79.0846 79.0846 30.3746 30.3746
4 78.0123 78.0123 29.3023 29.3023
6 69.2223 69.2223 20.5123 20.5123
15 62.1102 62.1102 13.4002 13.4002
34 50.546 50.546 1.83603 1.83603
37 46.5585 46.5585 -2.15152 -2.15152
41 44.5068 44.5068 -4.20318 -4.20318
313 24.7644 24.7644 -23.9456 -23.9456
573 13.7706 13.7706 -34.9394 -34.9394
850 84.0915 13.7706 35.3815 -34.9394
"function evaluation" "current f(x)" "best-so-far f(x)" "current af(x)+b"  "best af(x)+b"
1 75.5085 75.5085 47.1785 47.1785
6 72.0746 72.0746 43.7446 43.7446
7 58.6932 58.6932 30.3632 30.3632
13 22.4727 22.4727 -5.85735 -5.85735
14 13.7143 13.7143 -14.6157 -14.6157
109 10.8898 10.8898 -17.4402 -17.4402
128 7.37514 7.37514 -20.9549 -20.9549
306 5.93635 5.93635 -22.3937 -22.3937
418 3.17572 3.17572 -25.1543 -25.1543
850 77.8986 3.17572 49.5686 -25.1543
"function evaluation" "current f(x)" "best-so-far f(x)" "current af(x)+b"  "best af(x)+b"
1 72.9934 72.9934 -78.6166 -78.6166
2 61.0428 61.0428 -90.5672 -90.5672
29 53.5583 53.5583 -98.0517 -98.0517
45 41.0455 41.0455 -110.564 -110.564
101 16.6878 16.6878 -134.922 -134.922
193 13.3947 13.3947 -138.215 -138.215
794 13.28 13.28 -138.33 -138.33
850 69.5935 13.28 -82.0165 -138.33
"function evaluation" "current f(x)" "best-so-far f(x)" "current af(x)+b"  "best af(x)+b"
1 76.5991 76.5991 -30.3909 -30.3909
2 63.5894 63.5894 -43.4006 -43.4006
21 46.9325 46.9325 -60.0575 -60.0575
26 45.3118 45.3118 -61.6782 -61.6782
109 44.6588 44.6588 -62.3312 -62.3312
143 40.1925 40.1925 -66.7975 -66.7975
158 29.2228 29.2228 -77.7672 -77.7672
160 20.9634 20.9634 -86.0266 -86.0266
352 19.6828 19.6828 -87.3072 -87.3072
408 11.2494 11.2494 -95.7406 -95.7406
443 3.27937 3.27937 -103.711 -103.711
850 68.2645 3.27937 -38.7255 -103.711
"function evaluation" "current f(x)" "best-so-far f(x)" "current af(x)+b"  "best af(x)+b"
1 41.8026 41.8026 141.833 141.833
10 18.9658 18.9658 118.996 118.996
48 13.1447 13.1447 113.175 113.175
208 9.42127 9.42127 109.451 109.451
292 8.65849 8.65849 108.688 108.688
318 2.2692 2.2692 102.299 102.299
850 125.565 2.2692 225.595 102.299
"function evaluation" "current f(x)" "best-so-far f(x)" "current af(x)+b"  "best af(x)+b"
1 74.6424 74.6424 -204.248 -204.248
5 62.4006 62.4006 -216.489 -216.489
21 57.2685 57.2685 -221.621 -221.621
34 48.0259 48.0259 -230.864 -230.864
38 38.7256 38.7256 -240.164 -240.164
47 24.5622 24.5622 -254.328 -254.328
101 13.5397 13.5397 -265.35 -265.35
594 10.0683 10.0683 -268.822 -268.822
656 9.51344 9.51344 -269.377 -269.377
850 80.381 9.51344 -198.509 -269.377
"function evaluation" "current f(x)" "best-so-far f(x)" "current af(x)+b"  "best af(x)+b"
1 83.6179 83.6179 597.838 597.838
2 77.8285 77.8285 592.049 592.049
6 76.8103 76.8103 591.03 591.03
7 66.6216 66.6216 580.842 580.842
9 66.5684 66.5684 580.788 580.788
10 43.6971 43.6971 557.917 557.917
17 38.7684 38.7684 552.988 552.988
19 10.1004 10.1004 524.32 524.32
206 8.77931 8.77931 522.999 522.999
544 6.80941 6.80941 521.029 521.029
850 82.7777 6.80941 596.998 521.029
"function evaluation" "current f(x)" "best-so-far f(x)" "current af(x)+b"  "best af(x)+b"
1 74.638 74.638 684.518 684.518
4 42.4754 42.4754 652.355 652.355
9 21.9639 21.9639 631.844 631.844
224 5.05326 5.05326 614.933 614.933
511 0.544031 0.544031 610.424 610.424
850 246.053 0.544031 855.933 610.424
"function evaluation" "current f(x)" "best-so-far f(x)" "current af(x)+b"  "best af(x)+b"
1 80.0636 80.0636 202.524 202.524
2 76.1418 76.1418 198.602 198.602
5 75.115 75.115 197.575 197.575
8 65.779 65.779 188.239 188.239
13 63.3257 63.3257 185.786 185.786
17 43.8948 43.8948 166.355 166.355
34 24.6507 24.6507 147.111 147.111
115 12.9613 12.9613 135.421 135.421
525 8.88579 8.88579 131.346 131.346
584 8.58509 8.58509 131.045 131.045
850 79.4405 8.58509 201.901 131.045
"function evaluation" "current f(x)" "best-so-far f(x)" "current af(x)+b"  "best af(x)+b"
1 83.9182 83.9182 70.9682 70.9682
2 60.2086 60.2086 47.2586 47.2586
12 58.0004 58.0004 45.0504 45.0504
24 15.7153 15.7153 2.76533 2.76533
141 9.60234 9.60234 -3.34766 -3.34766
441 8.92321 8.92321 -4.02679 -4.02679
837 8.83057 8.83057 -4.11943 -4.11943
850 63.5684 8.83057 50.6184 -4.11943
"function evaluation" "current f(x)" "best-so-far f(x)" "current af(x)+b"  "best af(x)+b"
1 69.5872 69.5872 2.31722 2.31722
2 67.2632 67.2632 -0.00676533 -0.00676533
3 66.5668 66.5668 -0.703216 -0.703216
7 43.4839 43.4839 -23.7861 -23.7861
32 38.3392 38.3392 -28.9308 -28.9308
38 23.1473 23.1473 -44.1227 -44.1227
270 21.1272 21.1272 -46.1428 -46.1428
445 16.4658 16.4658 -50.8042 -50.8042
793 5.11847 5.11847 -62.1515 -62.1515
850 71.1566 5.11847 3.88657 -62.1515
"function evaluation" "current f(x)" "best-so-far f(x)" "current af(x)+b"  "best af(x)+b"
1 70.3742 70.3742 69.5842 69.5842
4 50.3096 50.3096 49.5196 49.5196
15 31.3972 31.3972 30.6072 30.6072
18 27.1395 27.1395 26.3495 26.3495
111 26.1838 26.1838 25.3938 25.3938
186 9.5588 9.5588 8.7688 8.7688
850 82.8772 9.5588 82.0872 8.7688
"function evaluation" "current f(x)" "best-so-far f(x)" "current af(x)+b"  "best af(x)+b"
1 85.7507 85.7507 129.921 129.921
2 75.8969 75.8969 120.067 120.067
3 73.4516 73.4516 117.622 117.622
4 56.3836 56.3836 100.554 100.554
13 43.4898 43.4898 87.6598 87.6598
26 21.1769 21.1769 65.3469 65.3469
130 13.063 13.063 57.233 57.233
192 12.8716 12.8716 57.0416 57.0416
502 7.44799 7.44799 51.618 51.618
850 78.3751 7.44799 122.545 51.618
"function evaluation" "current f(x)" "best-so-far f(x)" "current af(x)+b"  "best af(x)+b"
1 65.1359 65.1359 113.996 113.996
3 27.0726 27.0726 75.9326 75.9326
30 21.0304 21.0304 69.8904 69.8904
117 15.9118 15.9118 64.7718 64.7718
439 6.18713 6.18713 55.0471 55.0471
850 166.68 6.18713 215.54 55.0471
"function evaluation" "current f(x)" "best-so-far f(x)" "current af(x)+b"  "best af(x)+b"
1 85.5675 85.5675 51.1475 51.1475
2 76.5802 76.5802 42.1602 42.1602
3 63.6136 63.6136 29.1936 29.1936
18 46.6666 46.6666 12.2466 12.2466
32 42.1194 42.1194 7.69941 7.69941
37 27.2951 27.2951 -7.12486 -7.12486
108 19.0785 19.0785 -15.3415 -15.3415
224 12.0711 12.0711 -22.3489 -22.3489
292 1.66268 1.66268 -32.7573 -32.7573
850 111.264 1.66268 76.8443 -32.7573
"function evaluation" "current f(x)" "best-so-far f(x)" "current af(x)+b"  "best af(x)+b"
1 86.4088 86.4088 -51.5212 -51.5212
2 81.5181 81.5181 -56.4119 -56.4119
4 74.4358 74.4358 -63.4942 -63.4942
15 54.973 54.973 -82.957 -82.957
18 51.0012 51.0012 -86.9288 -86.9288
26 49.6298 49.6298 -88.3002 -88.3002
31 39.8628 39.8628 -98.0672 -98.0672
276 18.5279 18.5279 -119.402 -119.402
850 72.0879 18.5279 -65.8421 -119.402
"function evaluation" "current f(x)" "best-so-far f(x)" "current af(x)+b"  "best af(x)+b"
1 25.5208 25.5208 1025.52 1025.52
179 22.9419 22.9419 1022.94 1022.94
187 21.9623 21.9623 1021.96 1021.96
520 18.7742 18.7742 1018.77 1018.77
850 79.7715 18.7742 1079.77 1018.77
"function evaluation" "current f(x)" "best-so-far f(x)" "current af(x)+b"  "best af(x)+b"
1 72.8581 72.8581 90.7081 90.7081
2 64.5339 64.5339 82.3839 82.3839
14 54.6429 54.6429 72.4929 72.4929
19 50.8368 50.8368 68.6868 68.6868
35 26.0948 26.0948 43.9448 43.9448
532 20.2798 20.2798 38.1298 38.1298
646 17.1871 17.1871 35.0371 35.0371
850 88.8688 17.1871 106.719 35.0371
