"function evaluation" "current f(x)" "best-so-far f(x)" "current af(x)+b"  "best af(x)+b"
1 4224.78 4224.78 4254.75 4254.75
2 3929.8 3929.8 3959.77 3959.77
3 3358.23 3358.23 3388.2 3388.2
4 2900.71 2900.71 2930.68 2930.68
12 2652.07 2652.07 2682.04 2682.04
14 2544.2 2544.2 2574.17 2574.17
18 2185.65 2185.65 2215.62 2215.62
32 1925.86 1925.86 1955.83 1955.83
57 1840.42 1840.42 1870.39 1870.39
138 1637.65 1637.65 1667.62 1667.62
472 1549.67 1549.67 1579.64 1579.64
504 1491.75 1491.75 1521.72 1521.72
564 1438.74 1438.74 1468.71 1468.71
770 1426.36 1426.36 1456.33 1456.33
931 1414.63 1414.63 1444.6 1444.6
1145 1395.17 1395.17 1425.14 1425.14
1174 1370.01 1370.01 1399.98 1399.98
1513 1367.26 1367.26 1397.23 1397.23
1571 1363.16 1363.16 1393.13 1393.13
1648 1351.55 1351.55 1381.52 1381.52
2081 1349.32 1349.32 1379.29 1379.29
2150 1709.01 1349.32 1738.98 1379.29
"function evaluation" "current f(x)" "best-so-far f(x)" "current af(x)+b"  "best af(x)+b"
1 4046.68 4046.68 3994.97 3994.97
2 2425.41 2425.41 2373.7 2373.7
6 2423.37 2423.37 2371.66 2371.66
26 2318.15 2318.15 2266.44 2266.44
88 2274.47 2274.47 2222.76 2222.76
401 2095.41 2095.41 2043.7 2043.7
402 2026.27 2026.27 1974.56 1974.56
458 2010.21 2010.21 1958.5 1958.5
502 1988.24 1988.24 1936.53 1936.53
753 1985.51 1985.51 1933.8 1933.8
777 1917.14 1917.14 1865.43 1865.43
798 1900.84 1900.84 1849.13 1849.13
924 1887.55 1887.55 1835.84 1835.84
1058 1859.49 1859.49 1807.78 1807.78
1122 1844.82 1844.82 1793.11 1793.11
1239 1840.88 1840.88 1789.17 1789.17
1394 1840.11 1840.11 1788.4 1788.4
1509 1834.97 1834.97 1783.26 1783.26
1747 1830.61 1830.61 1778.9 1778.9
1759 1819.53 1819.53 1767.82 1767.82
2150 3715.13 1819.53 3663.42 1767.82
"function evaluation" "current f(x)" "best-so-far f(x)" "current af(x)+b"  "best af(x)+b"
1 3284.92 3284.92 3004.97 3004.97
2 3162.91 3162.91 2882.96 2882.96
3 2909.39 2909.39 2629.44 2629.44
6 2528.4 2528.4 2248.45 2248.45
16 2348.09 2348.09 2068.14 2068.14
25 2167.32 2167.32 1887.37 1887.37
67 1979.81 1979.81 1699.86 1699.86
93 1763.86 1763.86 1483.91 1483.91
408 1671.01 1671.01 1391.06 1391.06
411 1626.28 1626.28 1346.33 1346.33
415 1519.45 1519.45 1239.5 1239.5
757 1482.69 1482.69 1202.74 1202.74
760 1470.45 1470.45 1190.5 1190.5
774 1447.77 1447.77 1167.82 1167.82
816 1435.07 1435.07 1155.12 1155.12
1083 1432.54 1432.54 1152.59 1152.59
1105 1398.92 1398.92 1118.97 1118.97
1106 1385.6 1385.6 1105.65 1105.65
1365 1372.04 1372.04 1092.09 1092.09
1533 1366.6 1366.6 1086.65 1086.65
1535 1343.49 1343.49 1063.54 1063.54
2150 1524.16 1343.49 1244.21 1063.54
"function evaluation" "current f(x)" "best-so-far f(x)" "current af(x)+b"  "best af(x)+b"
1 2214.01 2214.01 3146 3146
30 2119.86 2119.86 3051.85 3051.85
59 1884.92 1884.92 2816.91 2816.91
85 1833.02 1833.02 2765.01 2765.01
238 1802.34 1802.34 2734.33 2734.33
374 1665.72 1665.72 2597.71 2597.71
415 1644.71 1644.71 2576.7 2576.7
416 1587.3 1587.3 2519.29 2519.29
436 1521.71 1521.71 2453.7 2453.7
532 1441.55 1441.55 2373.54 2373.54
756 1435.38 1435.38 2367.37 2367.37
768 1415.04 1415.04 2347.03 2347.03
783 1349.19 1349.19 2281.18 2281.18
788 1340.88 1340.88 2272.87 2272.87
912 1297.46 1297.46 2229.45 2229.45
973 1255.33 1255.33 2187.32 2187.32
1211 1239.7 1239.7 2171.69 2171.69
1482 1226.24 1226.24 2158.23 2158.23
1685 1218.01 1218.01 2150 2150
1874 1216.29 1216.29 2148.28 2148.28
2150 1299.31 1216.29 2231.3 2148.28
"function evaluation" "current f(x)" "best-so-far f(x)" "current af(x)+b"  "best af(x)+b"
1 3229.7 3229.7 3343.01 3343.01
2 3155.17 3155.17 3268.48 3268.48
3 2641.9 2641.9 2755.21 2755.21
7 2582.65 2582.65 2695.96 2695.96
9 2146.07 2146.07 2259.38 2259.38
12 2071.28 2071.28 2184.59 2184.59
81 1751.4 1751.4 1864.71 1864.71
252 1489.75 1489.75 1603.06 1603.06
514 1460.31 1460.31 1573.62 1573.62
640 1312.07 1312.07 1425.38 1425.38
793 1250.83 1250.83 1364.14 1364.14
824 1203.79 1203.79 1317.1 1317.1
1023 1143.08 1143.08 1256.39 1256.39
2150 1343.92 1143.08 1457.23 1256.39
"function evaluation" "current f(x)" "best-so-far f(x)" "current af(x)+b"  "best af(x)+b"
1 3895.57 3895.57 3595.55 3595.55
2 2909.17 2909.17 2609.15 2609.15
5 2687.63 2687.63 2387.61 2387.61
8 2538.18 2538.18 2238.16 2238.16
16 2391.8 2391.8 2091.78 2091.78
20 2250.55 2250.55 1950.53 1950.53
35 2127.75 2127.75 1827.73 1827.73
81 1980.43 1980.43 1680.41 1680.41
97 1657.18 1657.18 1357.16 1357.16
402 1576.74 1576.74 1276.72 1276.72
425 1532.45 1532.45 1232.43 1232.43
516 1455.77 1455.77 1155.75 1155.75
754 1388.13 1388.13 1088.11 1088.11
771 1379.22 1379.22 1079.2 1079.2
798 1375.73 1375.73 1075.71 1075.71
808 1347.81 1347.81 1047.79 1047.79
847 1321.61 1321.61 1021.59 1021.59
903 1311.85 1311.85 1011.83 1011.83
1023 1289.29 1289.29 989.267 989.267
1282 1262.22 1262.22 962.196 962.196
1828 1256.12 1256.12 956.095 956.095
2150 1344.12 1256.12 1044.1 956.095
"function evaluation" "current f(x)" "best-so-far f(x)" "current af(x)+b"  "best af(x)+b"
1 2374.4 2374.4 2419.11 2419.11
21 2306.64 2306.64 2351.35 2351.35
44 1975.76 1975.76 2020.47 2020.47
53 1827.44 1827.44 1872.15 1872.15
87 1550.59 1550.59 1595.3 1595.3
280 1404.66 1404.66 1449.37 1449.37
537 1295.63 1295.63 1340.34 1340.34
811 1275.8 1275.8 1320.51 1320.51
833 1265.95 1265.95 1310.66 1310.66
853 1259.36 1259.36 1304.07 1304.07
899 1218.41 1218.41 1263.12 1263.12
1238 1212.09 1212.09 1256.8 1256.8
1312 1201.46 1201.46 1246.17 1246.17
1878 1200.56 1200.56 1245.27 1245.27
2079 1199.64 1199.64 1244.35 1244.35
2150 1227.61 1199.64 1272.32 1244.35
"function evaluation" "current f(x)" "best-so-far f(x)" "current af(x)+b"  "best af(x)+b"
1 2750.79 2750.79 1750.79 1750.79
16 2459.36 2459.36 1459.36 1459.36
18 2338.1 2338.1 1338.1 1338.1
38 2126.45 2126.45 1126.45 1126.45
96 2096.31 2096.31 1096.31 1096.31
136 2087.43 2087.43 1087.43 1087.43
151 1764.74 1764.74 764.74 764.74
648 1643.23 1643.23 643.233 643.233
794 1629.63 1629.63 629.63 629.63
887 1591.2 1591.2 591.197 591.197
1312 1570.67 1570.67 570.671 570.671
2150 2412 1570.67 1412 570.671
"function evaluation" "current f(x)" "best-so-far f(x)" "current af(x)+b"  "best af(x)+b"
1 2395.99 2395.99 2700.19 2700.19
42 2381.69 2381.69 2685.89 2685.89
53 2325.71 2325.71 2629.91 2629.91
57 2282.39 2282.39 2586.59 2586.59
67 2023.59 2023.59 2327.79 2327.79
160 1946.83 1946.83 2251.03 2251.03
188 1878.56 1878.56 2182.76 2182.76
218 1784.63 1784.63 2088.83 2088.83
245 1701.78 1701.78 2005.98 2005.98
409 1659.91 1659.91 1964.11 1964.11
474 1651.69 1651.69 1955.89 1955.89
655 1549.1 1549.1 1853.3 1853.3
794 1538.24 1538.24 1842.44 1842.44
832 1521.13 1521.13 1825.33 1825.33
833 1446.53 1446.53 1750.73 1750.73
1188 1403.83 1403.83 1708.03 1708.03
1555 1393 1393 1697.2 1697.2
1653 1374.65 1374.65 1678.85 1678.85
2150 2013.41 1374.65 2317.61 1678.85
"function evaluation" "current f(x)" "best-so-far f(x)" "current af(x)+b"  "best af(x)+b"
1 2741.01 2741.01 2636.34 2636.34
4 2433.68 2433.68 2329.01 2329.01
53 2349.54 2349.54 2244.87 2244.87
57 2232.43 2232.43 2127.76 2127.76
77 2171.49 2171.49 2066.82 2066.82
127 2008.07 2008.07 1903.4 1903.4
130 1774.53 1774.53 1669.86 1669.86
403 1765.48 1765.48 1660.81 1660.81
496 1692.12 1692.12 1587.45 1587.45
619 1599.22 1599.22 1494.55 1494.55
751 1598.58 1598.58 1493.91 1493.91
862 1596.95 1596.95 1492.28 1492.28
880 1555.85 1555.85 1451.18 1451.18
930 1533.82 1533.82 1429.15 1429.15
1038 1514.82 1514.82 1410.15 1410.15
1180 1512.07 1512.07 1407.4 1407.4
1229 1511.2 1511.2 1406.53 1406.53
1460 1510.31 1510.31 1405.64 1405.64
1490 1483.3 1483.3 1378.63 1378.63
1511 1475.63 1475.63 1370.96 1370.96
2150 1519.9 1475.63 1415.23 1370.96
"function evaluation" "current f(x)" "best-so-far f(x)" "current af(x)+b"  "best af(x)+b"
1 3291.22 3291.22 3778.17 3778.17
2 3113.98 3113.98 3600.93 3600.93
15 3108.36 3108.36 3595.31 3595.31
17 2624.1 2624.1 3111.05 3111.05
37 2112.2 2112.2 2599.15 2599.15
52 2052.21 2052.21 2539.16 2539.16
55 1943.28 1943.28 2430.23 2430.23
126 1863.65 1863.65 2350.6 2350.6
262 1768 1768 2254.95 2254.95
413 1766.27 1766.27 2253.22 2253.22
430 1670.26 1670.26 2157.21 2157.21
513 1668.48 1668.48 2155.43 2155.43
523 1639.87 1639.87 2126.82 2126.82
542 1451.06 1451.06 1938.01 1938.01
929 1416.21 1416.21 1903.16 1903.16
1245 1387.08 1387.08 1874.03 1874.03
2150 2746.3 1387.08 3233.25 1874.03
"function evaluation" "current f(x)" "best-so-far f(x)" "current af(x)+b"  "best af(x)+b"
1 3537.02 3537.02 3633.57 3633.57
2 3439.38 3439.38 3535.93 3535.93
5 3216.97 3216.97 3313.52 3313.52
6 3131.01 3131.01 3227.56 3227.56
13 2956.13 2956.13 3052.68 3052.68
15 2523.95 2523.95 2620.5 2620.5
33 2456.44 2456.44 2552.99 2552.99
49 2332.6 2332.6 2429.15 2429.15
51 1982.52 1982.52 2079.07 2079.07
63 1970.04 1970.04 2066.59 2066.59
426 1946.53 1946.53 2043.08 2043.08
457 1700.17 1700.17 1796.72 1796.72
1042 1694.29 1694.29 1790.84 1790.84
1497 1679.92 1679.92 1776.47 1776.47
1656 1673.53 1673.53 1770.08 1770.08
1777 1672.4 1672.4 1768.95 1768.95
2150 1724.31 1672.4 1820.86 1768.95
"function evaluation" "current f(x)" "best-so-far f(x)" "current af(x)+b"  "best af(x)+b"
1 3139.57 3139.57 3145.89 3145.89
2 2521.11 2521.11 2527.43 2527.43
20 2295.5 2295.5 2301.82 2301.82
51 2072.88 2072.88 2079.2 2079.2
77 2036.01 2036.01 2042.33 2042.33
147 1756.93 1756.93 1763.25 1763.25
298 1627.59 1627.59 1633.91 1633.91
424 1365.96 1365.96 1372.28 1372.28
861 1333.61 1333.61 1339.93 1339.93
1276 1304.9 1304.9 1311.22 1311.22
1619 1295.21 1295.21 1301.53 1301.53
2150 1571.08 1295.21 1577.4 1301.53
"function evaluation" "current f(x)" "best-so-far f(x)" "current af(x)+b"  "best af(x)+b"
1 3475.86 3475.86 3348.35 3348.35
2 2836.6 2836.6 2709.09 2709.09
5 2569.21 2569.21 2441.7 2441.7
28 2528.98 2528.98 2401.47 2401.47
47 2523.46 2523.46 2395.95 2395.95
49 2395.45 2395.45 2267.94 2267.94
53 2329.16 2329.16 2201.65 2201.65
62 2167.97 2167.97 2040.46 2040.46
68 2114.73 2114.73 1987.22 1987.22
69 2057.68 2057.68 1930.17 1930.17
71 1974.23 1974.23 1846.72 1846.72
99 1829.77 1829.77 1702.26 1702.26
250 1579.16 1579.16 1451.65 1451.65
312 1553.94 1553.94 1426.43 1426.43
484 1538.57 1538.57 1411.06 1411.06
654 1403.47 1403.47 1275.96 1275.96
713 1386.26 1386.26 1258.75 1258.75
778 1334.78 1334.78 1207.27 1207.27
836 1293.99 1293.99 1166.48 1166.48
1056 1283.39 1283.39 1155.88 1155.88
1787 1271.72 1271.72 1144.21 1144.21
2150 2123.47 1271.72 1995.96 1144.21
"function evaluation" "current f(x)" "best-so-far f(x)" "current af(x)+b"  "best af(x)+b"
1 3304.57 3304.57 4137.37 4137.37
2 3002.95 3002.95 3835.75 3835.75
3 2949.46 2949.46 3782.26 3782.26
15 2469.9 2469.9 3302.7 3302.7
17 2337.79 2337.79 3170.59 3170.59
40 2088 2088 2920.8 2920.8
61 1931.72 1931.72 2764.52 2764.52
86 1464.12 1464.12 2296.92 2296.92
708 1414.08 1414.08 2246.88 2246.88
821 1391.77 1391.77 2224.57 2224.57
1000 1368.31 1368.31 2201.11 2201.11
1315 1358.77 1358.77 2191.57 2191.57
1453 1350 1350 2182.8 2182.8
1645 1345.5 1345.5 2178.3 2178.3
2131 1345.4 1345.4 2178.2 2178.2
2150 1463.99 1345.4 2296.79 2178.2
"function evaluation" "current f(x)" "best-so-far f(x)" "current af(x)+b"  "best af(x)+b"
1 3366.7 3366.7 3835.15 3835.15
2 2489.55 2489.55 2958 2958
4 2403.68 2403.68 2872.13 2872.13
10 2282.37 2282.37 2750.82 2750.82
14 2259.68 2259.68 2728.13 2728.13
22 2106.99 2106.99 2575.44 2575.44
54 1786.8 1786.8 2255.25 2255.25
58 1529.04 1529.04 1997.49 1997.49
350 1352.62 1352.62 1821.07 1821.07
405 1291.24 1291.24 1759.69 1759.69
444 1246.36 1246.36 1714.81 1714.81
573 1122.39 1122.39 1590.84 1590.84
701 1009.25 1009.25 1477.7 1477.7
1153 964.43 964.43 1432.88 1432.88
1464 961.203 961.203 1429.65 1429.65
1563 958.2 958.2 1426.65 1426.65
1569 956.502 956.502 1424.95 1424.95
1595 949.357 949.357 1417.81 1417.81
1699 937.063 937.063 1405.51 1405.51
2150 2820.1 937.063 3288.55 1405.51
"function evaluation" "current f(x)" "best-so-far f(x)" "current af(x)+b"  "best af(x)+b"
1 2596.01 2596.01 2237.93 2237.93
3 2538.21 2538.21 2180.13 2180.13
4 2377.95 2377.95 2019.87 2019.87
9 2241.89 2241.89 1883.81 1883.81
10 2229.17 2229.17 1871.09 1871.09
57 2026.53 2026.53 1668.45 1668.45
71 1551.61 1551.61 1193.53 1193.53
393 1467.94 1467.94 1109.86 1109.86
401 1451.46 1451.46 1093.38 1093.38
403 1335.02 1335.02 976.941 976.941
424 1208.64 1208.64 850.563 850.563
660 1173.09 1173.09 815.014 815.014
808 1166.06 1166.06 807.984 807.984
879 1072.42 1072.42 714.337 714.337
883 1021.32 1021.32 663.244 663.244
984 991.829 991.829 633.749 633.749
1418 935.844 935.844 577.764 577.764
2150 3123.86 935.844 2765.78 577.764
"function evaluation" "current f(x)" "best-so-far f(x)" "current af(x)+b"  "best af(x)+b"
1 3563.3 3563.3 3631.72 3631.72
2 3000.59 3000.59 3069.01 3069.01
3 2561.03 2561.03 2629.45 2629.45
20 2363.94 2363.94 2432.36 2432.36
28 2341.49 2341.49 2409.91 2409.91
39 2264.46 2264.46 2332.88 2332.88
48 2239.96 2239.96 2308.38 2308.38
51 1905.76 1905.76 1974.18 1974.18
178 1637.43 1637.43 1705.85 1705.85
276 1602.37 1602.37 1670.79 1670.79
339 1584.25 1584.25 1652.67 1652.67
401 1492.14 1492.14 1560.56 1560.56
436 1309.34 1309.34 1377.76 1377.76
494 1212.69 1212.69 1281.11 1281.11
831 1159.03 1159.03 1227.45 1227.45
910 1124.4 1124.4 1192.82 1192.82
944 1012.76 1012.76 1081.18 1081.18
2150 1062.34 1012.76 1130.76 1081.18
"function evaluation" "current f(x)" "best-so-far f(x)" "current af(x)+b"  "best af(x)+b"
1 2452.35 2452.35 2490.67 2490.67
2 2390.88 2390.88 2429.2 2429.2
7 2161.29 2161.29 2199.61 2199.61
36 2148.07 2148.07 2186.39 2186.39
53 1685.52 1685.52 1723.84 1723.84
106 1600.83 1600.83 1639.15 1639.15
168 1537.67 1537.67 1575.99 1575.99
230 1513.36 1513.36 1551.68 1551.68
419 1235.91 1235.91 1274.23 1274.23
684 1055.63 1055.63 1093.95 1093.95
1372 1032.45 1032.45 1070.77 1070.77
1940 1029.06 1029.06 1067.38 1067.38
2150 2073.82 1029.06 2112.14 1067.38
"function evaluation" "current f(x)" "best-so-far f(x)" "current af(x)+b"  "best af(x)+b"
1 4134.39 4134.39 5134.39 5134.39
2 3680.36 3680.36 4680.36 4680.36
3 2341.03 2341.03 3341.03 3341.03
146 2244.38 2244.38 3244.38 3244.38
193 2132.89 2132.89 3132.89 3132.89
419 2083.93 2083.93 3083.93 3083.93
486 2039.9 2039.9 3039.9 3039.9
506 2023.38 2023.38 3023.38 3023.38
696 2000.46 2000.46 3000.46 3000.46
784 1978.81 1978.81 2978.81 2978.81
853 1964.57 1964.57 2964.57 2964.57
899 1936.74 1936.74 2936.74 2936.74
960 1902.05 1902.05 2902.05 2902.05
1061 1887.16 1887.16 2887.16 2887.16
1665 1879.3 1879.3 2879.3 2879.3
2150 1977.72 1879.3 2977.72 2879.3
"function evaluation" "current f(x)" "best-so-far f(x)" "current af(x)+b"  "best af(x)+b"
1 3278.81 3278.81 3250.02 3250.02
4 3239.99 3239.99 3211.2 3211.2
6 2826.83 2826.83 2798.04 2798.04
17 1913.27 1913.27 1884.48 1884.48
152 1846.87 1846.87 1818.08 1818.08
412 1759.91 1759.91 1731.12 1731.12
477 1753.78 1753.78 1724.99 1724.99
761 1703.63 1703.63 1674.84 1674.84
768 1671.22 1671.22 1642.43 1642.43
814 1663.23 1663.23 1634.44 1634.44
821 1645.93 1645.93 1617.14 1617.14
849 1642.89 1642.89 1614.1 1614.1
949 1578.78 1578.78 1549.99 1549.99
1415 1542.1 1542.1 1513.31 1513.31
2150 1637.12 1542.1 1608.33 1513.31
"function evaluation" "current f(x)" "best-so-far f(x)" "current af(x)+b"  "best af(x)+b"
1 2829.9 2829.9 2865.78 2865.78
2 2524.92 2524.92 2560.8 2560.8
10 2129.73 2129.73 2165.61 2165.61
39 2036.33 2036.33 2072.21 2072.21
61 1872.14 1872.14 1908.02 1908.02
74 1692.9 1692.9 1728.78 1728.78
372 1504.58 1504.58 1540.46 1540.46
451 1481.17 1481.17 1517.05 1517.05
481 1455.66 1455.66 1491.54 1491.54
555 1346.3 1346.3 1382.18 1382.18
650 1324.32 1324.32 1360.2 1360.2
696 1246.06 1246.06 1281.94 1281.94
810 1133.01 1133.01 1168.89 1168.89
1184 1091.85 1091.85 1127.73 1127.73
1528 1087.71 1087.71 1123.59 1123.59
1696 1068.13 1068.13 1104.01 1104.01
2150 1483.17 1068.13 1519.05 1104.01
"function evaluation" "current f(x)" "best-so-far f(x)" "current af(x)+b"  "best af(x)+b"
1 3394.99 3394.99 3418.91 3418.91
2 2798.69 2798.69 2822.61 2822.61
9 2629.44 2629.44 2653.36 2653.36
10 2351.69 2351.69 2375.61 2375.61
51 2345.08 2345.08 2369 2369
54 1710.53 1710.53 1734.45 1734.45
63 1705.26 1705.26 1729.18 1729.18
408 1662.24 1662.24 1686.16 1686.16
422 1638.45 1638.45 1662.37 1662.37
427 1479.1 1479.1 1503.02 1503.02
459 1416.74 1416.74 1440.66 1440.66
530 1351.78 1351.78 1375.7 1375.7
907 1319.25 1319.25 1343.17 1343.17
1112 1316.39 1316.39 1340.31 1340.31
1119 1312.55 1312.55 1336.47 1336.47
1177 1310.18 1310.18 1334.1 1334.1
1229 1271.8 1271.8 1295.72 1295.72
1665 1268.44 1268.44 1292.36 1292.36
1741 1261.94 1261.94 1285.86 1285.86
1841 1261.83 1261.83 1285.75 1285.75
2150 1554.15 1261.83 1578.07 1285.75
"function evaluation" "current f(x)" "best-so-far f(x)" "current af(x)+b"  "best af(x)+b"
1 2673.15 2673.15 3323.9 3323.9
2 2408.78 2408.78 3059.53 3059.53
14 2241.13 2241.13 2891.88 2891.88
51 2239.02 2239.02 2889.77 2889.77
55 2216.11 2216.11 2866.86 2866.86
56 2184.57 2184.57 2835.32 2835.32
105 2085.2 2085.2 2735.95 2735.95
141 1765.83 1765.83 2416.58 2416.58
405 1643.44 1643.44 2294.19 2294.19
453 1579.29 1579.29 2230.04 2230.04
464 1570.49 1570.49 2221.24 2221.24
575 1546.16 1546.16 2196.91 2196.91
766 1429.11 1429.11 2079.86 2079.86
1225 1427.43 1427.43 2078.18 2078.18
1251 1414.21 1414.21 2064.96 2064.96
1472 1397.81 1397.81 2048.56 2048.56
1605 1395.75 1395.75 2046.5 2046.5
1954 1392.74 1392.74 2043.49 2043.49
2150 1497.34 1392.74 2148.09 2043.49
"function evaluation" "current f(x)" "best-so-far f(x)" "current af(x)+b"  "best af(x)+b"
1 3752.82 3752.82 4133.68 4133.68
2 3528.99 3528.99 3909.85 3909.85
5 3243.43 3243.43 3624.29 3624.29
8 2309.3 2309.3 2690.16 2690.16
12 2279.64 2279.64 2660.5 2660.5
98 1838.25 1838.25 2219.11 2219.11
780 1831.53 1831.53 2212.39 2212.39
790 1791.82 1791.82 2172.68 2172.68
858 1752.1 1752.1 2132.96 2132.96
1127 1686.93 1686.93 2067.79 2067.79
2150 2736.39 1686.93 3117.25 2067.79
