"function evaluation" "current f(x)" "best-so-far f(x)" "current af(x)+b"  "best af(x)+b"
1 154.53 154.53 145.32 145.32
2 112.851 112.851 103.641 103.641
3 105.188 105.188 95.978 95.978
5 78.1967 78.1967 68.9867 68.9867
15 74.7622 74.7622 65.5522 65.5522
24 52.1971 52.1971 42.9871 42.9871
109 -9.68825 -9.68825 -18.8983 -18.8983
450 111.405 -9.68825 102.195 -18.8983
"function evaluation" "current f(x)" "best-so-far f(x)" "current af(x)+b"  "best af(x)+b"
1 117.003 117.003 772.993 772.993
2 101.372 101.372 757.362 757.362
3 96.813 96.813 752.803 752.803
4 40.2429 40.2429 696.233 696.233
11 15.2649 15.2649 671.255 671.255
532 10.4219 10.4219 666.412 666.412
582 -5.47154 -5.47154 650.518 650.518
850 38.838 -5.47154 694.828 650.518
"function evaluation" "current f(x)" "best-so-far f(x)" "current af(x)+b"  "best af(x)+b"
1 133.219 133.219 199.929 199.929
3 114.926 114.926 181.636 181.636
4 47.2005 47.2005 113.91 113.91
14 33.7063 33.7063 100.416 100.416
116 23.3112 23.3112 90.0212 90.0212
213 11.9562 11.9562 78.6662 78.6662
522 -51.3366 -51.3366 15.3734 15.3734
850 35.1246 -51.3366 101.835 15.3734
"function evaluation" "current f(x)" "best-so-far f(x)" "current af(x)+b"  "best af(x)+b"
1 85.978 85.978 1027.65 1027.65
4 82.9668 82.9668 1024.64 1024.64
6 48.7316 48.7316 990.402 990.402
7 32.931 32.931 974.601 974.601
509 -29.5269 -29.5269 912.143 912.143
673 -33.9748 -33.9748 907.695 907.695
850 23.7671 -33.9748 965.437 907.695
"function evaluation" "current f(x)" "best-so-far f(x)" "current af(x)+b"  "best af(x)+b"
1 103.03 103.03 65.5797 65.5797
2 61.2559 61.2559 23.8059 23.8059
12 33.9985 33.9985 -3.45147 -3.45147
216 17.6905 17.6905 -19.7595 -19.7595
535 17.5071 17.5071 -19.9429 -19.9429
557 13.112 13.112 -24.338 -24.338
616 11.1826 11.1826 -26.2674 -26.2674
621 10.2534 10.2534 -27.1966 -27.1966
632 -9.01404 -9.01404 -46.464 -46.464
739 -14.3992 -14.3992 -51.8492 -51.8492
850 47.3815 -14.3992 9.93149 -51.8492
"function evaluation" "current f(x)" "best-so-far f(x)" "current af(x)+b"  "best af(x)+b"
1 57.377 57.377 347.997 347.997
24 54.5637 54.5637 345.184 345.184
28 52.8944 52.8944 343.514 343.514
44 51.5139 51.5139 342.134 342.134
228 49.7802 49.7802 340.4 340.4
287 34.0807 34.0807 324.701 324.701
505 32.1249 32.1249 322.745 322.745
548 17.0504 17.0504 307.67 307.67
575 -13.3651 -13.3651 277.255 277.255
836 -16.1788 -16.1788 274.441 274.441
839 -19.6157 -19.6157 271.004 271.004
850 104.404 -19.6157 395.024 271.004
"function evaluation" "current f(x)" "best-so-far f(x)" "current af(x)+b"  "best af(x)+b"
1 80.6095 80.6095 -20.9205 -20.9205
2 77.3374 77.3374 -24.1926 -24.1926
4 55.9748 55.9748 -45.5552 -45.5552
8 46.9222 46.9222 -54.6078 -54.6078
14 37.5041 37.5041 -64.0259 -64.0259
501 35.5969 35.5969 -65.9331 -65.9331
522 17.8584 17.8584 -83.6716 -83.6716
624 15.4753 15.4753 -86.0547 -86.0547
850 61.625 15.4753 -39.905 -86.0547
"function evaluation" "current f(x)" "best-so-far f(x)" "current af(x)+b"  "best af(x)+b"
1 97.731 97.731 399.701 399.701
3 75.2792 75.2792 377.249 377.249
10 58.1919 58.1919 360.162 360.162
26 46.8123 46.8123 348.782 348.782
33 29.9729 29.9729 331.943 331.943
321 27.8278 27.8278 329.798 329.798
517 8.35773 8.35773 310.328 310.328
542 -1.71492 -1.71492 300.255 300.255
570 -9.76456 -9.76456 292.205 292.205
667 -26.3764 -26.3764 275.594 275.594
850 72.3927 -26.3764 374.363 275.594
"function evaluation" "current f(x)" "best-so-far f(x)" "current af(x)+b"  "best af(x)+b"
1 118.32 118.32 52.7095 52.7095
2 37.2769 37.2769 -28.3331 -28.3331
144 36.8544 36.8544 -28.7556 -28.7556
190 4.05394 4.05394 -61.5561 -61.5561
583 -15.7016 -15.7016 -81.3116 -81.3116
850 43.0038 -15.7016 -22.6062 -81.3116
"function evaluation" "current f(x)" "best-so-far f(x)" "current af(x)+b"  "best af(x)+b"
1 76.0841 76.0841 40.3941 40.3941
14 73.2883 73.2883 37.5983 37.5983
24 69.6209 69.6209 33.9309 33.9309
29 47.0478 47.0478 11.3578 11.3578
105 -12.7646 -12.7646 -48.4546 -48.4546
450 121.811 -12.7646 86.1209 -48.4546
"function evaluation" "current f(x)" "best-so-far f(x)" "current af(x)+b"  "best af(x)+b"
1 79.5465 79.5465 111.287 111.287
3 76.3991 76.3991 108.139 108.139
18 73.7157 73.7157 105.456 105.456
20 69.1453 69.1453 100.885 100.885
26 38.5863 38.5863 70.3263 70.3263
322 38.3995 38.3995 70.1395 70.1395
377 32.3021 32.3021 64.0421 64.0421
394 14.9282 14.9282 46.6682 46.6682
571 14.2885 14.2885 46.0285 46.0285
676 8.07242 8.07242 39.8124 39.8124
683 5.91419 5.91419 37.6542 37.6542
761 2.23941 2.23941 33.9794 33.9794
779 -10.7261 -10.7261 21.0139 21.0139
850 70.735 -10.7261 102.475 21.0139
"function evaluation" "current f(x)" "best-so-far f(x)" "current af(x)+b"  "best af(x)+b"
1 156.452 156.452 990.942 990.942
2 60.16 60.16 894.65 894.65
5 52.3363 52.3363 886.826 886.826
175 41.6798 41.6798 876.17 876.17
504 37.7947 37.7947 872.285 872.285
517 0.512866 0.512866 835.003 835.003
534 -33.9265 -33.9265 800.563 800.563
850 93.3169 -33.9265 927.807 800.563
"function evaluation" "current f(x)" "best-so-far f(x)" "current af(x)+b"  "best af(x)+b"
1 104.721 104.721 146.311 146.311
4 84.5426 84.5426 126.133 126.133
12 72.7929 72.7929 114.383 114.383
13 55.8528 55.8528 97.4428 97.4428
17 29.6767 29.6767 71.2667 71.2667
22 29.5871 29.5871 71.1771 71.1771
110 4.99146 4.99146 46.5815 46.5815
191 2.98937 2.98937 44.5794 44.5794
358 -0.667255 -0.667255 40.9227 40.9227
450 175.407 -0.667255 216.997 40.9227
"function evaluation" "current f(x)" "best-so-far f(x)" "current af(x)+b"  "best af(x)+b"
1 172.552 172.552 272.972 272.972
2 126.092 126.092 226.512 226.512
6 96.6707 96.6707 197.091 197.091
7 40.5639 40.5639 140.984 140.984
524 33.7907 33.7907 134.211 134.211
543 22.8261 22.8261 123.246 123.246
679 -35.6367 -35.6367 64.7833 64.7833
850 48.2092 -35.6367 148.629 64.7833
"function evaluation" "current f(x)" "best-so-far f(x)" "current af(x)+b"  "best af(x)+b"
1 59.6744 59.6744 52.1444 52.1444
27 33.4353 33.4353 25.9053 25.9053
158 33.0622 33.0622 25.5322 25.5322
167 3.20271 3.20271 -4.32729 -4.32729
529 -10.8698 -10.8698 -18.3998 -18.3998
567 -34.8904 -34.8904 -42.4204 -42.4204
662 -41.6896 -41.6896 -49.2196 -49.2196
850 42.2803 -41.6896 34.7503 -49.2196
"function evaluation" "current f(x)" "best-so-far f(x)" "current af(x)+b"  "best af(x)+b"
1 137.287 137.287 1107.78 1107.78
2 80.5305 80.5305 1051.02 1051.02
3 44.4888 44.4888 1014.98 1014.98
21 39.8908 39.8908 1010.38 1010.38
156 36.4234 36.4234 1006.91 1006.91
225 -13.0005 -13.0005 957.49 957.49
450 105.013 -13.0005 1075.5 957.49
"function evaluation" "current f(x)" "best-so-far f(x)" "current af(x)+b"  "best af(x)+b"
1 86.1368 86.1368 1086.14 1086.14
4 75.6495 75.6495 1075.65 1075.65
17 66.5634 66.5634 1066.56 1066.56
21 37.0879 37.0879 1037.09 1037.09
160 30.0799 30.0799 1030.08 1030.08
187 11.3092 11.3092 1011.31 1011.31
439 -14.4735 -14.4735 985.527 985.527
450 104.246 -14.4735 1104.25 985.527
"function evaluation" "current f(x)" "best-so-far f(x)" "current af(x)+b"  "best af(x)+b"
1 191.648 191.648 122.338 122.338
2 109.045 109.045 39.735 39.735
6 95.2443 95.2443 25.9343 25.9343
8 79.3743 79.3743 10.0643 10.0643
14 43.8351 43.8351 -25.4749 -25.4749
17 35.1867 35.1867 -34.1233 -34.1233
252 30.9805 30.9805 -38.3295 -38.3295
502 -4.57436 -4.57436 -73.8844 -73.8844
523 -7.47303 -7.47303 -76.783 -76.783
573 -41.2084 -41.2084 -110.518 -110.518
598 -42.6353 -42.6353 -111.945 -111.945
746 -66.839 -66.839 -136.149 -136.149
850 70.3347 -66.839 1.02471 -136.149
"function evaluation" "current f(x)" "best-so-far f(x)" "current af(x)+b"  "best af(x)+b"
1 98.1254 98.1254 17.6354 17.6354
2 75.0515 75.0515 -5.43854 -5.43854
27 64.9555 64.9555 -15.5345 -15.5345
33 32.055 32.055 -48.435 -48.435
104 15.1889 15.1889 -65.3011 -65.3011
436 11.3986 11.3986 -69.0914 -69.0914
504 -39.3766 -39.3766 -119.867 -119.867
824 -73.6451 -73.6451 -154.135 -154.135
850 50.7649 -73.6451 -29.7251 -154.135
"function evaluation" "current f(x)" "best-so-far f(x)" "current af(x)+b"  "best af(x)+b"
1 126.027 126.027 549.937 549.937
2 49.4206 49.4206 473.331 473.331
3 39.9339 39.9339 463.844 463.844
14 30.9044 30.9044 454.814 454.814
217 25.8835 25.8835 449.793 449.793
407 25.6118 25.6118 449.522 449.522
572 19.2477 19.2477 443.158 443.158
602 9.51129 9.51129 433.421 433.421
716 8.36685 8.36685 432.277 432.277
780 1.1814 1.1814 425.091 425.091
850 34.9217 1.1814 458.832 425.091
"function evaluation" "current f(x)" "best-so-far f(x)" "current af(x)+b"  "best af(x)+b"
1 139.015 139.015 -127.575 -127.575
4 99.1204 99.1204 -167.47 -167.47
6 95.864 95.864 -170.726 -170.726
11 68.6977 68.6977 -197.892 -197.892
15 66.4671 66.4671 -200.123 -200.123
28 51.5704 51.5704 -215.02 -215.02
37 37.6551 37.6551 -228.935 -228.935
102 11.1716 11.1716 -255.418 -255.418
238 -15.6338 -15.6338 -282.224 -282.224
450 105.749 -15.6338 -160.841 -282.224
"function evaluation" "current f(x)" "best-so-far f(x)" "current af(x)+b"  "best af(x)+b"
1 96.1609 96.1609 131.441 131.441
3 74.7089 74.7089 109.989 109.989
5 70.6238 70.6238 105.904 105.904
8 55.0025 55.0025 90.2825 90.2825
28 46.3278 46.3278 81.6078 81.6078
501 44.4725 44.4725 79.7525 79.7525
527 42.9496 42.9496 78.2296 78.2296
531 14.4169 14.4169 49.6969 49.6969
589 6.39858 6.39858 41.6786 41.6786
818 -2.07914 -2.07914 33.2009 33.2009
830 -20.6466 -20.6466 14.6334 14.6334
850 99.5557 -20.6466 134.836 14.6334
"function evaluation" "current f(x)" "best-so-far f(x)" "current af(x)+b"  "best af(x)+b"
1 88.4777 88.4777 -99.7523 -99.7523
2 47.2276 47.2276 -141.002 -141.002
21 44.4273 44.4273 -143.803 -143.803
47 43.9074 43.9074 -144.323 -144.323
111 -3.89789 -3.89789 -192.128 -192.128
450 110.953 -3.89789 -77.2768 -192.128
"function evaluation" "current f(x)" "best-so-far f(x)" "current af(x)+b"  "best af(x)+b"
1 123.465 123.465 281.315 281.315
3 102.148 102.148 259.998 259.998
4 74.4825 74.4825 232.333 232.333
9 73.894 73.894 231.744 231.744
19 65.7075 65.7075 223.557 223.557
23 64.5436 64.5436 222.394 222.394
26 52.806 52.806 210.656 210.656
33 42.0729 42.0729 199.923 199.923
41 26.0335 26.0335 183.883 183.883
213 7.66339 7.66339 165.513 165.513
509 -45.2319 -45.2319 112.618 112.618
850 -9.71821 -45.2319 148.132 112.618
"function evaluation" "current f(x)" "best-so-far f(x)" "current af(x)+b"  "best af(x)+b"
1 98.1804 98.1804 124.78 124.78
3 84.9233 84.9233 111.523 111.523
10 83.8955 83.8955 110.496 110.496
14 72.1545 72.1545 98.7545 98.7545
35 61.5708 61.5708 88.1708 88.1708
44 54.4231 54.4231 81.0231 81.0231
47 39.3904 39.3904 65.9904 65.9904
448 6.11776 6.11776 32.7178 32.7178
535 3.15897 3.15897 29.759 29.759
646 -18.4725 -18.4725 8.12751 8.12751
850 84.1282 -18.4725 110.728 8.12751
