"function evaluation" "current f(x)" "best-so-far f(x)" "current af(x)+b"  "best af(x)+b"
1 4946.93 4946.93 4484.84 4484.84
6 696.077 696.077 233.987 233.987
443 630.263 630.263 168.173 168.173
1076 622.013 622.013 159.923 159.923
1939 618.694 618.694 156.604 156.604
2024 470.652 470.652 8.56233 8.56233
2050 1422.7 470.652 960.611 8.56233
"function evaluation" "current f(x)" "best-so-far f(x)" "current af(x)+b"  "best af(x)+b"
1 3657.58 3657.58 3735.24 3735.24
3 2691.95 2691.95 2769.61 2769.61
7 1811.35 1811.35 1889.01 1889.01
42 1305.88 1305.88 1383.54 1383.54
101 816.6 816.6 894.26 894.26
136 813.903 813.903 891.563 891.563
160 690.065 690.065 767.725 767.725
289 673.512 673.512 751.172 751.172
577 630.618 630.618 708.278 708.278
997 588.088 588.088 665.748 665.748
1043 579.005 579.005 656.665 656.665
1508 503.865 503.865 581.525 581.525
1885 486.217 486.217 563.877 563.877
2050 3661.76 486.217 3739.42 563.877
"function evaluation" "current f(x)" "best-so-far f(x)" "current af(x)+b"  "best af(x)+b"
1 1967.68 1967.68 2083.36 2083.36
7 1786.66 1786.66 1902.34 1902.34
17 1014.54 1014.54 1130.22 1130.22
102 929.165 929.165 1044.85 1044.85
110 813.833 813.833 929.513 929.513
113 798.273 798.273 913.953 913.953
119 551.139 551.139 666.819 666.819
660 516.685 516.685 632.365 632.365
698 470.742 470.742 586.422 586.422
901 330.453 330.453 446.133 446.133
2050 12525.7 330.453 12641.4 446.133
"function evaluation" "current f(x)" "best-so-far f(x)" "current af(x)+b"  "best af(x)+b"
1 8831.05 8831.05 8827.34 8827.34
2 1220.89 1220.89 1217.18 1217.18
101 930.728 930.728 927.018 927.018
103 929.648 929.648 925.938 925.938
105 853.735 853.735 850.025 850.025
106 792.636 792.636 788.926 788.926
112 651.92 651.92 648.21 648.21
122 591.487 591.487 587.777 587.777
422 527.283 527.283 523.573 523.573
538 474.931 474.931 471.221 471.221
947 464.747 464.747 461.037 461.037
1088 461.803 461.803 458.093 458.093
1345 456.682 456.682 452.972 452.972
1421 342.887 342.887 339.177 339.177
2050 2046.05 342.887 2042.34 339.177
"function evaluation" "current f(x)" "best-so-far f(x)" "current af(x)+b"  "best af(x)+b"
1 3099.55 3099.55 3231.73 3231.73
12 1622.28 1622.28 1754.46 1754.46
14 1355.22 1355.22 1487.4 1487.4
34 938.63 938.63 1070.81 1070.81
103 922.658 922.658 1054.84 1054.84
104 917.374 917.374 1049.55 1049.55
108 831.779 831.779 963.959 963.959
109 621.293 621.293 753.473 753.473
121 614.991 614.991 747.171 747.171
127 604.122 604.122 736.302 736.302
142 502.785 502.785 634.965 634.965
257 462.965 462.965 595.145 595.145
547 313.269 313.269 445.449 445.449
2050 2879.18 313.269 3011.36 445.449
"function evaluation" "current f(x)" "best-so-far f(x)" "current af(x)+b"  "best af(x)+b"
1 2115.07 2115.07 1530.34 1530.34
3 1602.82 1602.82 1018.09 1018.09
8 1410.6 1410.6 825.868 825.868
110 464.057 464.057 -120.673 -120.673
2050 11468.2 464.057 10883.5 -120.673
"function evaluation" "current f(x)" "best-so-far f(x)" "current af(x)+b"  "best af(x)+b"
1 2437.04 2437.04 2400.5 2400.5
10 1445.6 1445.6 1409.06 1409.06
101 1402.15 1402.15 1365.61 1365.61
102 821.678 821.678 785.138 785.138
106 581.269 581.269 544.729 544.729
109 545.01 545.01 508.47 508.47
189 534.132 534.132 497.592 497.592
362 512.16 512.16 475.62 475.62
372 468.912 468.912 432.372 432.372
545 375.497 375.497 338.957 338.957
633 363.771 363.771 327.231 327.231
812 358.833 358.833 322.293 322.293
933 358.437 358.437 321.897 321.897
951 323.073 323.073 286.533 286.533
1345 316.306 316.306 279.766 279.766
1407 284.026 284.026 247.486 247.486
1951 280.285 280.285 243.745 243.745
2050 435.443 280.285 398.903 243.745
"function evaluation" "current f(x)" "best-so-far f(x)" "current af(x)+b"  "best af(x)+b"
1 1647.52 1647.52 2647.52 2647.52
3 1367.03 1367.03 2367.03 2367.03
11 1137.49 1137.49 2137.49 2137.49
108 1026.6 1026.6 2026.6 2026.6
111 969.266 969.266 1969.27 1969.27
112 761.96 761.96 1761.96 1761.96
113 566.97 566.97 1566.97 1566.97
166 445.187 445.187 1445.19 1445.19
1415 436.402 436.402 1436.4 1436.4
1416 406.355 406.355 1406.36 1406.36
1603 375.519 375.519 1375.52 1375.52
2050 14404.4 375.519 15404.4 1375.52
"function evaluation" "current f(x)" "best-so-far f(x)" "current af(x)+b"  "best af(x)+b"
1 4857.65 4857.65 4904.26 4904.26
2 4562.06 4562.06 4608.67 4608.67
3 1774.19 1774.19 1820.8 1820.8
10 808.088 808.088 854.698 854.698
109 511.6 511.6 558.21 558.21
181 494.104 494.104 540.714 540.714
310 472.782 472.782 519.392 519.392
325 471.513 471.513 518.123 518.123
2050 817.528 471.513 864.138 518.123
"function evaluation" "current f(x)" "best-so-far f(x)" "current af(x)+b"  "best af(x)+b"
1 13937.9 13937.9 13673.6 13673.6
2 6070.93 6070.93 5806.62 5806.62
4 1346.81 1346.81 1082.5 1082.5
16 1342.86 1342.86 1078.55 1078.55
33 898.654 898.654 634.344 634.344
108 811.165 811.165 546.855 546.855
116 732.032 732.032 467.722 467.722
117 726.519 726.519 462.209 462.209
126 612.321 612.321 348.011 348.011
349 591.059 591.059 326.749 326.749
358 566.244 566.244 301.934 301.934
607 550.76 550.76 286.45 286.45
1146 528.199 528.199 263.889 263.889
1379 421.4 421.4 157.09 157.09
2050 22789.9 421.4 22525.6 157.09
"function evaluation" "current f(x)" "best-so-far f(x)" "current af(x)+b"  "best af(x)+b"
1 6480.58 6480.58 6553.31 6553.31
2 1928.36 1928.36 2001.09 2001.09
22 1108 1108 1180.73 1180.73
43 799.86 799.86 872.59 872.59
111 702.076 702.076 774.806 774.806
113 652.083 652.083 724.813 724.813
130 594.046 594.046 666.776 666.776
213 583.886 583.886 656.616 656.616
238 453.613 453.613 526.343 526.343
634 450.535 450.535 523.265 523.265
2050 21263.8 450.535 21336.5 523.265
"function evaluation" "current f(x)" "best-so-far f(x)" "current af(x)+b"  "best af(x)+b"
1 10644.4 10644.4 10781.3 10781.3
2 1874.73 1874.73 2011.6 2011.6
4 1338.19 1338.19 1475.06 1475.06
33 1031.4 1031.4 1168.27 1168.27
108 990.875 990.875 1127.74 1127.74
111 757.561 757.561 894.431 894.431
186 655.963 655.963 792.833 792.833
226 630.376 630.376 767.246 767.246
264 570.384 570.384 707.254 707.254
507 533.56 533.56 670.43 670.43
1394 473.147 473.147 610.017 610.017
1418 417.44 417.44 554.31 554.31
1800 412.439 412.439 549.309 549.309
2050 692.223 412.439 829.093 549.309
"function evaluation" "current f(x)" "best-so-far f(x)" "current af(x)+b"  "best af(x)+b"
1 7020.97 7020.97 7042.93 7042.93
2 5303.78 5303.78 5325.74 5325.74
3 2553.68 2553.68 2575.64 2575.64
7 1286.19 1286.19 1308.15 1308.15
11 1062.95 1062.95 1084.91 1084.91
103 507.567 507.567 529.527 529.527
108 507.265 507.265 529.225 529.225
179 478.815 478.815 500.775 500.775
250 450.629 450.629 472.589 472.589
502 426.933 426.933 448.893 448.893
547 396.21 396.21 418.17 418.17
979 381.635 381.635 403.595 403.595
2050 3436.72 381.635 3458.68 403.595
"function evaluation" "current f(x)" "best-so-far f(x)" "current af(x)+b"  "best af(x)+b"
1 5753.9 5753.9 5732.51 5732.51
4 1136.29 1136.29 1114.9 1114.9
22 1103.13 1103.13 1081.74 1081.74
34 1039.97 1039.97 1018.58 1018.58
43 1035.23 1035.23 1013.84 1013.84
106 774.558 774.558 753.168 753.168
327 745.383 745.383 723.993 723.993
380 682.514 682.514 661.124 661.124
388 598.842 598.842 577.452 577.452
526 562.331 562.331 540.941 540.941
743 544.581 544.581 523.191 523.191
1213 538.081 538.081 516.691 516.691
2050 34115.7 538.081 34094.3 516.691
"function evaluation" "current f(x)" "best-so-far f(x)" "current af(x)+b"  "best af(x)+b"
1 2556.14 2556.14 3073.8 3073.8
5 1896.97 1896.97 2414.63 2414.63
13 753.883 753.883 1271.54 1271.54
107 649.092 649.092 1166.75 1166.75
120 614.387 614.387 1132.05 1132.05
171 537.274 537.274 1054.93 1054.93
510 460.999 460.999 978.659 978.659
522 405.99 405.99 923.65 923.65
954 399.024 399.024 916.684 916.684
1028 347.984 347.984 865.644 865.644
1336 333.604 333.604 851.264 851.264
2050 32779.9 333.604 33297.5 851.264
"function evaluation" "current f(x)" "best-so-far f(x)" "current af(x)+b"  "best af(x)+b"
1 27454.7 27454.7 27317.1 27317.1
2 1598.17 1598.17 1460.62 1460.62
11 1499.78 1499.78 1362.23 1362.23
27 1324.65 1324.65 1187.1 1187.1
35 1186.7 1186.7 1049.15 1049.15
111 1120.96 1120.96 983.414 983.414
116 1029.6 1029.6 892.045 892.045
135 997.234 997.234 859.684 859.684
137 896.28 896.28 758.73 758.73
147 814.971 814.971 677.421 677.421
149 813.919 813.919 676.369 676.369
179 743.243 743.243 605.693 605.693
186 604.483 604.483 466.933 466.933
321 573.494 573.494 435.944 435.944
533 557.658 557.658 420.108 420.108
711 527.174 527.174 389.624 389.624
910 486.704 486.704 349.154 349.154
942 457.996 457.996 320.446 320.446
1165 448.129 448.129 310.579 310.579
1378 435.015 435.015 297.465 297.465
1893 418.148 418.148 280.598 280.598
2050 1380.44 418.148 1242.89 280.598
"function evaluation" "current f(x)" "best-so-far f(x)" "current af(x)+b"  "best af(x)+b"
1 4825.9 4825.9 4724.92 4724.92
8 3078.5 3078.5 2977.52 2977.52
10 2680.86 2680.86 2579.88 2579.88
41 1498.6 1498.6 1397.62 1397.62
113 1477.28 1477.28 1376.3 1376.3
122 1455.58 1455.58 1354.6 1354.6
134 840.791 840.791 739.811 739.811
193 748.557 748.557 647.577 647.577
422 677.058 677.058 576.078 576.078
2050 15679.5 677.058 15578.5 576.078
"function evaluation" "current f(x)" "best-so-far f(x)" "current af(x)+b"  "best af(x)+b"
1 7665.05 7665.05 7697.39 7697.39
2 2366.76 2366.76 2399.1 2399.1
4 1983.26 1983.26 2015.6 2015.6
5 1416.41 1416.41 1448.75 1448.75
13 962.559 962.559 994.899 994.899
111 868.325 868.325 900.665 900.665
134 784.11 784.11 816.45 816.45
157 673.088 673.088 705.428 705.428
214 516.567 516.567 548.907 548.907
349 450.68 450.68 483.02 483.02
2050 22454.3 450.68 22486.6 483.02
"function evaluation" "current f(x)" "best-so-far f(x)" "current af(x)+b"  "best af(x)+b"
1 8824.19 8824.19 9435.17 9435.17
2 5805.1 5805.1 6416.08 6416.08
3 3142.06 3142.06 3753.04 3753.04
5 894.372 894.372 1505.35 1505.35
101 543.109 543.109 1154.09 1154.09
253 465.481 465.481 1076.46 1076.46
330 438.415 438.415 1049.4 1049.4
2050 37182.1 438.415 37793.1 1049.4
"function evaluation" "current f(x)" "best-so-far f(x)" "current af(x)+b"  "best af(x)+b"
1 13303 13303 13364.1 13364.1
2 2633.24 2633.24 2694.41 2694.41
4 1150.46 1150.46 1211.63 1211.63
38 844.77 844.77 905.94 905.94
104 627.573 627.573 688.743 688.743
125 601.661 601.661 662.831 662.831
134 479.231 479.231 540.401 540.401
149 462.409 462.409 523.579 523.579
316 441.257 441.257 502.427 502.427
822 440.223 440.223 501.393 501.393
1180 423.552 423.552 484.722 484.722
2050 1955.26 423.552 2016.43 484.722
"function evaluation" "current f(x)" "best-so-far f(x)" "current af(x)+b"  "best af(x)+b"
1 11577.2 11577.2 11598.8 11598.8
2 1566.2 1566.2 1587.89 1587.89
18 1425.98 1425.98 1447.67 1447.67
101 796.004 796.004 817.694 817.694
106 750.802 750.802 772.492 772.492
113 734.256 734.256 755.946 755.946
149 649.433 649.433 671.123 671.123
222 637.592 637.592 659.282 659.282
511 543.6 543.6 565.29 565.29
594 532.21 532.21 553.9 553.9
697 511.283 511.283 532.973 532.973
705 398.359 398.359 420.049 420.049
908 389.723 389.723 411.413 411.413
1121 384.92 384.92 406.61 406.61
1315 381.038 381.038 402.728 402.728
1343 373.63 373.63 395.32 395.32
1349 368.218 368.218 389.908 389.908
1350 351.787 351.787 373.477 373.477
1480 336.826 336.826 358.516 358.516
1842 330.185 330.185 351.875 351.875
2050 439.966 330.185 461.656 351.875
"function evaluation" "current f(x)" "best-so-far f(x)" "current af(x)+b"  "best af(x)+b"
1 3436.03 3436.03 3518.35 3518.35
3 2452.99 2452.99 2535.31 2535.31
4 1913.86 1913.86 1996.18 1996.18
5 1641.97 1641.97 1724.29 1724.29
14 1524.96 1524.96 1607.28 1607.28
15 1006.13 1006.13 1088.45 1088.45
21 867.982 867.982 950.302 950.302
105 687.046 687.046 769.366 769.366
130 620.524 620.524 702.844 702.844
133 447.1 447.1 529.42 529.42
2050 131429 447.1 131512 529.42
"function evaluation" "current f(x)" "best-so-far f(x)" "current af(x)+b"  "best af(x)+b"
1 7995.92 7995.92 8199.38 8199.38
2 2214.98 2214.98 2418.44 2418.44
6 2006 2006 2209.46 2209.46
17 1415.23 1415.23 1618.69 1618.69
21 1379.52 1379.52 1582.98 1582.98
43 1208.14 1208.14 1411.6 1411.6
101 1040.08 1040.08 1243.54 1243.54
105 720 720 923.46 923.46
118 706.584 706.584 910.044 910.044
136 664.318 664.318 867.778 867.778
179 637.792 637.792 841.252 841.252
199 553.173 553.173 756.633 756.633
1150 481.006 481.006 684.466 684.466
2050 759.304 481.006 962.764 684.466
"function evaluation" "current f(x)" "best-so-far f(x)" "current af(x)+b"  "best af(x)+b"
1 2088.68 2088.68 1088.68 1088.68
5 2034.09 2034.09 1034.09 1034.09
7 1545.65 1545.65 545.648 545.648
14 935.961 935.961 -64.0394 -64.0394
16 825.569 825.569 -174.431 -174.431
101 718.522 718.522 -281.478 -281.478
167 679.815 679.815 -320.185 -320.185
183 599.798 599.798 -400.202 -400.202
281 595.081 595.081 -404.919 -404.919
343 569.383 569.383 -430.617 -430.617
550 491.9 491.9 -508.1 -508.1
921 464.002 464.002 -535.998 -535.998
930 430.357 430.357 -569.643 -569.643
1033 409.678 409.678 -590.322 -590.322
1510 404.391 404.391 -595.609 -595.609
2050 1329.76 404.391 329.762 -595.609
"function evaluation" "current f(x)" "best-so-far f(x)" "current af(x)+b"  "best af(x)+b"
1 3959.04 3959.04 3938.13 3938.13
2 1064.88 1064.88 1043.97 1043.97
12 864.411 864.411 843.501 843.501
105 780.099 780.099 759.189 759.189
110 488.668 488.668 467.758 467.758
233 483.585 483.585 462.675 462.675
525 471.186 471.186 450.276 450.276
571 453.553 453.553 432.643 432.643
907 439.046 439.046 418.136 418.136
1002 403.492 403.492 382.582 382.582
1173 396.198 396.198 375.288 375.288
1309 367.069 367.069 346.159 346.159
1730 324.872 324.872 303.962 303.962
2050 1354.9 324.872 1333.99 303.962
