"function evaluation" "current f(x)" "best-so-far f(x)" "current af(x)+b"  "best af(x)+b"
1 2.0166e+10 2.0166e+10 2.0166e+10 2.0166e+10
2 3.61547e+09 3.61547e+09 3.61547e+09 3.61547e+09
3 1.61877e+09 1.61877e+09 1.61877e+09 1.61877e+09
4 7.59987e+08 7.59987e+08 7.59986e+08 7.59986e+08
6 6.75459e+08 6.75459e+08 6.75459e+08 6.75459e+08
27 2.46393e+08 2.46393e+08 2.46392e+08 2.46392e+08
170 2.31624e+08 2.31624e+08 2.31623e+08 2.31623e+08
219 1.85491e+08 1.85491e+08 1.85491e+08 1.85491e+08
246 1.29043e+08 1.29043e+08 1.29042e+08 1.29042e+08
358 8.51865e+07 8.51865e+07 8.51859e+07 8.51859e+07
730 6.00165e+07 6.00165e+07 6.00159e+07 6.00159e+07
1129 5.86416e+07 5.86416e+07 5.8641e+07 5.8641e+07
1175 5.83846e+07 5.83846e+07 5.8384e+07 5.8384e+07
1196 3.68332e+07 3.68332e+07 3.68326e+07 3.68326e+07
1459 2.51455e+07 2.51455e+07 2.51449e+07 2.51449e+07
1812 2.02255e+07 2.02255e+07 2.02249e+07 2.02249e+07
2150 4.49826e+08 2.02255e+07 4.49825e+08 2.02249e+07
"function evaluation" "current f(x)" "best-so-far f(x)" "current af(x)+b"  "best af(x)+b"
1 4.17396e+10 4.17396e+10 4.17396e+10 4.17396e+10
2 5.26163e+09 5.26163e+09 5.26163e+09 5.26163e+09
3 1.61796e+09 1.61796e+09 1.61796e+09 1.61796e+09
7 7.83876e+08 7.83876e+08 7.83875e+08 7.83875e+08
43 3.77231e+08 3.77231e+08 3.77231e+08 3.77231e+08
107 3.38788e+08 3.38788e+08 3.38788e+08 3.38788e+08
126 2.51325e+08 2.51325e+08 2.51325e+08 2.51325e+08
421 2.15278e+08 2.15278e+08 2.15277e+08 2.15277e+08
448 1.97743e+08 1.97743e+08 1.97743e+08 1.97743e+08
520 1.20563e+08 1.20563e+08 1.20563e+08 1.20563e+08
782 1.17139e+08 1.17139e+08 1.17138e+08 1.17138e+08
796 7.3427e+07 7.3427e+07 7.34268e+07 7.34268e+07
1046 6.50743e+07 6.50743e+07 6.50741e+07 6.50741e+07
1104 6.31912e+07 6.31912e+07 6.31909e+07 6.31909e+07
1136 6.23303e+07 6.23303e+07 6.23301e+07 6.23301e+07
1151 5.73063e+07 5.73063e+07 5.73061e+07 5.73061e+07
1478 4.44913e+07 4.44913e+07 4.4491e+07 4.4491e+07
1547 3.52631e+07 3.52631e+07 3.52628e+07 3.52628e+07
1554 2.46101e+07 2.46101e+07 2.46098e+07 2.46098e+07
2150 1.10238e+08 2.46101e+07 1.10237e+08 2.46098e+07
"function evaluation" "current f(x)" "best-so-far f(x)" "current af(x)+b"  "best af(x)+b"
1 3.49882e+09 3.49882e+09 3.49882e+09 3.49882e+09
2 1.2814e+09 1.2814e+09 1.2814e+09 1.2814e+09
4 1.09492e+09 1.09492e+09 1.09492e+09 1.09492e+09
6 1.08248e+09 1.08248e+09 1.08248e+09 1.08248e+09
9 3.12936e+08 3.12936e+08 3.12936e+08 3.12936e+08
22 2.30738e+08 2.30738e+08 2.30738e+08 2.30738e+08
83 1.92123e+08 1.92123e+08 1.92123e+08 1.92123e+08
293 1.73499e+08 1.73499e+08 1.73499e+08 1.73499e+08
404 1.6865e+08 1.6865e+08 1.6865e+08 1.6865e+08
414 1.39176e+08 1.39176e+08 1.39176e+08 1.39176e+08
421 1.36911e+08 1.36911e+08 1.36912e+08 1.36912e+08
454 1.24142e+08 1.24142e+08 1.24142e+08 1.24142e+08
462 1.17196e+08 1.17196e+08 1.17196e+08 1.17196e+08
535 1.04578e+08 1.04578e+08 1.04578e+08 1.04578e+08
745 9.72246e+07 9.72246e+07 9.72247e+07 9.72247e+07
751 8.66349e+07 8.66349e+07 8.66349e+07 8.66349e+07
790 8.13697e+07 8.13697e+07 8.13698e+07 8.13698e+07
845 7.60027e+07 7.60027e+07 7.60028e+07 7.60028e+07
903 5.03787e+07 5.03787e+07 5.03787e+07 5.03787e+07
1389 4.56584e+07 4.56584e+07 4.56585e+07 4.56585e+07
1429 4.25664e+07 4.25664e+07 4.25665e+07 4.25665e+07
1519 4.16474e+07 4.16474e+07 4.16474e+07 4.16474e+07
1522 3.55146e+07 3.55146e+07 3.55147e+07 3.55147e+07
1598 2.94014e+07 2.94014e+07 2.94014e+07 2.94014e+07
2025 2.58401e+07 2.58401e+07 2.58402e+07 2.58402e+07
2054 2.44755e+07 2.44755e+07 2.44755e+07 2.44755e+07
2086 2.39312e+07 2.39312e+07 2.39312e+07 2.39312e+07
2150 3.66583e+07 2.39312e+07 3.66584e+07 2.39312e+07
"function evaluation" "current f(x)" "best-so-far f(x)" "current af(x)+b"  "best af(x)+b"
1 2.58751e+09 2.58751e+09 2.58751e+09 2.58751e+09
3 1.33134e+09 1.33134e+09 1.33134e+09 1.33134e+09
5 6.15458e+08 6.15458e+08 6.15458e+08 6.15458e+08
10 5.42958e+08 5.42958e+08 5.42958e+08 5.42958e+08
12 3.08354e+08 3.08354e+08 3.08354e+08 3.08354e+08
20 2.49388e+08 2.49388e+08 2.49388e+08 2.49388e+08
50 1.1794e+08 1.1794e+08 1.1794e+08 1.1794e+08
402 7.82451e+07 7.82451e+07 7.82451e+07 7.82451e+07
457 7.79405e+07 7.79405e+07 7.79405e+07 7.79405e+07
469 7.71625e+07 7.71625e+07 7.71624e+07 7.71624e+07
588 6.42695e+07 6.42695e+07 6.42695e+07 6.42695e+07
808 4.86543e+07 4.86543e+07 4.86542e+07 4.86542e+07
937 3.98361e+07 3.98361e+07 3.9836e+07 3.9836e+07
1017 2.65075e+07 2.65075e+07 2.65074e+07 2.65074e+07
1537 2.2335e+07 2.2335e+07 2.2335e+07 2.2335e+07
1825 2.06889e+07 2.06889e+07 2.06888e+07 2.06888e+07
1968 1.82817e+07 1.82817e+07 1.82817e+07 1.82817e+07
2150 1.0336e+09 1.82817e+07 1.0336e+09 1.82817e+07
"function evaluation" "current f(x)" "best-so-far f(x)" "current af(x)+b"  "best af(x)+b"
1 4.56791e+08 4.56791e+08 4.56791e+08 4.56791e+08
7 3.54461e+08 3.54461e+08 3.54461e+08 3.54461e+08
16 3.37859e+08 3.37859e+08 3.37859e+08 3.37859e+08
17 2.7843e+08 2.7843e+08 2.7843e+08 2.7843e+08
19 2.40307e+08 2.40307e+08 2.40307e+08 2.40307e+08
26 2.21073e+08 2.21073e+08 2.21073e+08 2.21073e+08
27 2.04568e+08 2.04568e+08 2.04568e+08 2.04568e+08
35 1.86953e+08 1.86953e+08 1.86953e+08 1.86953e+08
58 1.24001e+08 1.24001e+08 1.24002e+08 1.24002e+08
267 9.97681e+07 9.97681e+07 9.97681e+07 9.97681e+07
272 9.181e+07 9.181e+07 9.181e+07 9.181e+07
429 8.20005e+07 8.20005e+07 8.20005e+07 8.20005e+07
466 7.14098e+07 7.14098e+07 7.14098e+07 7.14098e+07
502 7.12401e+07 7.12401e+07 7.12402e+07 7.12402e+07
526 6.29041e+07 6.29041e+07 6.29041e+07 6.29041e+07
593 6.08426e+07 6.08426e+07 6.08426e+07 6.08426e+07
717 3.50707e+07 3.50707e+07 3.50707e+07 3.50707e+07
1117 3.23549e+07 3.23549e+07 3.23549e+07 3.23549e+07
1168 2.87659e+07 2.87659e+07 2.8766e+07 2.8766e+07
1485 1.79595e+07 1.79595e+07 1.79596e+07 1.79596e+07
2150 2.73189e+07 1.79595e+07 2.73189e+07 1.79596e+07
"function evaluation" "current f(x)" "best-so-far f(x)" "current af(x)+b"  "best af(x)+b"
1 5.00576e+09 5.00576e+09 5.00576e+09 5.00576e+09
2 4.59664e+09 4.59664e+09 4.59664e+09 4.59664e+09
4 3.95243e+08 3.95243e+08 3.95243e+08 3.95243e+08
20 2.04256e+08 2.04256e+08 2.04256e+08 2.04256e+08
403 1.38531e+08 1.38531e+08 1.38531e+08 1.38531e+08
451 1.14136e+08 1.14136e+08 1.14136e+08 1.14136e+08
482 9.17698e+07 9.17698e+07 9.17698e+07 9.17698e+07
781 6.72823e+07 6.72823e+07 6.72822e+07 6.72822e+07
791 5.89007e+07 5.89007e+07 5.89007e+07 5.89007e+07
1118 4.85216e+07 4.85216e+07 4.85215e+07 4.85215e+07
1546 3.18776e+07 3.18776e+07 3.18776e+07 3.18776e+07
1751 2.93039e+07 2.93039e+07 2.93039e+07 2.93039e+07
1846 2.71724e+07 2.71724e+07 2.71724e+07 2.71724e+07
2011 2.63977e+07 2.63977e+07 2.63977e+07 2.63977e+07
2150 6.17408e+07 2.63977e+07 6.17408e+07 2.63977e+07
"function evaluation" "current f(x)" "best-so-far f(x)" "current af(x)+b"  "best af(x)+b"
1 1.51871e+09 1.51871e+09 1.51871e+09 1.51871e+09
3 1.4535e+09 1.4535e+09 1.4535e+09 1.4535e+09
5 1.01601e+09 1.01601e+09 1.01601e+09 1.01601e+09
7 6.94535e+08 6.94535e+08 6.94535e+08 6.94535e+08
8 4.77032e+08 4.77032e+08 4.77032e+08 4.77032e+08
11 3.7672e+08 3.7672e+08 3.7672e+08 3.7672e+08
39 3.21963e+08 3.21963e+08 3.21963e+08 3.21963e+08
82 3.19043e+08 3.19043e+08 3.19043e+08 3.19043e+08
96 2.39914e+08 2.39914e+08 2.39913e+08 2.39913e+08
100 2.26663e+08 2.26663e+08 2.26663e+08 2.26663e+08
137 1.82826e+08 1.82826e+08 1.82826e+08 1.82826e+08
184 1.2015e+08 1.2015e+08 1.2015e+08 1.2015e+08
402 7.58615e+07 7.58615e+07 7.58613e+07 7.58613e+07
503 7.19995e+07 7.19995e+07 7.19994e+07 7.19994e+07
621 7.02127e+07 7.02127e+07 7.02125e+07 7.02125e+07
791 5.78649e+07 5.78649e+07 5.78647e+07 5.78647e+07
978 5.72713e+07 5.72713e+07 5.72711e+07 5.72711e+07
1012 4.18332e+07 4.18332e+07 4.1833e+07 4.1833e+07
1267 2.5864e+07 2.5864e+07 2.58639e+07 2.58639e+07
1577 2.47535e+07 2.47535e+07 2.47534e+07 2.47534e+07
1894 2.10846e+07 2.10846e+07 2.10844e+07 2.10844e+07
2002 2.10408e+07 2.10408e+07 2.10407e+07 2.10407e+07
2150 7.94591e+07 2.10408e+07 7.94589e+07 2.10407e+07
"function evaluation" "current f(x)" "best-so-far f(x)" "current af(x)+b"  "best af(x)+b"
1 2.93051e+08 2.93051e+08 2.93051e+08 2.93051e+08
8 2.78111e+08 2.78111e+08 2.78112e+08 2.78112e+08
9 2.26621e+08 2.26621e+08 2.26622e+08 2.26622e+08
28 1.83334e+08 1.83334e+08 1.83334e+08 1.83334e+08
65 1.75197e+08 1.75197e+08 1.75197e+08 1.75197e+08
70 1.07543e+08 1.07543e+08 1.07544e+08 1.07544e+08
243 8.5396e+07 8.5396e+07 8.53963e+07 8.53963e+07
478 7.26129e+07 7.26129e+07 7.26132e+07 7.26132e+07
519 6.81705e+07 6.81705e+07 6.81708e+07 6.81708e+07
586 6.17115e+07 6.17115e+07 6.17119e+07 6.17119e+07
763 4.98376e+07 4.98376e+07 4.98379e+07 4.98379e+07
770 4.92619e+07 4.92619e+07 4.92623e+07 4.92623e+07
828 4.88175e+07 4.88175e+07 4.88178e+07 4.88178e+07
1108 4.601e+07 4.601e+07 4.60104e+07 4.60104e+07
1132 4.49858e+07 4.49858e+07 4.49862e+07 4.49862e+07
1146 3.81855e+07 3.81855e+07 3.81858e+07 3.81858e+07
1162 3.3228e+07 3.3228e+07 3.32283e+07 3.32283e+07
1342 2.90305e+07 2.90305e+07 2.90308e+07 2.90308e+07
1694 2.60239e+07 2.60239e+07 2.60242e+07 2.60242e+07
1787 1.93706e+07 1.93706e+07 1.93709e+07 1.93709e+07
2018 1.66975e+07 1.66975e+07 1.66978e+07 1.66978e+07
2097 1.52744e+07 1.52744e+07 1.52747e+07 1.52747e+07
2150 8.2836e+07 1.52744e+07 8.28363e+07 1.52747e+07
"function evaluation" "current f(x)" "best-so-far f(x)" "current af(x)+b"  "best af(x)+b"
1 1.70246e+09 1.70246e+09 1.70246e+09 1.70246e+09
8 5.61435e+08 5.61435e+08 5.61435e+08 5.61435e+08
14 3.63796e+08 3.63796e+08 3.63796e+08 3.63796e+08
81 3.38816e+08 3.38816e+08 3.38816e+08 3.38816e+08
89 1.92243e+08 1.92243e+08 1.92243e+08 1.92243e+08
429 9.56647e+07 9.56647e+07 9.56647e+07 9.56647e+07
761 9.04007e+07 9.04007e+07 9.04007e+07 9.04007e+07
880 8.72097e+07 8.72097e+07 8.72096e+07 8.72096e+07
967 7.8302e+07 7.8302e+07 7.8302e+07 7.8302e+07
975 7.76342e+07 7.76342e+07 7.76341e+07 7.76341e+07
1048 6.15569e+07 6.15569e+07 6.15569e+07 6.15569e+07
1142 5.11852e+07 5.11852e+07 5.11852e+07 5.11852e+07
1466 4.86231e+07 4.86231e+07 4.8623e+07 4.8623e+07
1474 3.41401e+07 3.41401e+07 3.41401e+07 3.41401e+07
1544 3.20916e+07 3.20916e+07 3.20916e+07 3.20916e+07
1830 2.57042e+07 2.57042e+07 2.57042e+07 2.57042e+07
1923 1.96351e+07 1.96351e+07 1.96351e+07 1.96351e+07
2150 6.105e+07 1.96351e+07 6.105e+07 1.96351e+07
"function evaluation" "current f(x)" "best-so-far f(x)" "current af(x)+b"  "best af(x)+b"
1 4.15634e+08 4.15634e+08 4.15634e+08 4.15634e+08
14 2.45837e+08 2.45837e+08 2.45837e+08 2.45837e+08
16 2.36712e+08 2.36712e+08 2.36712e+08 2.36712e+08
69 2.17801e+08 2.17801e+08 2.17801e+08 2.17801e+08
76 1.81304e+08 1.81304e+08 1.81304e+08 1.81304e+08
126 6.67458e+07 6.67458e+07 6.67458e+07 6.67458e+07
952 6.5614e+07 6.5614e+07 6.56141e+07 6.56141e+07
996 6.54242e+07 6.54242e+07 6.54242e+07 6.54242e+07
1111 6.36139e+07 6.36139e+07 6.36139e+07 6.36139e+07
1169 5.02582e+07 5.02582e+07 5.02583e+07 5.02583e+07
1516 4.71907e+07 4.71907e+07 4.71907e+07 4.71907e+07
1543 4.57256e+07 4.57256e+07 4.57256e+07 4.57256e+07
1569 4.11801e+07 4.11801e+07 4.11801e+07 4.11801e+07
1681 3.8614e+07 3.8614e+07 3.8614e+07 3.8614e+07
1828 3.6912e+07 3.6912e+07 3.69121e+07 3.69121e+07
1893 3.58424e+07 3.58424e+07 3.58424e+07 3.58424e+07
2102 3.39672e+07 3.39672e+07 3.39672e+07 3.39672e+07
2150 1.77116e+08 3.39672e+07 1.77116e+08 3.39672e+07
"function evaluation" "current f(x)" "best-so-far f(x)" "current af(x)+b"  "best af(x)+b"
1 3.64107e+09 3.64107e+09 3.64107e+09 3.64107e+09
6 9.76137e+08 9.76137e+08 9.76137e+08 9.76137e+08
19 5.84804e+08 5.84804e+08 5.84804e+08 5.84804e+08
22 5.63378e+08 5.63378e+08 5.63378e+08 5.63378e+08
23 3.13055e+08 3.13055e+08 3.13055e+08 3.13055e+08
42 2.47343e+08 2.47343e+08 2.47343e+08 2.47343e+08
303 2.45147e+08 2.45147e+08 2.45147e+08 2.45147e+08
350 2.43833e+08 2.43833e+08 2.43833e+08 2.43833e+08
402 1.98321e+08 1.98321e+08 1.98322e+08 1.98322e+08
405 1.72276e+08 1.72276e+08 1.72276e+08 1.72276e+08
430 1.31783e+08 1.31783e+08 1.31783e+08 1.31783e+08
458 1.0488e+08 1.0488e+08 1.0488e+08 1.0488e+08
543 1.0222e+08 1.0222e+08 1.0222e+08 1.0222e+08
645 8.50739e+07 8.50739e+07 8.5074e+07 8.5074e+07
760 7.56245e+07 7.56245e+07 7.56245e+07 7.56245e+07
814 7.43705e+07 7.43705e+07 7.43705e+07 7.43705e+07
948 6.98931e+07 6.98931e+07 6.98931e+07 6.98931e+07
1063 6.18524e+07 6.18524e+07 6.18525e+07 6.18525e+07
1119 4.45319e+07 4.45319e+07 4.4532e+07 4.4532e+07
1233 4.41406e+07 4.41406e+07 4.41406e+07 4.41406e+07
1276 4.36854e+07 4.36854e+07 4.36855e+07 4.36855e+07
1480 3.16828e+07 3.16828e+07 3.16828e+07 3.16828e+07
1628 3.1484e+07 3.1484e+07 3.14841e+07 3.14841e+07
1869 2.71925e+07 2.71925e+07 2.71925e+07 2.71925e+07
1978 2.50406e+07 2.50406e+07 2.50406e+07 2.50406e+07
2150 3.51828e+08 2.50406e+07 3.51828e+08 2.50406e+07
"function evaluation" "current f(x)" "best-so-far f(x)" "current af(x)+b"  "best af(x)+b"
1 3.44724e+09 3.44724e+09 3.44724e+09 3.44724e+09
2 6.78778e+08 6.78778e+08 6.78778e+08 6.78778e+08
3 3.77152e+08 3.77152e+08 3.77152e+08 3.77152e+08
5 3.24171e+08 3.24171e+08 3.24171e+08 3.24171e+08
12 1.92938e+08 1.92938e+08 1.92938e+08 1.92938e+08
46 1.85426e+08 1.85426e+08 1.85426e+08 1.85426e+08
62 1.73212e+08 1.73212e+08 1.73212e+08 1.73212e+08
70 1.1723e+08 1.1723e+08 1.1723e+08 1.1723e+08
404 1.09874e+08 1.09874e+08 1.09873e+08 1.09873e+08
407 1.04361e+08 1.04361e+08 1.04361e+08 1.04361e+08
424 6.56302e+07 6.56302e+07 6.56299e+07 6.56299e+07
749 5.33839e+07 5.33839e+07 5.33836e+07 5.33836e+07
759 4.00628e+07 4.00628e+07 4.00625e+07 4.00625e+07
1155 3.53502e+07 3.53502e+07 3.53499e+07 3.53499e+07
1158 3.06284e+07 3.06284e+07 3.06281e+07 3.06281e+07
1459 2.8448e+07 2.8448e+07 2.84477e+07 2.84477e+07
1474 2.78243e+07 2.78243e+07 2.7824e+07 2.7824e+07
1556 1.71246e+07 1.71246e+07 1.71243e+07 1.71243e+07
1983 1.71192e+07 1.71192e+07 1.71189e+07 1.71189e+07
2150 8.96348e+07 1.71192e+07 8.96345e+07 1.71189e+07
"function evaluation" "current f(x)" "best-so-far f(x)" "current af(x)+b"  "best af(x)+b"
1 8.64616e+08 8.64616e+08 8.64615e+08 8.64615e+08
4 6.45096e+08 6.45096e+08 6.45095e+08 6.45095e+08
6 2.18532e+08 2.18532e+08 2.18531e+08 2.18531e+08
73 1.47312e+08 1.47312e+08 1.47311e+08 1.47311e+08
104 1.02578e+08 1.02578e+08 1.02577e+08 1.02577e+08
460 7.4914e+07 7.4914e+07 7.4913e+07 7.4913e+07
660 7.25206e+07 7.25206e+07 7.25196e+07 7.25196e+07
885 7.18249e+07 7.18249e+07 7.18239e+07 7.18239e+07
991 6.9122e+07 6.9122e+07 6.9121e+07 6.9121e+07
1065 6.38406e+07 6.38406e+07 6.38396e+07 6.38396e+07
1112 5.8693e+07 5.8693e+07 5.8692e+07 5.8692e+07
1135 4.36395e+07 4.36395e+07 4.36385e+07 4.36385e+07
1478 2.41601e+07 2.41601e+07 2.41591e+07 2.41591e+07
1945 2.17993e+07 2.17993e+07 2.17983e+07 2.17983e+07
1979 2.0505e+07 2.0505e+07 2.0504e+07 2.0504e+07
2150 1.81595e+08 2.0505e+07 1.81594e+08 2.0504e+07
"function evaluation" "current f(x)" "best-so-far f(x)" "current af(x)+b"  "best af(x)+b"
1 1.11694e+09 1.11694e+09 1.11694e+09 1.11694e+09
3 5.80396e+08 5.80396e+08 5.80397e+08 5.80397e+08
5 4.5677e+08 4.5677e+08 4.5677e+08 4.5677e+08
6 3.60481e+08 3.60481e+08 3.60481e+08 3.60481e+08
8 1.87853e+08 1.87853e+08 1.87853e+08 1.87853e+08
52 1.57444e+08 1.57444e+08 1.57444e+08 1.57444e+08
81 1.27101e+08 1.27101e+08 1.27102e+08 1.27102e+08
372 1.24115e+08 1.24115e+08 1.24115e+08 1.24115e+08
426 1.22907e+08 1.22907e+08 1.22907e+08 1.22907e+08
452 1.21909e+08 1.21909e+08 1.21909e+08 1.21909e+08
455 1.00747e+08 1.00747e+08 1.00747e+08 1.00747e+08
480 9.06203e+07 9.06203e+07 9.06203e+07 9.06203e+07
662 8.89061e+07 8.89061e+07 8.89062e+07 8.89062e+07
678 8.47644e+07 8.47644e+07 8.47645e+07 8.47645e+07
741 7.88843e+07 7.88843e+07 7.88844e+07 7.88844e+07
756 7.46526e+07 7.46526e+07 7.46526e+07 7.46526e+07
762 5.70935e+07 5.70935e+07 5.70936e+07 5.70936e+07
1190 5.3768e+07 5.3768e+07 5.37681e+07 5.37681e+07
1249 4.59367e+07 4.59367e+07 4.59367e+07 4.59367e+07
1467 2.61926e+07 2.61926e+07 2.61926e+07 2.61926e+07
1664 2.37349e+07 2.37349e+07 2.37349e+07 2.37349e+07
2134 2.21463e+07 2.21463e+07 2.21464e+07 2.21464e+07
2150 2.14185e+08 2.21463e+07 2.14185e+08 2.21464e+07
"function evaluation" "current f(x)" "best-so-far f(x)" "current af(x)+b"  "best af(x)+b"
1 2.29621e+09 2.29621e+09 2.29621e+09 2.29621e+09
2 7.82802e+08 7.82802e+08 7.82802e+08 7.82802e+08
6 3.3628e+08 3.3628e+08 3.3628e+08 3.3628e+08
14 2.04473e+08 2.04473e+08 2.04473e+08 2.04473e+08
396 1.63548e+08 1.63548e+08 1.63548e+08 1.63548e+08
415 1.46201e+08 1.46201e+08 1.46202e+08 1.46202e+08
419 1.12725e+08 1.12725e+08 1.12725e+08 1.12725e+08
478 1.05137e+08 1.05137e+08 1.05137e+08 1.05137e+08
777 8.75685e+07 8.75685e+07 8.75686e+07 8.75686e+07
841 6.03481e+07 6.03481e+07 6.03482e+07 6.03482e+07
1013 5.69787e+07 5.69787e+07 5.69788e+07 5.69788e+07
1147 5.5246e+07 5.5246e+07 5.52461e+07 5.52461e+07
1249 4.56582e+07 4.56582e+07 4.56583e+07 4.56583e+07
1380 4.32087e+07 4.32087e+07 4.32088e+07 4.32088e+07
1519 3.94061e+07 3.94061e+07 3.94062e+07 3.94062e+07
1596 3.82371e+07 3.82371e+07 3.82372e+07 3.82372e+07
1673 3.65737e+07 3.65737e+07 3.65738e+07 3.65738e+07
1812 2.42378e+07 2.42378e+07 2.42379e+07 2.42379e+07
2150 1.00109e+08 2.42378e+07 1.00109e+08 2.42379e+07
"function evaluation" "current f(x)" "best-so-far f(x)" "current af(x)+b"  "best af(x)+b"
1 4.13274e+09 4.13274e+09 4.13274e+09 4.13274e+09
2 7.10228e+08 7.10228e+08 7.10228e+08 7.10228e+08
3 2.96686e+08 2.96686e+08 2.96686e+08 2.96686e+08
35 2.7974e+08 2.7974e+08 2.7974e+08 2.7974e+08
68 1.99935e+08 1.99935e+08 1.99935e+08 1.99935e+08
95 1.0608e+08 1.0608e+08 1.0608e+08 1.0608e+08
470 9.76801e+07 9.76801e+07 9.76801e+07 9.76801e+07
587 5.55998e+07 5.55998e+07 5.55997e+07 5.55997e+07
779 5.08943e+07 5.08943e+07 5.08943e+07 5.08943e+07
999 4.78456e+07 4.78456e+07 4.78456e+07 4.78456e+07
1122 2.39728e+07 2.39728e+07 2.39728e+07 2.39728e+07
1472 1.90543e+07 1.90543e+07 1.90542e+07 1.90542e+07
1931 1.57214e+07 1.57214e+07 1.57214e+07 1.57214e+07
2076 1.4595e+07 1.4595e+07 1.4595e+07 1.4595e+07
2150 3.01873e+08 1.4595e+07 3.01873e+08 1.4595e+07
"function evaluation" "current f(x)" "best-so-far f(x)" "current af(x)+b"  "best af(x)+b"
1 1.43177e+09 1.43177e+09 1.43177e+09 1.43177e+09
4 5.77355e+08 5.77355e+08 5.77354e+08 5.77354e+08
6 3.74335e+08 3.74335e+08 3.74334e+08 3.74334e+08
11 2.78127e+08 2.78127e+08 2.78126e+08 2.78126e+08
90 2.18942e+08 2.18942e+08 2.18941e+08 2.18941e+08
127 1.89758e+08 1.89758e+08 1.89757e+08 1.89757e+08
438 1.76084e+08 1.76084e+08 1.76083e+08 1.76083e+08
451 1.62159e+08 1.62159e+08 1.62159e+08 1.62159e+08
491 1.47663e+08 1.47663e+08 1.47662e+08 1.47662e+08
535 1.03167e+08 1.03167e+08 1.03166e+08 1.03166e+08
542 1.01257e+08 1.01257e+08 1.01257e+08 1.01257e+08
591 9.35738e+07 9.35738e+07 9.35729e+07 9.35729e+07
769 8.64698e+07 8.64698e+07 8.64689e+07 8.64689e+07
783 8.16197e+07 8.16197e+07 8.16188e+07 8.16188e+07
817 6.33188e+07 6.33188e+07 6.3318e+07 6.3318e+07
968 6.24592e+07 6.24592e+07 6.24584e+07 6.24584e+07
1019 5.90649e+07 5.90649e+07 5.90641e+07 5.90641e+07
1112 4.56993e+07 4.56993e+07 4.56985e+07 4.56985e+07
1124 3.76508e+07 3.76508e+07 3.765e+07 3.765e+07
1634 3.7326e+07 3.7326e+07 3.73251e+07 3.73251e+07
1637 3.7148e+07 3.7148e+07 3.71472e+07 3.71472e+07
1676 3.11283e+07 3.11283e+07 3.11274e+07 3.11274e+07
1699 2.97596e+07 2.97596e+07 2.97587e+07 2.97587e+07
1812 2.47595e+07 2.47595e+07 2.47587e+07 2.47587e+07
1821 1.68325e+07 1.68325e+07 1.68317e+07 1.68317e+07
2150 2.4844e+08 1.68325e+07 2.48439e+08 1.68317e+07
"function evaluation" "current f(x)" "best-so-far f(x)" "current af(x)+b"  "best af(x)+b"
1 5.03113e+08 5.03113e+08 5.03113e+08 5.03113e+08
4 5.01758e+08 5.01758e+08 5.01758e+08 5.01758e+08
6 3.155e+08 3.155e+08 3.155e+08 3.155e+08
23 2.98088e+08 2.98088e+08 2.98088e+08 2.98088e+08
30 1.80043e+08 1.80043e+08 1.80043e+08 1.80043e+08
84 1.75794e+08 1.75794e+08 1.75794e+08 1.75794e+08
170 1.55161e+08 1.55161e+08 1.55161e+08 1.55161e+08
184 1.22463e+08 1.22463e+08 1.22463e+08 1.22463e+08
192 1.16974e+08 1.16974e+08 1.16974e+08 1.16974e+08
417 1.08379e+08 1.08379e+08 1.08379e+08 1.08379e+08
428 1.02809e+08 1.02809e+08 1.02809e+08 1.02809e+08
500 8.17172e+07 8.17172e+07 8.17173e+07 8.17173e+07
550 8.07924e+07 8.07924e+07 8.07925e+07 8.07925e+07
753 7.9587e+07 7.9587e+07 7.9587e+07 7.9587e+07
785 6.44765e+07 6.44765e+07 6.44765e+07 6.44765e+07
962 5.33864e+07 5.33864e+07 5.33864e+07 5.33864e+07
1115 3.34481e+07 3.34481e+07 3.34481e+07 3.34481e+07
1597 2.94728e+07 2.94728e+07 2.94729e+07 2.94729e+07
1826 2.48132e+07 2.48132e+07 2.48132e+07 2.48132e+07
2019 1.48229e+07 1.48229e+07 1.4823e+07 1.4823e+07
2150 1.20247e+08 1.48229e+07 1.20247e+08 1.4823e+07
"function evaluation" "current f(x)" "best-so-far f(x)" "current af(x)+b"  "best af(x)+b"
1 5.2757e+08 5.2757e+08 5.27569e+08 5.27569e+08
3 4.48572e+08 4.48572e+08 4.48571e+08 4.48571e+08
6 3.49309e+08 3.49309e+08 3.49308e+08 3.49308e+08
9 1.52068e+08 1.52068e+08 1.52067e+08 1.52067e+08
106 1.49332e+08 1.49332e+08 1.49331e+08 1.49331e+08
145 1.31505e+08 1.31505e+08 1.31504e+08 1.31504e+08
181 1.30932e+08 1.30932e+08 1.30932e+08 1.30932e+08
364 9.68067e+07 9.68067e+07 9.68061e+07 9.68061e+07
491 8.7044e+07 8.7044e+07 8.70434e+07 8.70434e+07
513 5.52673e+07 5.52673e+07 5.52668e+07 5.52668e+07
625 4.83867e+07 4.83867e+07 4.83862e+07 4.83862e+07
839 3.78099e+07 3.78099e+07 3.78093e+07 3.78093e+07
1167 3.68218e+07 3.68218e+07 3.68212e+07 3.68212e+07
1245 3.49395e+07 3.49395e+07 3.4939e+07 3.4939e+07
1463 2.99741e+07 2.99741e+07 2.99736e+07 2.99736e+07
1570 2.55845e+07 2.55845e+07 2.5584e+07 2.5584e+07
1770 2.38747e+07 2.38747e+07 2.38742e+07 2.38742e+07
1909 2.33044e+07 2.33044e+07 2.33039e+07 2.33039e+07
1952 1.1735e+07 1.1735e+07 1.17344e+07 1.17344e+07
2150 6.00933e+08 1.1735e+07 6.00932e+08 1.17344e+07
"function evaluation" "current f(x)" "best-so-far f(x)" "current af(x)+b"  "best af(x)+b"
1 2.3956e+08 2.3956e+08 2.3956e+08 2.3956e+08
52 1.28403e+08 1.28403e+08 1.28403e+08 1.28403e+08
347 1.235e+08 1.235e+08 1.235e+08 1.235e+08
409 1.03142e+08 1.03142e+08 1.03141e+08 1.03141e+08
516 9.63246e+07 9.63246e+07 9.63242e+07 9.63242e+07
585 9.24194e+07 9.24194e+07 9.24191e+07 9.24191e+07
599 8.9854e+07 8.9854e+07 8.98536e+07 8.98536e+07
638 8.47539e+07 8.47539e+07 8.47535e+07 8.47535e+07
787 6.89104e+07 6.89104e+07 6.89101e+07 6.89101e+07
884 5.43943e+07 5.43943e+07 5.4394e+07 5.4394e+07
1105 3.88961e+07 3.88961e+07 3.88957e+07 3.88957e+07
1522 3.87183e+07 3.87183e+07 3.87179e+07 3.87179e+07
1750 3.81943e+07 3.81943e+07 3.81939e+07 3.81939e+07
1783 3.73336e+07 3.73336e+07 3.73333e+07 3.73333e+07
1805 2.94696e+07 2.94696e+07 2.94692e+07 2.94692e+07
1920 2.90767e+07 2.90767e+07 2.90764e+07 2.90764e+07
1955 2.1405e+07 2.1405e+07 2.14046e+07 2.14046e+07
2150 1.62165e+08 2.1405e+07 1.62164e+08 2.14046e+07
"function evaluation" "current f(x)" "best-so-far f(x)" "current af(x)+b"  "best af(x)+b"
1 8.53469e+08 8.53469e+08 8.53468e+08 8.53468e+08
5 8.11254e+08 8.11254e+08 8.11253e+08 8.11253e+08
6 4.49503e+08 4.49503e+08 4.49502e+08 4.49502e+08
9 2.96651e+08 2.96651e+08 2.9665e+08 2.9665e+08
13 2.59094e+08 2.59094e+08 2.59093e+08 2.59093e+08
32 2.31826e+08 2.31826e+08 2.31825e+08 2.31825e+08
55 2.07957e+08 2.07957e+08 2.07956e+08 2.07956e+08
65 1.60105e+08 1.60105e+08 1.60104e+08 1.60104e+08
112 1.0193e+08 1.0193e+08 1.01929e+08 1.01929e+08
402 8.5014e+07 8.5014e+07 8.50131e+07 8.50131e+07
788 7.57175e+07 7.57175e+07 7.57166e+07 7.57166e+07
818 7.44851e+07 7.44851e+07 7.44842e+07 7.44842e+07
871 6.55456e+07 6.55456e+07 6.55448e+07 6.55448e+07
968 6.15471e+07 6.15471e+07 6.15463e+07 6.15463e+07
1116 5.81892e+07 5.81892e+07 5.81884e+07 5.81884e+07
1132 3.87667e+07 3.87667e+07 3.87658e+07 3.87658e+07
1463 2.72013e+07 2.72013e+07 2.72005e+07 2.72005e+07
1655 2.50843e+07 2.50843e+07 2.50835e+07 2.50835e+07
1872 2.29355e+07 2.29355e+07 2.29347e+07 2.29347e+07
1894 2.24244e+07 2.24244e+07 2.24236e+07 2.24236e+07
2150 2.83527e+08 2.24244e+07 2.83526e+08 2.24236e+07
"function evaluation" "current f(x)" "best-so-far f(x)" "current af(x)+b"  "best af(x)+b"
1 1.53565e+09 1.53565e+09 1.53565e+09 1.53565e+09
3 1.49732e+09 1.49732e+09 1.49732e+09 1.49732e+09
10 6.72858e+08 6.72858e+08 6.72858e+08 6.72858e+08
11 2.94261e+08 2.94261e+08 2.94261e+08 2.94261e+08
104 1.91896e+08 1.91896e+08 1.91896e+08 1.91896e+08
131 1.40435e+08 1.40435e+08 1.40435e+08 1.40435e+08
504 1.06371e+08 1.06371e+08 1.06371e+08 1.06371e+08
760 1.04882e+08 1.04882e+08 1.04882e+08 1.04882e+08
790 7.26912e+07 7.26912e+07 7.26913e+07 7.26913e+07
921 5.75654e+07 5.75654e+07 5.75655e+07 5.75655e+07
1152 4.82949e+07 4.82949e+07 4.8295e+07 4.8295e+07
1286 4.17205e+07 4.17205e+07 4.17205e+07 4.17205e+07
1459 3.93732e+07 3.93732e+07 3.93733e+07 3.93733e+07
1483 3.25844e+07 3.25844e+07 3.25845e+07 3.25845e+07
1486 3.24151e+07 3.24151e+07 3.24152e+07 3.24152e+07
1579 3.05439e+07 3.05439e+07 3.0544e+07 3.0544e+07
1955 2.68005e+07 2.68005e+07 2.68005e+07 2.68005e+07
1972 2.44934e+07 2.44934e+07 2.44934e+07 2.44934e+07
2150 1.37906e+08 2.44934e+07 1.37906e+08 2.44934e+07
"function evaluation" "current f(x)" "best-so-far f(x)" "current af(x)+b"  "best af(x)+b"
1 1.02426e+09 1.02426e+09 1.02426e+09 1.02426e+09
2 6.1494e+08 6.1494e+08 6.1494e+08 6.1494e+08
3 2.49311e+08 2.49311e+08 2.49311e+08 2.49311e+08
24 1.37502e+08 1.37502e+08 1.37502e+08 1.37502e+08
143 9.38209e+07 9.38209e+07 9.38209e+07 9.38209e+07
258 4.81004e+07 4.81004e+07 4.81005e+07 4.81005e+07
1214 3.41907e+07 3.41907e+07 3.41908e+07 3.41908e+07
1463 2.69989e+07 2.69989e+07 2.69989e+07 2.69989e+07
1500 2.36242e+07 2.36242e+07 2.36242e+07 2.36242e+07
1937 2.16859e+07 2.16859e+07 2.1686e+07 2.1686e+07
2150 1.46571e+08 2.16859e+07 1.46571e+08 2.1686e+07
"function evaluation" "current f(x)" "best-so-far f(x)" "current af(x)+b"  "best af(x)+b"
1 8.11828e+08 8.11828e+08 8.11828e+08 8.11828e+08
2 2.95481e+08 2.95481e+08 2.95481e+08 2.95481e+08
17 2.04665e+08 2.04665e+08 2.04665e+08 2.04665e+08
26 1.9524e+08 1.9524e+08 1.9524e+08 1.9524e+08
69 1.54771e+08 1.54771e+08 1.54771e+08 1.54771e+08
90 9.71194e+07 9.71194e+07 9.71194e+07 9.71194e+07
428 8.65806e+07 8.65806e+07 8.65806e+07 8.65806e+07
516 7.48204e+07 7.48204e+07 7.48204e+07 7.48204e+07
547 7.30395e+07 7.30395e+07 7.30395e+07 7.30395e+07
754 4.58917e+07 4.58917e+07 4.58916e+07 4.58916e+07
788 3.96314e+07 3.96314e+07 3.96314e+07 3.96314e+07
1126 3.1665e+07 3.1665e+07 3.16649e+07 3.16649e+07
1488 3.1322e+07 3.1322e+07 3.13219e+07 3.13219e+07
1549 3.06354e+07 3.06354e+07 3.06354e+07 3.06354e+07
1804 2.83005e+07 2.83005e+07 2.83005e+07 2.83005e+07
1863 2.70667e+07 2.70667e+07 2.70667e+07 2.70667e+07
1978 2.13637e+07 2.13637e+07 2.13637e+07 2.13637e+07
2150 2.37014e+08 2.13637e+07 2.37014e+08 2.13637e+07
"function evaluation" "current f(x)" "best-so-far f(x)" "current af(x)+b"  "best af(x)+b"
1 3.72923e+08 3.72923e+08 3.72923e+08 3.72923e+08
5 2.98195e+08 2.98195e+08 2.98195e+08 2.98195e+08
9 1.62791e+08 1.62791e+08 1.62791e+08 1.62791e+08
62 1.47605e+08 1.47605e+08 1.47605e+08 1.47605e+08
69 1.29856e+08 1.29856e+08 1.29856e+08 1.29856e+08
71 1.20102e+08 1.20102e+08 1.20102e+08 1.20102e+08
283 1.1496e+08 1.1496e+08 1.1496e+08 1.1496e+08
336 6.17553e+07 6.17553e+07 6.17552e+07 6.17552e+07
469 4.72422e+07 4.72422e+07 4.72421e+07 4.72421e+07
1113 3.47051e+07 3.47051e+07 3.4705e+07 3.4705e+07
1114 2.93745e+07 2.93745e+07 2.93744e+07 2.93744e+07
1431 2.58271e+07 2.58271e+07 2.58269e+07 2.58269e+07
1756 1.52102e+07 1.52102e+07 1.52101e+07 1.52101e+07
1829 1.40147e+07 1.40147e+07 1.40146e+07 1.40146e+07
2150 1.2341e+09 1.40147e+07 1.2341e+09 1.40146e+07
