"function evaluation" "current f(x)" "best-so-far f(x)" "current af(x)+b"  "best af(x)+b"
1 351.797 351.797 -110.293 -110.293
3 120.719 120.719 -341.371 -341.371
7 119.382 119.382 -342.708 -342.708
8 45.0128 45.0128 -417.077 -417.077
23 35.0242 35.0242 -427.066 -427.066
39 31.5783 31.5783 -430.512 -430.512
105 21.2392 21.2392 -440.851 -440.851
126 11.8833 11.8833 -450.207 -450.207
128 5.13785 5.13785 -456.952 -456.952
1134 3.35961 3.35961 -458.73 -458.73
2445 1.50028 1.50028 -460.59 -460.59
7405 1.48753 1.48753 -460.602 -460.602
7412 1.42527 1.42527 -460.665 -460.665
20050 87.3693 1.42527 -374.721 -460.665
"function evaluation" "current f(x)" "best-so-far f(x)" "current af(x)+b"  "best af(x)+b"
1 23.2985 23.2985 100.959 100.959
6 23.0408 23.0408 100.701 100.701
45 15.5837 15.5837 93.2437 93.2437
102 6.97263 6.97263 84.6326 84.6326
103 3.7981 3.7981 81.4581 81.4581
3128 3.55798 3.55798 81.218 81.218
4017 1.2127 1.2127 78.8727 78.8727
7939 0.0868849 0.0868849 77.7469 77.7469
20050 83.1204 0.0868849 160.78 77.7469
"function evaluation" "current f(x)" "best-so-far f(x)" "current af(x)+b"  "best af(x)+b"
1 92.7853 92.7853 208.465 208.465
2 67.3003 67.3003 182.98 182.98
7 14.0455 14.0455 129.726 129.726
431 11.1658 11.1658 126.846 126.846
1411 10.2176 10.2176 125.898 125.898
1435 5.31754 5.31754 120.998 120.998
1628 5.23238 5.23238 120.912 120.912
1646 4.63634 4.63634 120.316 120.316
4050 1.83978 1.83978 117.52 117.52
12430 1.67912 1.67912 117.359 117.359
17031 1.15484 1.15484 116.835 116.835
18617 1.09533 1.09533 116.775 116.775
20050 34.0431 1.09533 149.723 116.775
"function evaluation" "current f(x)" "best-so-far f(x)" "current af(x)+b"  "best af(x)+b"
1 155.763 155.763 152.053 152.053
2 87.6834 87.6834 83.9734 83.9734
4 55.3942 55.3942 51.6842 51.6842
5 46.6406 46.6406 42.9306 42.9306
6 29.7931 29.7931 26.0831 26.0831
35 14.2588 14.2588 10.5488 10.5488
144 14.0316 14.0316 10.3216 10.3216
420 12.7293 12.7293 9.01929 9.01929
449 9.13732 9.13732 5.42732 5.42732
702 4.81922 4.81922 1.10922 1.10922
2534 1.4787 1.4787 -2.2313 -2.2313
7846 1.43472 1.43472 -2.27528 -2.27528
10041 0.401461 0.401461 -3.30854 -3.30854
20050 13375.8 0.401461 13372.1 -3.30854
"function evaluation" "current f(x)" "best-so-far f(x)" "current af(x)+b"  "best af(x)+b"
1 101.066 101.066 233.246 233.246
3 69.0711 69.0711 201.251 201.251
9 31.9781 31.9781 164.158 164.158
13 30.6859 30.6859 162.866 162.866
17 30.6497 30.6497 162.83 162.83
19 29.4969 29.4969 161.677 161.677
27 28.1262 28.1262 160.306 160.306
31 14.4957 14.4957 146.676 146.676
212 9.13404 9.13404 141.314 141.314
916 7.00577 7.00577 139.186 139.186
943 6.87727 6.87727 139.057 139.057
944 6.47109 6.47109 138.651 138.651
2805 6.39063 6.39063 138.571 138.571
2838 5.58732 5.58732 137.767 137.767
3331 2.37827 2.37827 134.558 134.558
8945 1.83648 1.83648 134.016 134.016
9244 1.67397 1.67397 133.854 133.854
10114 1.18459 1.18459 133.365 133.365
10132 1.16834 1.16834 133.348 133.348
17440 1.13762 1.13762 133.318 133.318
20050 8685.58 1.13762 8817.76 133.318
"function evaluation" "current f(x)" "best-so-far f(x)" "current af(x)+b"  "best af(x)+b"
1 114.649 114.649 -470.081 -470.081
8 68.288 68.288 -516.442 -516.442
13 65.4452 65.4452 -519.285 -519.285
24 49.2327 49.2327 -535.497 -535.497
27 45.2394 45.2394 -539.491 -539.491
28 28.0334 28.0334 -556.697 -556.697
108 28.0026 28.0026 -556.727 -556.727
213 27.7204 27.7204 -557.01 -557.01
215 26.0045 26.0045 -558.726 -558.726
216 22.0171 22.0171 -562.713 -562.713
221 7.94743 7.94743 -576.783 -576.783
239 5.16409 5.16409 -579.566 -579.566
2334 4.78369 4.78369 -579.946 -579.946
3347 4.28229 4.28229 -580.448 -580.448
3802 2.07048 2.07048 -582.66 -582.66
7722 1.58323 1.58323 -583.147 -583.147
9714 0.516102 0.516102 -584.214 -584.214
20050 346.795 0.516102 -237.935 -584.214
"function evaluation" "current f(x)" "best-so-far f(x)" "current af(x)+b"  "best af(x)+b"
1 94.9229 94.9229 58.3829 58.3829
8 2.24189 2.24189 -34.2981 -34.2981
4529 1.9174 1.9174 -34.6226 -34.6226
5127 1.7887 1.7887 -34.7513 -34.7513
5138 1.39538 1.39538 -35.1446 -35.1446
5605 1.35108 1.35108 -35.1889 -35.1889
19620 1.30072 1.30072 -35.2393 -35.2393
19637 1.03423 1.03423 -35.5058 -35.5058
20050 63.2532 1.03423 26.7132 -35.5058
"function evaluation" "current f(x)" "best-so-far f(x)" "current af(x)+b"  "best af(x)+b"
1 145.231 145.231 1145.23 1145.23
9 74.1203 74.1203 1074.12 1074.12
21 51.8247 51.8247 1051.82 1051.82
29 32.3248 32.3248 1032.32 1032.32
45 15.9844 15.9844 1015.98 1015.98
130 12.8456 12.8456 1012.85 1012.85
315 7.97287 7.97287 1007.97 1007.97
824 6.15438 6.15438 1006.15 1006.15
1139 3.20934 3.20934 1003.21 1003.21
2134 2.95684 2.95684 1002.96 1002.96
4730 1.87197 1.87197 1001.87 1001.87
5812 0.529635 0.529635 1000.53 1000.53
20050 12355 0.529635 13355 1000.53
"function evaluation" "current f(x)" "best-so-far f(x)" "current af(x)+b"  "best af(x)+b"
1 775.007 775.007 821.617 821.617
2 20.9327 20.9327 67.5427 67.5427
414 17.6376 17.6376 64.2476 64.2476
820 6.35259 6.35259 52.9626 52.9626
844 5.72907 5.72907 52.3391 52.3391
918 3.35901 3.35901 49.969 49.969
1106 2.52806 2.52806 49.1381 49.1381
1724 2.12461 2.12461 48.7346 48.7346
1921 1.09833 1.09833 47.7083 47.7083
5945 0.433835 0.433835 47.0438 47.0438
20050 36.0173 0.433835 82.6273 47.0438
"function evaluation" "current f(x)" "best-so-far f(x)" "current af(x)+b"  "best af(x)+b"
1 79.8538 79.8538 -184.456 -184.456
2 23.08 23.08 -241.23 -241.23
33 6.51352 6.51352 -257.796 -257.796
1014 4.4063 4.4063 -259.904 -259.904
1915 3.297 3.297 -261.013 -261.013
4536 1.74137 1.74137 -262.569 -262.569
5042 1.69475 1.69475 -262.615 -262.615
16445 0.394362 0.394362 -263.916 -263.916
20050 6104.29 0.394362 5839.98 -263.916
"function evaluation" "current f(x)" "best-so-far f(x)" "current af(x)+b"  "best af(x)+b"
1 134.125 134.125 206.855 206.855
2 114.967 114.967 187.697 187.697
4 62.2335 62.2335 134.964 134.964
6 32.6884 32.6884 105.418 105.418
7 18.7535 18.7535 91.4835 91.4835
201 5.44881 5.44881 78.1788 78.1788
1729 4.4767 4.4767 77.2067 77.2067
2118 3.05169 3.05169 75.7817 75.7817
2139 2.10532 2.10532 74.8353 74.8353
4150 1.00311 1.00311 73.7331 73.7331
5239 0.719182 0.719182 73.4492 73.4492
17721 0.370103 0.370103 73.1001 73.1001
20050 33.7132 0.370103 106.443 73.1001
"function evaluation" "current f(x)" "best-so-far f(x)" "current af(x)+b"  "best af(x)+b"
1 88.4466 88.4466 225.317 225.317
2 67.164 67.164 204.034 204.034
5 54.8779 54.8779 191.748 191.748
11 47.2437 47.2437 184.114 184.114
14 14.1631 14.1631 151.033 151.033
211 12.3785 12.3785 149.249 149.249
248 9.11456 9.11456 145.985 145.985
416 7.90956 7.90956 144.78 144.78
512 5.69858 5.69858 142.569 142.569
526 5.64044 5.64044 142.51 142.51
618 3.23016 3.23016 140.1 140.1
3329 2.35707 2.35707 139.227 139.227
7714 1.38281 1.38281 138.253 138.253
20050 40.1574 1.38281 177.027 138.253
"function evaluation" "current f(x)" "best-so-far f(x)" "current af(x)+b"  "best af(x)+b"
1 99.4604 99.4604 121.42 121.42
2 29.4627 29.4627 51.4227 51.4227
14 28.8617 28.8617 50.8217 50.8217
26 26.4301 26.4301 48.3901 48.3901
29 25.4865 25.4865 47.4465 47.4465
34 15.2965 15.2965 37.2565 37.2565
210 10.6864 10.6864 32.6464 32.6464
217 9.55447 9.55447 31.5145 31.5145
242 9.44247 9.44247 31.4025 31.4025
1439 4.30355 4.30355 26.2636 26.2636
3546 2.93727 2.93727 24.8973 24.8973
8423 1.79477 1.79477 23.7548 23.7548
8449 1.53294 1.53294 23.4929 23.4929
11225 1.45785 1.45785 23.4178 23.4178
12107 1.42977 1.42977 23.3898 23.3898
18816 1.0061 1.0061 22.9661 22.9661
20050 6.98983 1.0061 28.9498 22.9661
"function evaluation" "current f(x)" "best-so-far f(x)" "current af(x)+b"  "best af(x)+b"
1 207.787 207.787 186.397 186.397
4 80.4239 80.4239 59.0339 59.0339
11 20.807 20.807 -0.582965 -0.582965
114 19.2551 19.2551 -2.13493 -2.13493
529 15.1587 15.1587 -6.23125 -6.23125
544 8.51401 8.51401 -12.876 -12.876
805 1.77476 1.77476 -19.6152 -19.6152
10510 1.14118 1.14118 -20.2488 -20.2488
20050 48.0307 1.14118 26.6407 -20.2488
"function evaluation" "current f(x)" "best-so-far f(x)" "current af(x)+b"  "best af(x)+b"
1 281.785 281.785 799.445 799.445
2 76.9685 76.9685 594.628 594.628
10 53.1373 53.1373 570.797 570.797
16 3.02695 3.02695 520.687 520.687
1503 1.65866 1.65866 519.319 519.319
3521 0.996293 0.996293 518.656 518.656
20050 7608.71 0.996293 8126.37 518.656
"function evaluation" "current f(x)" "best-so-far f(x)" "current af(x)+b"  "best af(x)+b"
1 451.958 451.958 314.408 314.408
3 52.8706 52.8706 -84.6794 -84.6794
6 43.3422 43.3422 -94.2078 -94.2078
8 33.9543 33.9543 -103.596 -103.596
10 28.959 28.959 -108.591 -108.591
11 26.1668 26.1668 -111.383 -111.383
28 22.9423 22.9423 -114.608 -114.608
124 22.6155 22.6155 -114.935 -114.935
201 18.6009 18.6009 -118.949 -118.949
224 18.1137 18.1137 -119.436 -119.436
247 10.9797 10.9797 -126.57 -126.57
306 8.04784 8.04784 -129.502 -129.502
310 4.88352 4.88352 -132.666 -132.666
1428 4.11568 4.11568 -133.434 -133.434
3402 1.92372 1.92372 -135.626 -135.626
4243 1.0076 1.0076 -136.542 -136.542
20050 71.8954 1.0076 -65.6546 -136.542
"function evaluation" "current f(x)" "best-so-far f(x)" "current af(x)+b"  "best af(x)+b"
1 94.1737 94.1737 -6.80633 -6.80633
5 13.8992 13.8992 -87.0808 -87.0808
106 12.3846 12.3846 -88.5954 -88.5954
217 8.88941 8.88941 -92.0906 -92.0906
1602 5.04297 5.04297 -95.937 -95.937
1623 4.4588 4.4588 -96.5212 -96.5212
2018 3.88261 3.88261 -97.0974 -97.0974
3622 3.32581 3.32581 -97.6542 -97.6542
8320 1.36816 1.36816 -99.6118 -99.6118
8338 1.31243 1.31243 -99.6676 -99.6676
12037 0.481306 0.481306 -100.499 -100.499
20050 4060.26 0.481306 3959.28 -100.499
"function evaluation" "current f(x)" "best-so-far f(x)" "current af(x)+b"  "best af(x)+b"
1 116.488 116.488 148.828 148.828
5 42.9763 42.9763 75.3163 75.3163
28 21.7944 21.7944 54.1344 54.1344
110 19.3099 19.3099 51.6499 51.6499
112 12.8181 12.8181 45.1581 45.1581
833 10.8922 10.8922 43.2322 43.2322
843 7.19232 7.19232 39.5323 39.5323
1409 2.78768 2.78768 35.1277 35.1277
1720 2.4645 2.4645 34.8045 34.8045
1733 2.27647 2.27647 34.6165 34.6165
2212 2.15135 2.15135 34.4913 34.4913
2831 1.61435 1.61435 33.9543 33.9543
3046 1.357 1.357 33.697 33.697
17208 0.92277 0.92277 33.2628 33.2628
20050 54.2993 0.92277 86.6393 33.2628
"function evaluation" "current f(x)" "best-so-far f(x)" "current af(x)+b"  "best af(x)+b"
1 693.461 693.461 1304.44 1304.44
2 455.812 455.812 1066.79 1066.79
3 318.636 318.636 929.616 929.616
4 32.8802 32.8802 643.86 643.86
6 16.9986 16.9986 627.979 627.979
708 16.1789 16.1789 627.159 627.159
720 8.47071 8.47071 619.451 619.451
1021 5.92431 5.92431 616.904 616.904
2419 5.55071 5.55071 616.531 616.531
2539 4.88387 4.88387 615.864 615.864
2821 4.18542 4.18542 615.165 615.165
4033 1.05561 1.05561 612.036 612.036
9508 1.04575 1.04575 612.026 612.026
10102 0.0902419 0.0902419 611.07 611.07
20050 1452.94 0.0902419 2063.92 611.07
"function evaluation" "current f(x)" "best-so-far f(x)" "current af(x)+b"  "best af(x)+b"
1 189.543 189.543 250.713 250.713
3 38.0689 38.0689 99.2389 99.2389
25 32.578 32.578 93.748 93.748
209 30.6509 30.6509 91.8209 91.8209
240 29.2096 29.2096 90.3796 90.3796
303 26.5465 26.5465 87.7165 87.7165
321 24.0841 24.0841 85.2541 85.2541
333 9.57772 9.57772 70.7477 70.7477
502 5.60636 5.60636 66.7764 66.7764
528 4.26779 4.26779 65.4378 65.4378
1006 2.31473 2.31473 63.4847 63.4847
2604 2.1132 2.1132 63.2832 63.2832
5235 1.38969 1.38969 62.5597 62.5597
7826 0.997494 0.997494 62.1675 62.1675
8548 0.559364 0.559364 61.7294 61.7294
10924 0.129309 0.129309 61.2993 61.2993
20050 94.1664 0.129309 155.336 61.2993
"function evaluation" "current f(x)" "best-so-far f(x)" "current af(x)+b"  "best af(x)+b"
1 28.7504 28.7504 50.4404 50.4404
15 21.7604 21.7604 43.4504 43.4504
337 18.2365 18.2365 39.9265 39.9265
408 14.4618 14.4618 36.1518 36.1518
421 10.7232 10.7232 32.4132 32.4132
515 5.73573 5.73573 27.4257 27.4257
635 5.68525 5.68525 27.3752 27.3752
1215 5.03137 5.03137 26.7214 26.7214
1549 4.05205 4.05205 25.7421 25.7421
3901 1.29158 1.29158 22.9816 22.9816
7424 0.672502 0.672502 22.3625 22.3625
19946 0.0446278 0.0446278 21.7346 21.7346
20050 385.02 0.0446278 406.71 21.7346
"function evaluation" "current f(x)" "best-so-far f(x)" "current af(x)+b"  "best af(x)+b"
1 125.875 125.875 208.195 208.195
2 8.59122 8.59122 90.9112 90.9112
101 8.4495 8.4495 90.7695 90.7695
1001 7.66669 7.66669 89.9867 89.9867
1015 2.59561 2.59561 84.9156 84.9156
4432 1.17429 1.17429 83.4943 83.4943
9930 1.07303 1.07303 83.393 83.393
14517 0.602949 0.602949 82.9229 82.9229
20050 895.764 0.602949 978.084 82.9229
"function evaluation" "current f(x)" "best-so-far f(x)" "current af(x)+b"  "best af(x)+b"
1 76.6737 76.6737 280.134 280.134
12 23.9958 23.9958 227.456 227.456
27 9.47702 9.47702 212.937 212.937
1144 7.74644 7.74644 211.206 211.206
1633 6.3332 6.3332 209.793 209.793
2403 5.68444 5.68444 209.144 209.144
3420 3.15196 3.15196 206.612 206.612
5920 2.3585 2.3585 205.819 205.819
7640 1.11755 1.11755 204.578 204.578
20050 71.2229 1.11755 274.683 204.578
"function evaluation" "current f(x)" "best-so-far f(x)" "current af(x)+b"  "best af(x)+b"
1 67.2031 67.2031 -932.797 -932.797
2 60.1094 60.1094 -939.891 -939.891
11 41.2975 41.2975 -958.703 -958.703
24 23.0117 23.0117 -976.988 -976.988
104 10.8035 10.8035 -989.196 -989.196
144 6.84441 6.84441 -993.156 -993.156
1429 2.56179 2.56179 -997.438 -997.438
1724 1.87859 1.87859 -998.121 -998.121
7444 1.51875 1.51875 -998.481 -998.481
12433 1.27076 1.27076 -998.729 -998.729
14902 0.260877 0.260877 -999.739 -999.739
20050 11790.4 0.260877 10790.4 -999.739
"function evaluation" "current f(x)" "best-so-far f(x)" "current af(x)+b"  "best af(x)+b"
1 317.258 317.258 296.348 296.348
2 88.8224 88.8224 67.9124 67.9124
5 22.5992 22.5992 1.68921 1.68921
301 21.4078 21.4078 0.497763 0.497763
329 18.4159 18.4159 -2.49412 -2.49412
330 18.1632 18.1632 -2.74682 -2.74682
339 11.9517 11.9517 -8.95831 -8.95831
412 10.6767 10.6767 -10.2333 -10.2333
535 10.6214 10.6214 -10.2886 -10.2886
822 5.6699 5.6699 -15.2401 -15.2401
1211 3.09891 3.09891 -17.8111 -17.8111
2004 1.12175 1.12175 -19.7883 -19.7883
11336 0.673641 0.673641 -20.2364 -20.2364
20050 23.6154 0.673641 2.70544 -20.2364
