"function evaluation" "current f(x)" "best-so-far f(x)" "current af(x)+b"  "best af(x)+b"
1 4.08828e+06 4.08828e+06 4.08807e+06 4.08807e+06
4 441961 441961 441751 441751
29 3463.9 3463.9 3254.02 3254.02
226 353.074 353.074 143.194 143.194
518 306.231 306.231 96.3505 96.3505
724 153.549 153.549 -56.3313 -56.3313
1102 2.10516 2.10516 -207.775 -207.775
20050 2.7114e+08 2.10516 2.7114e+08 -207.775
"function evaluation" "current f(x)" "best-so-far f(x)" "current af(x)+b"  "best af(x)+b"
1 4.35351e+07 4.35351e+07 4.3535e+07 4.3535e+07
2 4.25387e+07 4.25387e+07 4.25386e+07 4.25386e+07
3 497582 497582 497490 497490
5 245637 245637 245545 245545
8 24070.1 24070.1 23978 23978
10 3102.3 3102.3 3010.21 3010.21
615 223.118 223.118 131.028 131.028
814 70.6197 70.6197 -21.4703 -21.4703
1335 2.31042 2.31042 -89.7796 -89.7796
12310 1.63789 1.63789 -90.4521 -90.4521
12324 1.49949 1.49949 -90.5905 -90.5905
16921 0.622704 0.622704 -91.4673 -91.4673
16933 0.576458 0.576458 -91.5135 -91.5135
20050 1.32043e+08 0.576458 1.32043e+08 -91.5135
"function evaluation" "current f(x)" "best-so-far f(x)" "current af(x)+b"  "best af(x)+b"
1 2.10038e+07 2.10038e+07 2.10038e+07 2.10038e+07
2 1.95667e+07 1.95667e+07 1.95666e+07 1.95666e+07
3 1.15132e+06 1.15132e+06 1.15123e+06 1.15123e+06
6 3679.03 3679.03 3591.14 3591.14
23 426.918 426.918 339.028 339.028
341 354.965 354.965 267.075 267.075
1936 108.235 108.235 20.3453 20.3453
3049 0.1724 0.1724 -87.7176 -87.7176
16935 0.109218 0.109218 -87.7808 -87.7808
20050 1.72996e+08 0.109218 1.72996e+08 -87.7808
"function evaluation" "current f(x)" "best-so-far f(x)" "current af(x)+b"  "best af(x)+b"
1 2.10256e+07 2.10256e+07 2.10259e+07 2.10259e+07
2 1081.79 1081.79 1401.98 1401.98
34 767.786 767.786 1087.98 1087.98
45 216.969 216.969 537.159 537.159
1910 94.4657 94.4657 414.656 414.656
2228 24.6236 24.6236 344.814 344.814
5649 10.9679 10.9679 331.158 331.158
7443 10.3142 10.3142 330.504 330.504
20050 319967 10.3142 320288 330.504
"function evaluation" "current f(x)" "best-so-far f(x)" "current af(x)+b"  "best af(x)+b"
1 9.09744e+06 9.09744e+06 9.09734e+06 9.09734e+06
5 911063 911063 910959 910959
15 333917 333917 333813 333813
33 5230.46 5230.46 5126.22 5126.22
440 611.334 611.334 507.094 507.094
527 13.1945 13.1945 -91.0455 -91.0455
4302 6.00882 6.00882 -98.2312 -98.2312
4329 3.85199 3.85199 -100.388 -100.388
8417 2.75489 2.75489 -101.485 -101.485
20050 3.96994e+06 2.75489 3.96984e+06 -101.485
"function evaluation" "current f(x)" "best-so-far f(x)" "current af(x)+b"  "best af(x)+b"
1 3.10071e+07 3.10071e+07 3.10071e+07 3.10071e+07
3 6.75714e+06 6.75714e+06 6.75711e+06 6.75711e+06
4 3.18242e+06 3.18242e+06 3.18238e+06 3.18238e+06
5 338642 338642 338606 338606
9 40568.6 40568.6 40532.9 40532.9
12 12640.6 12640.6 12604.9 12604.9
101 5514.73 5514.73 5479.03 5479.03
208 498.154 498.154 462.454 462.454
214 286.414 286.414 250.714 250.714
518 260.729 260.729 225.029 225.029
1701 24.1882 24.1882 -11.5118 -11.5118
8113 20.5371 20.5371 -15.1629 -15.1629
8140 9.96754 9.96754 -25.7325 -25.7325
12134 3.04812 3.04812 -32.6519 -32.6519
20050 2389.12 3.04812 2353.42 -32.6519
"function evaluation" "current f(x)" "best-so-far f(x)" "current af(x)+b"  "best af(x)+b"
1 9.23219e+06 9.23219e+06 9.23222e+06 9.23222e+06
2 1.74385e+06 1.74385e+06 1.74387e+06 1.74387e+06
5 1.60988e+06 1.60988e+06 1.6099e+06 1.6099e+06
7 1982.56 1982.56 2003.26 2003.26
101 98.467 98.467 119.167 119.167
221 57.9359 57.9359 78.6359 78.6359
431 33.4722 33.4722 54.1722 54.1722
436 25.8427 25.8427 46.5427 46.5427
3614 23.4724 23.4724 44.1724 44.1724
20050 416023 23.4724 416044 44.1724
"function evaluation" "current f(x)" "best-so-far f(x)" "current af(x)+b"  "best af(x)+b"
1 9.31756e+06 9.31756e+06 9.3176e+06 9.3176e+06
2 82619.9 82619.9 82658 82658
21 81898 81898 81936 81936
28 61925 61925 61963.1 61963.1
40 39198.8 39198.8 39236.8 39236.8
42 13169.9 13169.9 13208 13208
126 1294.61 1294.61 1332.68 1332.68
915 707.728 707.728 745.798 745.798
1005 627.562 627.562 665.632 665.632
1009 223.487 223.487 261.557 261.557
1302 48.057 48.057 86.127 86.127
2636 18.9925 18.9925 57.0625 57.0625
20050 1.85594e+07 18.9925 1.85595e+07 57.0625
"function evaluation" "current f(x)" "best-so-far f(x)" "current af(x)+b"  "best af(x)+b"
1 1.65331e+07 1.65331e+07 1.65331e+07 1.65331e+07
2 695784 695784 695738 695738
11 524989 524989 524943 524943
12 150454 150454 150408 150408
17 3273.65 3273.65 3228.23 3228.23
122 51.8731 51.8731 6.45315 6.45315
1205 30.2548 30.2548 -15.1652 -15.1652
1210 13.1022 13.1022 -32.3178 -32.3178
1224 11.2096 11.2096 -34.2104 -34.2104
1227 3.16709 3.16709 -42.2529 -42.2529
6125 1.28005 1.28005 -44.14 -44.14
20050 3.91851e+06 1.28005 3.91846e+06 -44.14
"function evaluation" "current f(x)" "best-so-far f(x)" "current af(x)+b"  "best af(x)+b"
1 23220.5 23220.5 23287.4 23287.4
34 22852.4 22852.4 22919.4 22919.4
35 2247.17 2247.17 2314.12 2314.12
137 225.683 225.683 292.633 292.633
209 95.5169 95.5169 162.467 162.467
516 57.6111 57.6111 124.561 124.561
546 26.4051 26.4051 93.3551 93.3551
1902 15.8377 15.8377 82.7877 82.7877
3524 7.75002 7.75002 74.7 74.7
3529 3.91554 3.91554 70.8655 70.8655
18144 3.37347 3.37347 70.3235 70.3235
20050 2.47846e+08 3.37347 2.47846e+08 70.3235
"function evaluation" "current f(x)" "best-so-far f(x)" "current af(x)+b"  "best af(x)+b"
1 2.62733e+07 2.62733e+07 2.62734e+07 2.62734e+07
3 7.80045e+06 7.80045e+06 7.80051e+06 7.80051e+06
6 133810 133810 133869 133869
10 3857.41 3857.41 3915.73 3915.73
34 1491.47 1491.47 1549.79 1549.79
534 622.468 622.468 680.788 680.788
2221 27.8095 27.8095 86.1295 86.1295
2611 10.3078 10.3078 68.6278 68.6278
2909 8.73796 8.73796 67.058 67.058
20050 3.64706e+06 8.73796 3.64712e+06 67.058
"function evaluation" "current f(x)" "best-so-far f(x)" "current af(x)+b"  "best af(x)+b"
1 6.7456e+07 6.7456e+07 6.74562e+07 6.74562e+07
2 1.26903e+07 1.26903e+07 1.26905e+07 1.26905e+07
4 1.09434e+07 1.09434e+07 1.09436e+07 1.09436e+07
5 2.46933e+06 2.46933e+06 2.46953e+06 2.46953e+06
11 126922 126922 127115 127115
31 83544.9 83544.9 83738.1 83738.1
48 52903.1 52903.1 53096.4 53096.4
113 3213.95 3213.95 3407.22 3407.22
237 49.0051 49.0051 242.275 242.275
1342 47.1914 47.1914 240.461 240.461
1909 21.2808 21.2808 214.551 214.551
2216 0.117396 0.117396 193.387 193.387
20050 3.1195e+07 0.117396 3.11952e+07 193.387
"function evaluation" "current f(x)" "best-so-far f(x)" "current af(x)+b"  "best af(x)+b"
1 4.71826e+07 4.71826e+07 4.71822e+07 4.71822e+07
2 1.29161e+07 1.29161e+07 1.29157e+07 1.29157e+07
3 1.74593e+06 1.74593e+06 1.74551e+06 1.74551e+06
5 100432 100432 100013 100013
14 91590.9 91590.9 91171.9 91171.9
25 65.5653 65.5653 -353.445 -353.445
1049 6.23251 6.23251 -412.777 -412.777
14549 2.77508 2.77508 -416.235 -416.235
20050 4.20754e+06 2.77508 4.20712e+06 -416.235
"function evaluation" "current f(x)" "best-so-far f(x)" "current af(x)+b"  "best af(x)+b"
1 7821.09 7821.09 8228.7 8228.7
2 258.214 258.214 665.824 665.824
118 133.811 133.811 541.421 541.421
242 10.3242 10.3242 417.934 417.934
1210 0.486904 0.486904 408.097 408.097
20050 2.76602e+07 0.486904 2.76606e+07 408.097
"function evaluation" "current f(x)" "best-so-far f(x)" "current af(x)+b"  "best af(x)+b"
1 559575 559575 559603 559603
3 346223 346223 346252 346252
6 140064 140064 140093 140093
10 49715.7 49715.7 49744.4 49744.4
13 12430.3 12430.3 12459 12459
405 9.8117 9.8117 38.5317 38.5317
2622 3.14601 3.14601 31.866 31.866
20050 3.52829e+06 3.14601 3.52831e+06 31.866
"function evaluation" "current f(x)" "best-so-far f(x)" "current af(x)+b"  "best af(x)+b"
1 1.20609e+07 1.20609e+07 1.20608e+07 1.20608e+07
3 14087 14087 13997.7 13997.7
44 6486.49 6486.49 6397.26 6397.26
308 85.6626 85.6626 -3.56744 -3.56744
435 43.5349 43.5349 -45.6951 -45.6951
2840 31.8985 31.8985 -57.3315 -57.3315
3818 28.7471 28.7471 -60.4829 -60.4829
12316 18.7707 18.7707 -70.4593 -70.4593
12344 13.7448 13.7448 -75.4852 -75.4852
13819 8.83071 8.83071 -80.3993 -80.3993
20050 186521 8.83071 186432 -80.3993
"function evaluation" "current f(x)" "best-so-far f(x)" "current af(x)+b"  "best af(x)+b"
1 484480 484480 484539 484539
9 278708 278708 278766 278766
10 580.6 580.6 638.92 638.92
633 412.554 412.554 470.874 470.874
724 288.324 288.324 346.644 346.644
811 93.1477 93.1477 151.468 151.468
1927 43.3585 43.3585 101.678 101.678
3308 28.6754 28.6754 86.9954 86.9954
5305 16.2902 16.2902 74.6102 74.6102
5329 10.2398 10.2398 68.5598 68.5598
18435 10.0013 10.0013 68.3213 68.3213
20050 1.8668e+07 10.0013 1.86681e+07 68.3213
"function evaluation" "current f(x)" "best-so-far f(x)" "current af(x)+b"  "best af(x)+b"
1 1.60625e+07 1.60625e+07 1.60628e+07 1.60628e+07
2 14625.9 14625.9 14937.8 14937.8
104 14241.7 14241.7 14553.5 14553.5
116 9980.1 9980.1 10291.9 10291.9
122 5649.91 5649.91 5961.72 5961.72
412 174.108 174.108 485.918 485.918
526 45.8275 45.8275 357.637 357.637
547 14.1166 14.1166 325.927 325.927
1705 9.84732 9.84732 321.657 321.657
2444 7.76379 7.76379 319.574 319.574
7135 2.31706 2.31706 314.127 314.127
20050 6.14995e+07 2.31706 6.14998e+07 314.127
"function evaluation" "current f(x)" "best-so-far f(x)" "current af(x)+b"  "best af(x)+b"
1 1.72323e+06 1.72323e+06 1.72324e+06 1.72324e+06
5 287114 287114 287129 287129
9 260748 260748 260763 260763
13 18954.8 18954.8 18969.7 18969.7
50 34.4869 34.4869 49.3869 49.3869
430 21.9452 21.9452 36.8452 36.8452
1218 7.76705 7.76705 22.6671 22.6671
12111 5.88993 5.88993 20.7899 20.7899
12115 0.674023 0.674023 15.574 15.574
20050 2.99957e+06 0.674023 2.99958e+06 15.574
"function evaluation" "current f(x)" "best-so-far f(x)" "current af(x)+b"  "best af(x)+b"
1 8.18362e+06 8.18362e+06 8.18356e+06 8.18356e+06
2 6.29344e+06 6.29344e+06 6.29338e+06 6.29338e+06
3 6.15829e+06 6.15829e+06 6.15823e+06 6.15823e+06
7 4.14978e+06 4.14978e+06 4.14972e+06 4.14972e+06
9 1.61295e+06 1.61295e+06 1.61289e+06 1.61289e+06
15 1.15786e+06 1.15786e+06 1.1578e+06 1.1578e+06
16 27658.9 27658.9 27596.6 27596.6
35 24088.8 24088.8 24026.6 24026.6
101 3739.76 3739.76 3677.53 3677.53
144 1057.05 1057.05 994.817 994.817
229 978.002 978.002 915.772 915.772
235 749.635 749.635 687.405 687.405
246 590.551 590.551 528.321 528.321
308 150.282 150.282 88.0517 88.0517
1001 6.79348 6.79348 -55.4365 -55.4365
8104 1.31364 1.31364 -60.9164 -60.9164
20050 182629 1.31364 182567 -60.9164
"function evaluation" "current f(x)" "best-so-far f(x)" "current af(x)+b"  "best af(x)+b"
1 3.30228e+07 3.30228e+07 3.30229e+07 3.30229e+07
2 390647 390647 390711 390711
3 249493 249493 249557 249557
16 89019.5 89019.5 89083.1 89083.1
105 80816.2 80816.2 80879.8 80879.8
109 21466.8 21466.8 21530.3 21530.3
130 14589.7 14589.7 14653.3 14653.3
239 1551.2 1551.2 1614.79 1614.79
312 264.499 264.499 328.089 328.089
1018 0.00142497 0.00142497 63.5914 63.5914
20050 452074 0.00142497 452138 63.5914
"function evaluation" "current f(x)" "best-so-far f(x)" "current af(x)+b"  "best af(x)+b"
1 2.29512e+07 2.29512e+07 2.29507e+07 2.29507e+07
2 2.14741e+06 2.14741e+06 2.14684e+06 2.14684e+06
6 229863 229863 229292 229292
23 101387 101387 100816 100816
34 83916 83916 83344.7 83344.7
132 3016.4 3016.4 2445.11 2445.11
135 1470.2 1470.2 898.908 898.908
240 23.1621 23.1621 -548.128 -548.128
709 10.0428 10.0428 -561.247 -561.247
2211 1.71106 1.71106 -569.579 -569.579
14614 0.753185 0.753185 -570.537 -570.537
20050 1875.13 0.753185 1303.84 -570.537
"function evaluation" "current f(x)" "best-so-far f(x)" "current af(x)+b"  "best af(x)+b"
1 3.692e+06 3.692e+06 3.69195e+06 3.69195e+06
8 2140.2 2140.2 2087.6 2087.6
219 301.387 301.387 248.787 248.787
812 149.815 149.815 97.215 97.215
832 88.3284 88.3284 35.7284 35.7284
919 15.7782 15.7782 -36.8218 -36.8218
932 13.0673 13.0673 -39.5327 -39.5327
1434 2.80865 2.80865 -49.7914 -49.7914
20050 4.89309e+06 2.80865 4.89304e+06 -49.7914
"function evaluation" "current f(x)" "best-so-far f(x)" "current af(x)+b"  "best af(x)+b"
1 1.00554e+07 1.00554e+07 1.00553e+07 1.00553e+07
5 4.1742e+06 4.1742e+06 4.17408e+06 4.17408e+06
6 247470 247470 247344 247344
32 83695.1 83695.1 83569.4 83569.4
38 63970.2 63970.2 63844.5 63844.5
47 19520.1 19520.1 19394.4 19394.4
301 18121.3 18121.3 17995.6 17995.6
312 3734.27 3734.27 3608.57 3608.57
409 2527.35 2527.35 2401.65 2401.65
432 0.696407 0.696407 -125.004 -125.004
20050 17087.7 0.696407 16962 -125.004
"function evaluation" "current f(x)" "best-so-far f(x)" "current af(x)+b"  "best af(x)+b"
1 355204 355204 354204 354204
7 151712 151712 150712 150712
16 50488.8 50488.8 49488.8 49488.8
50 8202.48 8202.48 7202.48 7202.48
131 0.178843 0.178843 -999.821 -999.821
20050 4.42418e+06 0.178843 4.42318e+06 -999.821
