"function evaluation" "current f(x)" "best-so-far f(x)" "current af(x)+b"  "best af(x)+b"
1 46399.3 46399.3 46548.4 46548.4
2 12688.1 12688.1 12837.3 12837.3
3 5837.59 5837.59 5986.74 5986.74
21 2583.42 2583.42 2732.57 2732.57
101 1284.88 1284.88 1434.03 1434.03
108 432.072 432.072 581.222 581.222
379 179.458 179.458 328.608 328.608
850 19910.7 179.458 20059.9 328.608
"function evaluation" "current f(x)" "best-so-far f(x)" "current af(x)+b"  "best af(x)+b"
1 63031.1 63031.1 62031.1 62031.1
2 4586.06 4586.06 3586.06 3586.06
168 3064.39 3064.39 2064.39 2064.39
211 617.361 617.361 -382.639 -382.639
850 204 204 -796 -796
"function evaluation" "current f(x)" "best-so-far f(x)" "current af(x)+b"  "best af(x)+b"
1 238859 238859 238958 238958
3 12036.8 12036.8 12135.4 12135.4
12 10685.5 10685.5 10784.1 10784.1
20 802.737 802.737 901.357 901.357
186 276.743 276.743 375.363 375.363
565 164.76 164.76 263.38 263.38
751 124.459 124.459 223.079 223.079
850 8858.4 124.459 8957.02 223.079
"function evaluation" "current f(x)" "best-so-far f(x)" "current af(x)+b"  "best af(x)+b"
1 87795.1 87795.1 87748 87748
2 5945.38 5945.38 5898.23 5898.23
21 523.62 523.62 476.47 476.47
326 374.461 374.461 327.311 327.311
512 348.198 348.198 301.048 301.048
518 186.562 186.562 139.412 139.412
578 133.251 133.251 86.1015 86.1015
620 74.3737 74.3737 27.2237 27.2237
850 1909.53 74.3737 1862.38 27.2237
"function evaluation" "current f(x)" "best-so-far f(x)" "current af(x)+b"  "best af(x)+b"
1 132316 132316 132354 132354
2 49916.7 49916.7 49954.2 49954.2
4 42218.3 42218.3 42255.8 42255.8
8 10938 10938 10975.5 10975.5
35 4028.9 4028.9 4066.42 4066.42
39 4016.48 4016.48 4054 4054
45 2425.85 2425.85 2463.37 2463.37
50 781.705 781.705 819.225 819.225
305 658.383 658.383 695.903 695.903
316 315.953 315.953 353.473 353.473
578 295.69 295.69 333.21 333.21
679 173.169 173.169 210.689 210.689
827 66.2235 66.2235 103.744 103.744
850 73454.3 66.2235 73491.8 103.744
"function evaluation" "current f(x)" "best-so-far f(x)" "current af(x)+b"  "best af(x)+b"
1 271574 271574 271148 271148
2 2133.45 2133.45 1707.7 1707.7
125 1787.51 1787.51 1361.76 1361.76
183 1050.14 1050.14 624.385 624.385
511 107.676 107.676 -318.074 -318.074
850 3230.31 107.676 2804.56 -318.074
"function evaluation" "current f(x)" "best-so-far f(x)" "current af(x)+b"  "best af(x)+b"
1 151489 151489 151268 151268
2 117960 117960 117739 117739
5 9356.79 9356.79 9135.89 9135.89
20 2525.98 2525.98 2305.08 2305.08
35 2380.14 2380.14 2159.24 2159.24
117 2198.79 2198.79 1977.89 1977.89
164 1129.1 1129.1 908.203 908.203
189 198.032 198.032 -22.868 -22.868
313 196.415 196.415 -24.4848 -24.4848
528 128.828 128.828 -92.0718 -92.0718
560 72.5338 72.5338 -148.366 -148.366
628 27.0204 27.0204 -193.88 -193.88
850 3572.16 27.0204 3351.26 -193.88
"function evaluation" "current f(x)" "best-so-far f(x)" "current af(x)+b"  "best af(x)+b"
1 31316.4 31316.4 30956.9 30956.9
17 21269.3 21269.3 20909.8 20909.8
28 10189.3 10189.3 9829.78 9829.78
33 4238.73 4238.73 3879.25 3879.25
143 1029.34 1029.34 669.864 669.864
606 762.229 762.229 402.749 402.749
720 353.896 353.896 -5.58423 -5.58423
850 429.444 353.896 69.9636 -5.58423
"function evaluation" "current f(x)" "best-so-far f(x)" "current af(x)+b"  "best af(x)+b"
1 31790.2 31790.2 31817.6 31817.6
2 10865.7 10865.7 10893.1 10893.1
5 1771.35 1771.35 1798.83 1798.83
16 1545.87 1545.87 1573.35 1573.35
18 606.168 606.168 633.648 633.648
103 299.106 299.106 326.586 326.586
505 117.433 117.433 144.913 144.913
590 32.2492 32.2492 59.7292 59.7292
850 1002.42 32.2492 1029.9 59.7292
"function evaluation" "current f(x)" "best-so-far f(x)" "current af(x)+b"  "best af(x)+b"
1 19634.1 19634.1 19670.1 19670.1
5 12545.7 12545.7 12581.8 12581.8
30 1015.15 1015.15 1051.24 1051.24
294 238.926 238.926 275.016 275.016
372 148.903 148.903 184.993 184.993
524 112.161 112.161 148.251 148.251
782 38.5345 38.5345 74.6245 74.6245
850 81944.5 38.5345 81980.5 74.6245
"function evaluation" "current f(x)" "best-so-far f(x)" "current af(x)+b"  "best af(x)+b"
1 217758 217758 217700 217700
3 24167.4 24167.4 24109.5 24109.5
4 13752.5 13752.5 13694.6 13694.6
15 10256.4 10256.4 10198.5 10198.5
31 4881.34 4881.34 4823.43 4823.43
102 578.872 578.872 520.962 520.962
151 92.6285 92.6285 34.7185 34.7185
556 87.9029 87.9029 29.9929 29.9929
560 11.5886 11.5886 -46.3214 -46.3214
850 4586.35 11.5886 4528.44 -46.3214
"function evaluation" "current f(x)" "best-so-far f(x)" "current af(x)+b"  "best af(x)+b"
1 77121.3 77121.3 76786.4 76786.4
3 57603.2 57603.2 57268.3 57268.3
4 2076.03 2076.03 1741.12 1741.12
108 955.972 955.972 621.062 621.062
114 674.083 674.083 339.173 339.173
125 511.848 511.848 176.938 176.938
131 172.637 172.637 -162.273 -162.273
505 154.372 154.372 -180.538 -180.538
526 103.023 103.023 -231.887 -231.887
540 23.8449 23.8449 -311.065 -311.065
850 127201 23.8449 126866 -311.065
"function evaluation" "current f(x)" "best-so-far f(x)" "current af(x)+b"  "best af(x)+b"
1 114875 114875 114828 114828
4 88267.7 88267.7 88221 88221
7 41038.2 41038.2 40991.5 40991.5
12 8127.33 8127.33 8080.63 8080.63
47 639.722 639.722 593.022 593.022
188 444.949 444.949 398.249 398.249
303 230.702 230.702 184.002 184.002
664 217.662 217.662 170.962 170.962
850 108714 217.662 108668 170.962
"function evaluation" "current f(x)" "best-so-far f(x)" "current af(x)+b"  "best af(x)+b"
1 233324 233324 233231 233231
2 43427.3 43427.3 43334.2 43334.2
13 41407.7 41407.7 41314.6 41314.6
15 10794.4 10794.4 10701.3 10701.3
27 3356.74 3356.74 3263.66 3263.66
29 778.874 778.874 685.794 685.794
112 363.937 363.937 270.857 270.857
504 133.486 133.486 40.4055 40.4055
850 100484 133.486 100391 40.4055
"function evaluation" "current f(x)" "best-so-far f(x)" "current af(x)+b"  "best af(x)+b"
1 50687.5 50687.5 50729.2 50729.2
8 6500.01 6500.01 6541.69 6541.69
16 5721.63 5721.63 5763.31 5763.31
26 663.781 663.781 705.461 705.461
129 605.631 605.631 647.311 647.311
188 531.833 531.833 573.513 573.513
208 504.002 504.002 545.682 545.682
226 435.912 435.912 477.592 477.592
263 35.5276 35.5276 77.2076 77.2076
850 3105 35.5276 3146.68 77.2076
"function evaluation" "current f(x)" "best-so-far f(x)" "current af(x)+b"  "best af(x)+b"
1 271311 271311 271022 271022
5 56259 56259 55969.6 55969.6
6 3000.47 3000.47 2711.11 2711.11
46 1768.5 1768.5 1479.14 1479.14
408 1585.68 1585.68 1296.32 1296.32
514 1521.7 1521.7 1232.34 1232.34
516 525.311 525.311 235.951 235.951
597 450.904 450.904 161.544 161.544
619 448.904 448.904 159.544 159.544
651 362.813 362.813 73.4525 73.4525
763 170.287 170.287 -119.073 -119.073
850 372.056 170.287 82.6957 -119.073
"function evaluation" "current f(x)" "best-so-far f(x)" "current af(x)+b"  "best af(x)+b"
1 203915 203915 204101 204101
2 70885.2 70885.2 71072.1 71072.1
4 2053.97 2053.97 2240.84 2240.84
408 1456.32 1456.32 1643.19 1643.19
510 588.654 588.654 775.524 775.524
546 331.567 331.567 518.437 518.437
761 236.862 236.862 423.732 423.732
850 4000.11 236.862 4186.98 423.732
"function evaluation" "current f(x)" "best-so-far f(x)" "current af(x)+b"  "best af(x)+b"
1 169024 169024 168376 168376
3 146553 146553 145905 145905
7 60316.5 60316.5 59668.8 59668.8
14 10184.9 10184.9 9537.1 9537.1
125 7966.44 7966.44 7318.68 7318.68
154 3285.41 3285.41 2637.65 2637.65
230 2468.56 2468.56 1820.8 1820.8
506 317.038 317.038 -330.722 -330.722
833 299.615 299.615 -348.145 -348.145
850 42333 299.615 41685.2 -348.145
"function evaluation" "current f(x)" "best-so-far f(x)" "current af(x)+b"  "best af(x)+b"
1 20943.3 20943.3 20941.8 20941.8
14 981.581 981.581 980.101 980.101
122 272.824 272.824 271.344 271.344
316 139.976 139.976 138.496 138.496
850 572.553 139.976 571.073 138.496
"function evaluation" "current f(x)" "best-so-far f(x)" "current af(x)+b"  "best af(x)+b"
1 290406 290406 290393 290393
2 150404 150404 150390 150390
3 2372.82 2372.82 2359.6 2359.6
23 2282.78 2282.78 2269.56 2269.56
250 2079.21 2079.21 2065.99 2065.99
369 300.095 300.095 286.875 286.875
537 239.823 239.823 226.603 226.603
538 70.4278 70.4278 57.2078 57.2078
845 22.3942 22.3942 9.17417 9.17417
850 1977.31 22.3942 1964.09 9.17417
"function evaluation" "current f(x)" "best-so-far f(x)" "current af(x)+b"  "best af(x)+b"
1 69474.1 69474.1 69429.5 69429.5
2 4825.15 4825.15 4780.51 4780.51
5 4040.91 4040.91 3996.27 3996.27
9 1075.81 1075.81 1031.17 1031.17
104 649.334 649.334 604.694 604.694
215 445.344 445.344 400.704 400.704
221 435.545 435.545 390.905 390.905
284 224.272 224.272 179.632 179.632
541 142.356 142.356 97.7159 97.7159
786 116.899 116.899 72.2593 72.2593
850 1940.44 116.899 1895.8 72.2593
"function evaluation" "current f(x)" "best-so-far f(x)" "current af(x)+b"  "best af(x)+b"
1 291958 291958 291785 291785
2 56045.6 56045.6 55872.5 55872.5
10 4369.04 4369.04 4195.94 4195.94
16 383.786 383.786 210.686 210.686
280 285.086 285.086 111.986 111.986
532 215.656 215.656 42.556 42.556
600 210.178 210.178 37.0784 37.0784
622 149.171 149.171 -23.9291 -23.9291
626 85.6286 85.6286 -87.4714 -87.4714
748 17.4407 17.4407 -155.659 -155.659
850 3109.88 17.4407 2936.78 -155.659
"function evaluation" "current f(x)" "best-so-far f(x)" "current af(x)+b"  "best af(x)+b"
1 15709.1 15709.1 15739 15739
2 10429.9 10429.9 10459.8 10459.8
5 9634.81 9634.81 9664.71 9664.71
32 8813.99 8813.99 8843.89 8843.89
34 5524.92 5524.92 5554.82 5554.82
39 1460.6 1460.6 1490.5 1490.5
115 1118.99 1118.99 1148.89 1148.89
122 1117.84 1117.84 1147.74 1147.74
141 944.545 944.545 974.445 974.445
149 182.531 182.531 212.431 212.431
154 125.725 125.725 155.625 155.625
318 65.9029 65.9029 95.8029 95.8029
550 39.6971 39.6971 69.5971 69.5971
725 31.5616 31.5616 61.4616 61.4616
850 7335.58 31.5616 7365.48 61.4616
"function evaluation" "current f(x)" "best-so-far f(x)" "current af(x)+b"  "best af(x)+b"
1 58231.7 58231.7 58616 58616
3 30602.9 30602.9 30987.2 30987.2
7 2042.55 2042.55 2426.85 2426.85
123 1278.54 1278.54 1662.84 1662.84
183 173.757 173.757 558.057 558.057
609 168.645 168.645 552.945 552.945
639 154.968 154.968 539.268 539.268
850 7960.93 154.968 8345.23 539.268
"function evaluation" "current f(x)" "best-so-far f(x)" "current af(x)+b"  "best af(x)+b"
1 29271.7 29271.7 29446.9 29446.9
4 16750.2 16750.2 16925.4 16925.4
7 15518.8 15518.8 15694 15694
12 10191.7 10191.7 10366.9 10366.9
24 9736.87 9736.87 9912.05 9912.05
25 8499.66 8499.66 8674.84 8674.84
50 1361.84 1361.84 1537.02 1537.02
135 315.544 315.544 490.724 490.724
170 166.727 166.727 341.907 341.907
536 149.667 149.667 324.847 324.847
570 117.587 117.587 292.767 292.767
731 21.8591 21.8591 197.039 197.039
850 71617.2 21.8591 71792.4 197.039
