"function evaluation" "current f(x)" "best-so-far f(x)" "current af(x)+b"  "best af(x)+b"
1 2508.07 2508.07 2045.98 2045.98
18 1570.43 1570.43 1108.34 1108.34
37 1212.63 1212.63 750.536 750.536
51 935.594 935.594 473.504 473.504
69 934.24 934.24 472.15 472.15
98 920.485 920.485 458.395 458.395
111 765.957 765.957 303.867 303.867
158 760.997 760.997 298.907 298.907
184 732.548 732.548 270.458 270.458
210 729.685 729.685 267.595 267.595
225 606.298 606.298 144.208 144.208
2000 47336.6 606.298 46874.5 144.208
"function evaluation" "current f(x)" "best-so-far f(x)" "current af(x)+b"  "best af(x)+b"
1 3471.37 3471.37 3549.03 3549.03
2 1252.85 1252.85 1330.51 1330.51
16 1122.08 1122.08 1199.74 1199.74
54 1027.42 1027.42 1105.08 1105.08
57 1025.84 1025.84 1103.5 1103.5
65 1003.72 1003.72 1081.38 1081.38
71 762.404 762.404 840.064 840.064
79 700.742 700.742 778.402 778.402
132 663.07 663.07 740.73 740.73
185 637.856 637.856 715.516 715.516
213 627.74 627.74 705.4 705.4
215 610.145 610.145 687.805 687.805
220 581.025 581.025 658.685 658.685
339 576.054 576.054 653.714 653.714
2000 85525.5 576.054 85603.2 653.714
"function evaluation" "current f(x)" "best-so-far f(x)" "current af(x)+b"  "best af(x)+b"
1 9003.23 9003.23 9118.91 9118.91
2 1940.76 1940.76 2056.44 2056.44
8 1009.61 1009.61 1125.29 1125.29
52 947.159 947.159 1062.84 1062.84
59 846.328 846.328 962.008 962.008
91 676.103 676.103 791.783 791.783
113 475.894 475.894 591.574 591.574
2000 1744.68 475.894 1860.36 591.574
"function evaluation" "current f(x)" "best-so-far f(x)" "current af(x)+b"  "best af(x)+b"
1 2066.39 2066.39 2062.68 2062.68
7 912.362 912.362 908.652 908.652
83 865.074 865.074 861.364 861.364
128 717.654 717.654 713.944 713.944
129 617.258 617.258 613.548 613.548
2000 1271.65 617.258 1267.94 613.548
"function evaluation" "current f(x)" "best-so-far f(x)" "current af(x)+b"  "best af(x)+b"
1 12880.8 12880.8 13012.9 13012.9
2 4620.96 4620.96 4753.14 4753.14
4 751.511 751.511 883.691 883.691
106 570.574 570.574 702.754 702.754
179 504.583 504.583 636.763 636.763
221 449.374 449.374 581.554 581.554
222 436.841 436.841 569.021 569.021
298 386.814 386.814 518.994 518.994
611 374.531 374.531 506.711 506.711
1022 361.905 361.905 494.085 494.085
2000 8.06452e+06 361.905 8.06465e+06 494.085
"function evaluation" "current f(x)" "best-so-far f(x)" "current af(x)+b"  "best af(x)+b"
1 6314.5 6314.5 5729.77 5729.77
3 4039.02 4039.02 3454.29 3454.29
12 2084.62 2084.62 1499.89 1499.89
26 1911.34 1911.34 1326.61 1326.61
46 1319.83 1319.83 735.101 735.101
61 981.64 981.64 396.91 396.91
69 928.802 928.802 344.072 344.072
86 829.943 829.943 245.213 245.213
127 605.583 605.583 20.853 20.853
2000 57122.1 605.583 56537.4 20.853
"function evaluation" "current f(x)" "best-so-far f(x)" "current af(x)+b"  "best af(x)+b"
1 2301.82 2301.82 2265.28 2265.28
5 1965.78 1965.78 1929.24 1929.24
15 1086.09 1086.09 1049.55 1049.55
51 1062.26 1062.26 1025.72 1025.72
68 742.6 742.6 706.06 706.06
91 643.177 643.177 606.637 606.637
131 576.031 576.031 539.491 539.491
173 559.366 559.366 522.826 522.826
2000 3.16142e+06 559.366 3.16139e+06 522.826
"function evaluation" "current f(x)" "best-so-far f(x)" "current af(x)+b"  "best af(x)+b"
1 1579.26 1579.26 2579.26 2579.26
7 1217.77 1217.77 2217.77 2217.77
55 801.076 801.076 1801.08 1801.08
59 709.161 709.161 1709.16 1709.16
105 609.621 609.621 1609.62 1609.62
138 588.619 588.619 1588.62 1588.62
171 576.011 576.011 1576.01 1576.01
225 514.466 514.466 1514.47 1514.47
2000 4335.74 514.466 5335.74 1514.47
"function evaluation" "current f(x)" "best-so-far f(x)" "current af(x)+b"  "best af(x)+b"
1 9340.87 9340.87 9387.48 9387.48
2 4704.42 4704.42 4751.03 4751.03
3 1320.04 1320.04 1366.65 1366.65
59 898.714 898.714 945.324 945.324
114 444.754 444.754 491.364 491.364
183 419.415 419.415 466.025 466.025
200 376.841 376.841 423.451 423.451
611 365.989 365.989 412.599 412.599
845 351.549 351.549 398.159 398.159
1261 350.849 350.849 397.459 397.459
2000 910445 350.849 910492 397.459
"function evaluation" "current f(x)" "best-so-far f(x)" "current af(x)+b"  "best af(x)+b"
1 6032.33 6032.33 5768.02 5768.02
2 4638.4 4638.4 4374.09 4374.09
4 1185.21 1185.21 920.897 920.897
20 979.425 979.425 715.115 715.115
51 784.129 784.129 519.819 519.819
70 730.722 730.722 466.412 466.412
96 618.652 618.652 354.342 354.342
155 548.222 548.222 283.912 283.912
2000 307462 548.222 307197 283.912
"function evaluation" "current f(x)" "best-so-far f(x)" "current af(x)+b"  "best af(x)+b"
1 2718.58 2718.58 2791.31 2791.31
3 2265.55 2265.55 2338.28 2338.28
7 1680.83 1680.83 1753.56 1753.56
10 1670.17 1670.17 1742.9 1742.9
19 1059.61 1059.61 1132.34 1132.34
53 1013.63 1013.63 1086.36 1086.36
59 968.983 968.983 1041.71 1041.71
81 898.929 898.929 971.659 971.659
110 762.51 762.51 835.24 835.24
159 743.077 743.077 815.807 815.807
160 727.982 727.982 800.712 800.712
258 693.449 693.449 766.179 766.179
266 624.424 624.424 697.154 697.154
267 604.938 604.938 677.668 677.668
283 545.841 545.841 618.571 618.571
341 528.376 528.376 601.106 601.106
561 522.018 522.018 594.748 594.748
2000 72109.9 522.018 72182.6 594.748
"function evaluation" "current f(x)" "best-so-far f(x)" "current af(x)+b"  "best af(x)+b"
1 9231.59 9231.59 9368.46 9368.46
3 5166.17 5166.17 5303.04 5303.04
4 4500.5 4500.5 4637.37 4637.37
6 1349.52 1349.52 1486.39 1486.39
13 1058.05 1058.05 1194.92 1194.92
63 987.25 987.25 1124.12 1124.12
81 839.964 839.964 976.834 976.834
104 801.526 801.526 938.396 938.396
266 775.371 775.371 912.241 912.241
2000 48137.3 775.371 48274.2 912.241
"function evaluation" "current f(x)" "best-so-far f(x)" "current af(x)+b"  "best af(x)+b"
1 6252.76 6252.76 6274.72 6274.72
2 3304.04 3304.04 3326 3326
5 1372.54 1372.54 1394.5 1394.5
25 1255.55 1255.55 1277.51 1277.51
27 997.051 997.051 1019.01 1019.01
53 913.665 913.665 935.625 935.625
54 736.638 736.638 758.598 758.598
88 682.39 682.39 704.35 704.35
100 644.952 644.952 666.912 666.912
125 610.444 610.444 632.404 632.404
133 561.312 561.312 583.272 583.272
162 479.158 479.158 501.118 501.118
178 396.605 396.605 418.565 418.565
2000 5476 396.605 5497.96 418.565
"function evaluation" "current f(x)" "best-so-far f(x)" "current af(x)+b"  "best af(x)+b"
1 12500.7 12500.7 12479.3 12479.3
2 1798.76 1798.76 1777.37 1777.37
14 914.127 914.127 892.737 892.737
61 858.263 858.263 836.873 836.873
63 773.106 773.106 751.716 751.716
95 739.525 739.525 718.135 718.135
114 558.103 558.103 536.713 536.713
122 431.648 431.648 410.258 410.258
168 370.18 370.18 348.79 348.79
2000 35286.7 370.18 35265.3 348.79
"function evaluation" "current f(x)" "best-so-far f(x)" "current af(x)+b"  "best af(x)+b"
1 2058.06 2058.06 2575.72 2575.72
11 1552.31 1552.31 2069.97 2069.97
21 1404.76 1404.76 1922.42 1922.42
29 1404.21 1404.21 1921.87 1921.87
31 777.252 777.252 1294.91 1294.91
81 675.871 675.871 1193.53 1193.53
132 659.743 659.743 1177.4 1177.4
168 637.306 637.306 1154.97 1154.97
222 598.26 598.26 1115.92 1115.92
468 594.749 594.749 1112.41 1112.41
483 566.008 566.008 1083.67 1083.67
2000 2.51397e+06 566.008 2.51449e+06 1083.67
"function evaluation" "current f(x)" "best-so-far f(x)" "current af(x)+b"  "best af(x)+b"
1 3242.71 3242.71 3105.16 3105.16
4 2798.25 2798.25 2660.7 2660.7
10 2060.7 2060.7 1923.15 1923.15
12 1213.21 1213.21 1075.66 1075.66
24 1111.07 1111.07 973.52 973.52
60 934.49 934.49 796.94 796.94
172 930.756 930.756 793.206 793.206
210 871.063 871.063 733.513 733.513
239 853.667 853.667 716.117 716.117
299 823.624 823.624 686.074 686.074
2000 3.92264e+07 823.624 3.92263e+07 686.074
"function evaluation" "current f(x)" "best-so-far f(x)" "current af(x)+b"  "best af(x)+b"
1 9062.9 9062.9 8961.92 8961.92
5 5815.68 5815.68 5714.7 5714.7
9 4911.49 4911.49 4810.51 4810.51
10 1244.83 1244.83 1143.85 1143.85
58 737.264 737.264 636.284 636.284
83 725.92 725.92 624.94 624.94
185 622.652 622.652 521.672 521.672
214 533.559 533.559 432.579 432.579
267 521.733 521.733 420.753 420.753
282 514.504 514.504 413.524 413.524
293 467.427 467.427 366.447 366.447
2000 658.161 467.427 557.181 366.447
"function evaluation" "current f(x)" "best-so-far f(x)" "current af(x)+b"  "best af(x)+b"
1 1805.82 1805.82 1838.16 1838.16
3 1603.41 1603.41 1635.75 1635.75
5 1472.18 1472.18 1504.52 1504.52
8 1366.17 1366.17 1398.51 1398.51
29 1083.89 1083.89 1116.23 1116.23
55 949.926 949.926 982.266 982.266
103 698.479 698.479 730.819 730.819
120 640.651 640.651 672.991 672.991
151 614.636 614.636 646.976 646.976
169 608.604 608.604 640.944 640.944
176 495.384 495.384 527.724 527.724
283 485.447 485.447 517.787 517.787
361 473.964 473.964 506.304 506.304
2000 2979.99 473.964 3012.33 506.304
"function evaluation" "current f(x)" "best-so-far f(x)" "current af(x)+b"  "best af(x)+b"
1 12961.4 12961.4 13572.4 13572.4
2 4960.3 4960.3 5571.28 5571.28
3 3300.63 3300.63 3911.61 3911.61
7 3238.19 3238.19 3849.17 3849.17
12 1729.65 1729.65 2340.63 2340.63
53 1223.36 1223.36 1834.34 1834.34
67 992.018 992.018 1603 1603
102 676.793 676.793 1287.77 1287.77
153 621.614 621.614 1232.59 1232.59
179 587.572 587.572 1198.55 1198.55
224 551.663 551.663 1162.64 1162.64
373 539.297 539.297 1150.28 1150.28
415 532.58 532.58 1143.56 1143.56
492 490.054 490.054 1101.03 1101.03
2000 343016 490.054 343627 1101.03
"function evaluation" "current f(x)" "best-so-far f(x)" "current af(x)+b"  "best af(x)+b"
1 23133.9 23133.9 23195 23195
2 5853.86 5853.86 5915.03 5915.03
4 704.954 704.954 766.124 766.124
54 634.99 634.99 696.16 696.16
99 623.801 623.801 684.971 684.971
103 450.409 450.409 511.579 511.579
105 406.483 406.483 467.653 467.653
394 398.899 398.899 460.069 460.069
581 385.803 385.803 446.973 446.973
2000 943.681 385.803 1004.85 446.973
"function evaluation" "current f(x)" "best-so-far f(x)" "current af(x)+b"  "best af(x)+b"
1 3761.1 3761.1 3782.79 3782.79
3 1008.86 1008.86 1030.55 1030.55
69 951.982 951.982 973.672 973.672
108 893.147 893.147 914.837 914.837
171 775.961 775.961 797.651 797.651
193 751.118 751.118 772.808 772.808
196 739.905 739.905 761.595 761.595
223 724.72 724.72 746.41 746.41
224 722.07 722.07 743.76 743.76
282 701.793 701.793 723.483 723.483
324 699.022 699.022 720.712 720.712
2000 1.4598e+07 699.022 1.45981e+07 720.712
"function evaluation" "current f(x)" "best-so-far f(x)" "current af(x)+b"  "best af(x)+b"
1 1457.92 1457.92 1540.24 1540.24
10 1053.5 1053.5 1135.82 1135.82
24 1045.96 1045.96 1128.28 1128.28
29 784.01 784.01 866.33 866.33
102 540.244 540.244 622.564 622.564
205 526.926 526.926 609.246 609.246
2000 1.64109e+06 526.926 1.64117e+06 609.246
"function evaluation" "current f(x)" "best-so-far f(x)" "current af(x)+b"  "best af(x)+b"
1 6843.18 6843.18 7046.64 7046.64
2 3272.57 3272.57 3476.03 3476.03
3 1966.81 1966.81 2170.27 2170.27
4 1964.15 1964.15 2167.61 2167.61
5 1687.38 1687.38 1890.84 1890.84
9 1565.31 1565.31 1768.77 1768.77
10 1549.86 1549.86 1753.32 1753.32
11 1375.51 1375.51 1578.97 1578.97
13 1360.98 1360.98 1564.44 1564.44
48 1133.86 1133.86 1337.32 1337.32
56 814.156 814.156 1017.62 1017.62
121 638.179 638.179 841.639 841.639
126 565.784 565.784 769.244 769.244
2000 1.04575e+07 565.784 1.04577e+07 769.244
"function evaluation" "current f(x)" "best-so-far f(x)" "current af(x)+b"  "best af(x)+b"
1 2986.38 2986.38 1986.38 1986.38
7 1754.53 1754.53 754.527 754.527
13 1081.58 1081.58 81.5797 81.5797
51 1025.05 1025.05 25.0493 25.0493
54 1018.62 1018.62 18.6198 18.6198
71 784.371 784.371 -215.629 -215.629
101 772.224 772.224 -227.776 -227.776
106 633.522 633.522 -366.478 -366.478
314 618.312 618.312 -381.688 -381.688
2000 2645.85 618.312 1645.85 -381.688
"function evaluation" "current f(x)" "best-so-far f(x)" "current af(x)+b"  "best af(x)+b"
1 3076.34 3076.34 3055.43 3055.43
4 1564.37 1564.37 1543.46 1543.46
22 1542.58 1542.58 1521.67 1521.67
52 1050.73 1050.73 1029.82 1029.82
53 1033.09 1033.09 1012.18 1012.18
94 992.03 992.03 971.12 971.12
100 947.14 947.14 926.23 926.23
102 833.362 833.362 812.452 812.452
105 673.05 673.05 652.14 652.14
118 473.535 473.535 452.625 452.625
278 392.212 392.212 371.302 371.302
2000 1.02512e+06 392.212 1.0251e+06 371.302
