"function evaluation" "current f(x)" "best-so-far f(x)" "current af(x)+b"  "best af(x)+b"
1 159.857 159.857 262.467 262.467
3 87.622 87.622 190.232 190.232
9 73.8067 73.8067 176.417 176.417
15 71.3487 71.3487 173.959 173.959
23 64.1727 64.1727 166.783 166.783
79 60.8127 60.8127 163.423 163.423
90 44.8542 44.8542 147.464 147.464
105 29.7954 29.7954 132.405 132.405
350 24.1536 24.1536 126.764 126.764
750 113.217 24.1536 215.827 126.764
"function evaluation" "current f(x)" "best-so-far f(x)" "current af(x)+b"  "best af(x)+b"
1 160.777 160.777 254.077 254.077
2 88.5697 88.5697 181.87 181.87
5 70.8946 70.8946 164.195 164.195
45 59.578 59.578 152.878 152.878
97 43.6727 43.6727 136.973 136.973
282 39.2376 39.2376 132.538 132.538
587 37.34 37.34 130.64 130.64
615 33.7694 33.7694 127.069 127.069
669 32.6152 32.6152 125.915 125.915
750 82.4402 32.6152 175.74 125.915
"function evaluation" "current f(x)" "best-so-far f(x)" "current af(x)+b"  "best af(x)+b"
1 153.966 153.966 167.606 167.606
2 91.6854 91.6854 105.325 105.325
7 79.4948 79.4948 93.1348 93.1348
40 61.9816 61.9816 75.6216 75.6216
69 46.9057 46.9057 60.5457 60.5457
201 46.5731 46.5731 60.2131 60.2131
391 36.8069 36.8069 50.4469 50.4469
750 195.186 36.8069 208.826 50.4469
"function evaluation" "current f(x)" "best-so-far f(x)" "current af(x)+b"  "best af(x)+b"
1 69.4786 69.4786 264.279 264.279
14 68.8632 68.8632 263.663 263.663
37 61.3181 61.3181 256.118 256.118
89 44.3859 44.3859 239.186 239.186
304 39.0958 39.0958 233.896 233.896
512 38.1822 38.1822 232.982 232.982
537 37.991 37.991 232.791 232.791
551 36.6156 36.6156 231.416 231.416
591 10.9669 10.9669 205.767 205.767
750 103.612 10.9669 298.412 205.767
"function evaluation" "current f(x)" "best-so-far f(x)" "current af(x)+b"  "best af(x)+b"
1 117.095 117.095 -16.4952 -16.4952
2 113.075 113.075 -20.5153 -20.5153
3 78.1468 78.1468 -55.4432 -55.4432
29 77.7553 77.7553 -55.8347 -55.8347
46 69.7733 69.7733 -63.8167 -63.8167
56 69.0329 69.0329 -64.5571 -64.5571
71 66.7312 66.7312 -66.8588 -66.8588
76 55.8519 55.8519 -77.7381 -77.7381
82 55.4316 55.4316 -78.1584 -78.1584
90 51.0592 51.0592 -82.5308 -82.5308
102 50.9255 50.9255 -82.6645 -82.6645
156 44.5189 44.5189 -89.0711 -89.0711
230 29.1064 29.1064 -104.484 -104.484
275 26.839 26.839 -106.751 -106.751
412 24.7852 24.7852 -108.805 -108.805
670 23.4209 23.4209 -110.169 -110.169
750 70.1473 23.4209 -63.4427 -110.169
"function evaluation" "current f(x)" "best-so-far f(x)" "current af(x)+b"  "best af(x)+b"
1 163.892 163.892 318.262 318.262
3 122.809 122.809 277.179 277.179
5 106.483 106.483 260.853 260.853
10 99.1693 99.1693 253.539 253.539
28 87.8073 87.8073 242.177 242.177
31 78.2028 78.2028 232.573 232.573
43 55.9042 55.9042 210.274 210.274
216 47.0267 47.0267 201.397 201.397
440 46.7025 46.7025 201.073 201.073
449 46.2554 46.2554 200.625 200.625
458 33.8855 33.8855 188.255 188.255
567 23.8986 23.8986 178.269 178.269
750 215.336 23.8986 369.706 178.269
"function evaluation" "current f(x)" "best-so-far f(x)" "current af(x)+b"  "best af(x)+b"
1 166.895 166.895 -121.435 -121.435
2 158.373 158.373 -129.957 -129.957
3 113.839 113.839 -174.491 -174.491
11 101.603 101.603 -186.727 -186.727
14 88.1792 88.1792 -200.151 -200.151
19 66.5372 66.5372 -221.793 -221.793
35 52.2856 52.2856 -236.044 -236.044
78 47.7077 47.7077 -240.622 -240.622
81 41.1458 41.1458 -247.184 -247.184
262 38.0616 38.0616 -250.268 -250.268
301 29.332 29.332 -258.998 -258.998
750 50.2352 29.332 -238.095 -258.998
"function evaluation" "current f(x)" "best-so-far f(x)" "current af(x)+b"  "best af(x)+b"
1 148.254 148.254 -389.856 -389.856
2 138.194 138.194 -399.916 -399.916
4 118.84 118.84 -419.27 -419.27
7 111.005 111.005 -427.105 -427.105
8 97.4266 97.4266 -440.683 -440.683
22 51.2937 51.2937 -486.816 -486.816
230 42.6292 42.6292 -495.481 -495.481
414 28.775 28.775 -509.335 -509.335
750 112.801 28.775 -425.309 -509.335
"function evaluation" "current f(x)" "best-so-far f(x)" "current af(x)+b"  "best af(x)+b"
1 163.819 163.819 911.639 911.639
2 133.907 133.907 881.727 881.727
4 128.253 128.253 876.073 876.073
5 84.7685 84.7685 832.589 832.589
21 70.0147 70.0147 817.835 817.835
24 44.0996 44.0996 791.92 791.92
362 41.7279 41.7279 789.548 789.548
412 37.152 37.152 784.972 784.972
468 33.2011 33.2011 781.021 781.021
750 73.3655 33.2011 821.186 781.021
"function evaluation" "current f(x)" "best-so-far f(x)" "current af(x)+b"  "best af(x)+b"
1 139.528 139.528 156.198 156.198
3 121.65 121.65 138.32 138.32
5 86.078 86.078 102.748 102.748
24 71.7354 71.7354 88.4054 88.4054
40 67.0248 67.0248 83.6948 83.6948
64 61.4512 61.4512 78.1212 78.1212
77 56.0972 56.0972 72.7672 72.7672
81 44.5592 44.5592 61.2292 61.2292
151 43.1805 43.1805 59.8505 59.8505
163 42.8138 42.8138 59.4838 59.4838
189 36.0065 36.0065 52.6765 52.6765
433 35.4334 35.4334 52.1034 52.1034
712 24.83 24.83 41.5 41.5
750 124.241 24.83 140.911 41.5
"function evaluation" "current f(x)" "best-so-far f(x)" "current af(x)+b"  "best af(x)+b"
1 183.522 183.522 120.752 120.752
2 179.097 179.097 116.327 116.327
3 140.749 140.749 77.9793 77.9793
4 69.9726 69.9726 7.20256 7.20256
36 63.8831 63.8831 1.11311 1.11311
66 57.9755 57.9755 -4.79448 -4.79448
233 42.5415 42.5415 -20.2285 -20.2285
288 35.1805 35.1805 -27.5895 -27.5895
605 19.8317 19.8317 -42.9383 -42.9383
750 127679 19.8317 127616 -42.9383
"function evaluation" "current f(x)" "best-so-far f(x)" "current af(x)+b"  "best af(x)+b"
1 63.5194 63.5194 74.4794 74.4794
50 53.3311 53.3311 64.2911 64.2911
68 48.872 48.872 59.832 59.832
90 47.8693 47.8693 58.8293 58.8293
140 44.7614 44.7614 55.7214 55.7214
334 37.3022 37.3022 48.2622 48.2622
595 34.1415 34.1415 45.1015 45.1015
624 25.5346 25.5346 36.4946 36.4946
750 100.243 25.5346 111.203 36.4946
"function evaluation" "current f(x)" "best-so-far f(x)" "current af(x)+b"  "best af(x)+b"
1 84.2718 84.2718 174.652 174.652
5 63.5201 63.5201 153.9 153.9
58 55.7065 55.7065 146.086 146.086
85 51.3951 51.3951 141.775 141.775
93 46.2895 46.2895 136.669 136.669
204 39.0896 39.0896 129.47 129.47
337 38.373 38.373 128.753 128.753
496 33.2236 33.2236 123.604 123.604
674 29.9336 29.9336 120.314 120.314
750 49.1292 29.9336 139.509 120.314
"function evaluation" "current f(x)" "best-so-far f(x)" "current af(x)+b"  "best af(x)+b"
1 121.675 121.675 -141.845 -141.845
3 87.0946 87.0946 -176.425 -176.425
4 68.5312 68.5312 -194.989 -194.989
23 36.8231 36.8231 -226.697 -226.697
511 11.9631 11.9631 -251.557 -251.557
750 171.465 11.9631 -92.0546 -251.557
"function evaluation" "current f(x)" "best-so-far f(x)" "current af(x)+b"  "best af(x)+b"
1 232.682 232.682 542.872 542.872
2 128.427 128.427 438.617 438.617
7 78.9034 78.9034 389.093 389.093
18 78.5121 78.5121 388.702 388.702
51 73.5779 73.5779 383.768 383.768
52 61.32 61.32 371.51 371.51
66 50.9474 50.9474 361.137 361.137
150 28.4845 28.4845 338.675 338.675
281 22.7662 22.7662 332.956 332.956
750 48.5177 22.7662 358.708 332.956
"function evaluation" "current f(x)" "best-so-far f(x)" "current af(x)+b"  "best af(x)+b"
1 126.366 126.366 69.9862 69.9862
3 94.421 94.421 38.041 38.041
5 94.2651 94.2651 37.8851 37.8851
19 88.7784 88.7784 32.3984 32.3984
41 72.3171 72.3171 15.9371 15.9371
60 66.7645 66.7645 10.3845 10.3845
129 56.3668 56.3668 -0.0131983 -0.0131983
139 53.9927 53.9927 -2.38733 -2.38733
200 53.3176 53.3176 -3.06236 -3.06236
239 50.0047 50.0047 -6.37534 -6.37534
283 44.004 44.004 -12.376 -12.376
410 33.475 33.475 -22.905 -22.905
417 21.1088 21.1088 -35.2712 -35.2712
743 20.9308 20.9308 -35.4492 -35.4492
750 74.8328 20.9308 18.4528 -35.4492
"function evaluation" "current f(x)" "best-so-far f(x)" "current af(x)+b"  "best af(x)+b"
1 189.998 189.998 -810.002 -810.002
2 94.8999 94.8999 -905.1 -905.1
7 81.4867 81.4867 -918.513 -918.513
36 62.9945 62.9945 -937.005 -937.005
112 60.395 60.395 -939.605 -939.605
118 52.6135 52.6135 -947.387 -947.387
232 29.2749 29.2749 -970.725 -970.725
423 22.427 22.427 -977.573 -977.573
730 21.8377 21.8377 -978.162 -978.162
750 86.0188 21.8377 -913.981 -978.162
"function evaluation" "current f(x)" "best-so-far f(x)" "current af(x)+b"  "best af(x)+b"
1 124.57 124.57 160.05 160.05
2 79.1443 79.1443 114.624 114.624
20 74.1719 74.1719 109.652 109.652
32 59.378 59.378 94.858 94.858
93 44.7561 44.7561 80.2361 80.2361
421 44.5415 44.5415 80.0215 80.0215
490 42.341 42.341 77.821 77.821
525 37.5913 37.5913 73.0713 73.0713
722 34.413 34.413 69.893 69.893
750 67.3827 34.413 102.863 69.893
"function evaluation" "current f(x)" "best-so-far f(x)" "current af(x)+b"  "best af(x)+b"
1 72.6532 72.6532 20.0232 20.0232
10 71.2149 71.2149 18.5849 18.5849
19 65.9781 65.9781 13.3481 13.3481
24 61.3459 61.3459 8.71591 8.71591
35 53.8594 53.8594 1.22941 1.22941
355 46.6857 46.6857 -5.94425 -5.94425
405 45.5796 45.5796 -7.05042 -7.05042
415 45.4979 45.4979 -7.13214 -7.13214
425 44.6499 44.6499 -7.98015 -7.98015
446 34.7512 34.7512 -17.8788 -17.8788
750 85.68 34.7512 33.05 -17.8788
"function evaluation" "current f(x)" "best-so-far f(x)" "current af(x)+b"  "best af(x)+b"
1 178.907 178.907 -509.983 -509.983
2 159.562 159.562 -529.328 -529.328
3 159.389 159.389 -529.501 -529.501
4 106.459 106.459 -582.431 -582.431
27 103.298 103.298 -585.592 -585.592
34 64.5869 64.5869 -624.303 -624.303
144 52.2992 52.2992 -636.591 -636.591
194 45.5477 45.5477 -643.342 -643.342
431 38.475 38.475 -650.415 -650.415
750 100.883 38.475 -588.007 -650.415
"function evaluation" "current f(x)" "best-so-far f(x)" "current af(x)+b"  "best af(x)+b"
1 247.962 247.962 207.072 207.072
2 154.547 154.547 113.657 113.657
3 147.472 147.472 106.582 106.582
7 119.104 119.104 78.2141 78.2141
21 109.975 109.975 69.0851 69.0851
23 106.624 106.624 65.7335 65.7335
24 93.8272 93.8272 52.9372 52.9372
26 85.3743 85.3743 44.4843 44.4843
31 73.9817 73.9817 33.0917 33.0917
39 71.4592 71.4592 30.5692 30.5692
58 69.6203 69.6203 28.7303 28.7303
72 65.044 65.044 24.154 24.154
144 45.5607 45.5607 4.67068 4.67068
417 33.0074 33.0074 -7.88261 -7.88261
635 32.6597 32.6597 -8.23028 -8.23028
750 71.217 32.6597 30.327 -8.23028
"function evaluation" "current f(x)" "best-so-far f(x)" "current af(x)+b"  "best af(x)+b"
1 133.711 133.711 -117.529 -117.529
2 118.833 118.833 -132.407 -132.407
5 116.923 116.923 -134.317 -134.317
7 103.728 103.728 -147.512 -147.512
29 77.4787 77.4787 -173.761 -173.761
35 61.5242 61.5242 -189.716 -189.716
46 59.3429 59.3429 -191.897 -191.897
57 52.3673 52.3673 -198.873 -198.873
198 50.1771 50.1771 -201.063 -201.063
237 41.5138 41.5138 -209.726 -209.726
411 32.8362 32.8362 -218.404 -218.404
523 31.8539 31.8539 -219.386 -219.386
546 31.2137 31.2137 -220.026 -220.026
611 25.2971 25.2971 -225.943 -225.943
750 87.8989 25.2971 -163.341 -225.943
"function evaluation" "current f(x)" "best-so-far f(x)" "current af(x)+b"  "best af(x)+b"
1 221.724 221.724 188.844 188.844
3 127.74 127.74 94.8595 94.8595
5 63.2546 63.2546 30.3746 30.3746
62 62.2049 62.2049 29.3249 29.3249
206 50.2938 50.2938 17.4138 17.4138
419 41.8733 41.8733 8.99334 8.99334
425 36.4126 36.4126 3.53258 3.53258
551 28.2049 28.2049 -4.67512 -4.67512
750 82.2775 28.2049 49.3975 -4.67512
"function evaluation" "current f(x)" "best-so-far f(x)" "current af(x)+b"  "best af(x)+b"
1 92.9242 92.9242 84.3542 84.3542
16 87.8863 87.8863 79.3163 79.3163
39 84.1418 84.1418 75.5718 75.5718
49 70.899 70.899 62.329 62.329
65 60.0448 60.0448 51.4748 51.4748
89 51.7621 51.7621 43.1921 43.1921
164 33.5854 33.5854 25.0154 25.0154
400 25.5011 25.5011 16.9311 16.9311
750 90.0358 25.5011 81.4658 16.9311
"function evaluation" "current f(x)" "best-so-far f(x)" "current af(x)+b"  "best af(x)+b"
1 80.3832 80.3832 -59.8668 -59.8668
2 80.0209 80.0209 -60.2291 -60.2291
15 79.0453 79.0453 -61.2047 -61.2047
35 78.2027 78.2027 -62.0473 -62.0473
37 76.5617 76.5617 -63.6883 -63.6883
57 60.0419 60.0419 -80.2081 -80.2081
75 52.9811 52.9811 -87.2689 -87.2689
88 52.2227 52.2227 -88.0273 -88.0273
96 41.7789 41.7789 -98.4711 -98.4711
327 40.2158 40.2158 -100.034 -100.034
452 39.8737 39.8737 -100.376 -100.376
463 21.375 21.375 -118.875 -118.875
750 93.1094 21.375 -47.1406 -118.875
