"function evaluation" "current f(x)" "best-so-far f(x)" "current af(x)+b"  "best af(x)+b"
1 13.6459 13.6459 20.5159 20.5159
2 11.2806 11.2806 18.1506 18.1506
12 8.44181 8.44181 15.3118 15.3118
19 7.68155 7.68155 14.5516 14.5516
45 7.52457 7.52457 14.3946 14.3946
126 6.70579 6.70579 13.5758 13.5758
180 4.11784 4.11784 10.9878 10.9878
657 3.89515 3.89515 10.7652 10.7652
2050 10.6115 3.89515 17.4815 10.7652
"function evaluation" "current f(x)" "best-so-far f(x)" "current af(x)+b"  "best af(x)+b"
1 10.9694 10.9694 10.9794 10.9794
3 10.8059 10.8059 10.8159 10.8159
10 9.80401 9.80401 9.81401 9.81401
11 8.06798 8.06798 8.07798 8.07798
12 7.86444 7.86444 7.87444 7.87444
14 6.11357 6.11357 6.12357 6.12357
173 5.37537 5.37537 5.38537 5.38537
305 4.52671 4.52671 4.53671 4.53671
1524 3.99341 3.99341 4.00341 4.00341
1991 3.24387 3.24387 3.25387 3.25387
2050 19.489 3.24387 19.499 3.25387
"function evaluation" "current f(x)" "best-so-far f(x)" "current af(x)+b"  "best af(x)+b"
1 12.1433 12.1433 -118.467 -118.467
5 10.7247 10.7247 -119.885 -119.885
6 10.4672 10.4672 -120.143 -120.143
10 8.2089 8.2089 -122.401 -122.401
13 4.28236 4.28236 -126.328 -126.328
764 4.02111 4.02111 -126.589 -126.589
2050 12.9512 4.02111 -117.659 -126.589
"function evaluation" "current f(x)" "best-so-far f(x)" "current af(x)+b"  "best af(x)+b"
1 22.7141 22.7141 -200.406 -200.406
2 20.4027 20.4027 -202.717 -202.717
3 17.0494 17.0494 -206.071 -206.071
4 15.4658 15.4658 -207.654 -207.654
6 7.17675 7.17675 -215.943 -215.943
217 6.01279 6.01279 -217.107 -217.107
223 4.78965 4.78965 -218.33 -218.33
2050 14.7247 4.78965 -208.395 -218.33
"function evaluation" "current f(x)" "best-so-far f(x)" "current af(x)+b"  "best af(x)+b"
1 17.6714 17.6714 -26.7586 -26.7586
2 10.5681 10.5681 -33.8619 -33.8619
11 7.78273 7.78273 -36.6473 -36.6473
12 5.84868 5.84868 -38.5813 -38.5813
405 5.37228 5.37228 -39.0577 -39.0577
734 4.79113 4.79113 -39.6389 -39.6389
2050 14.9225 4.79113 -29.5075 -39.6389
"function evaluation" "current f(x)" "best-so-far f(x)" "current af(x)+b"  "best af(x)+b"
1 6.87845 6.87845 92.2684 92.2684
7 6.55935 6.55935 91.9493 91.9493
11 6.50521 6.50521 91.8952 91.8952
24 5.03773 5.03773 90.4277 90.4277
1104 3.92056 3.92056 89.3106 89.3106
1650 3.83786 3.83786 89.2279 89.2279
2050 33.1746 3.83786 118.565 89.2279
"function evaluation" "current f(x)" "best-so-far f(x)" "current af(x)+b"  "best af(x)+b"
1 13.1985 13.1985 -974.091 -974.091
3 11.8807 11.8807 -975.409 -975.409
7 8.81217 8.81217 -978.478 -978.478
14 7.61291 7.61291 -979.677 -979.677
31 5.23148 5.23148 -982.059 -982.059
627 5.15566 5.15566 -982.134 -982.134
844 4.95621 4.95621 -982.334 -982.334
1446 3.55863 3.55863 -983.731 -983.731
2050 15.2214 3.55863 -972.069 -983.731
"function evaluation" "current f(x)" "best-so-far f(x)" "current af(x)+b"  "best af(x)+b"
1 25.1316 25.1316 -126.628 -126.628
2 7.50734 7.50734 -144.253 -144.253
26 6.69192 6.69192 -145.068 -145.068
102 6.39925 6.39925 -145.361 -145.361
146 5.4642 5.4642 -146.296 -146.296
297 5.31254 5.31254 -146.447 -146.447
390 4.39646 4.39646 -147.364 -147.364
954 4.21604 4.21604 -147.544 -147.544
2050 15.2978 4.21604 -136.462 -147.544
"function evaluation" "current f(x)" "best-so-far f(x)" "current af(x)+b"  "best af(x)+b"
1 23.4937 23.4937 90.2937 90.2937
2 15.6251 15.6251 82.4251 82.4251
5 9.89582 9.89582 76.6958 76.6958
10 8.96425 8.96425 75.7643 75.7643
13 8.01748 8.01748 74.8175 74.8175
23 6.21886 6.21886 73.0189 73.0189
119 6.08973 6.08973 72.8897 72.8897
140 5.8517 5.8517 72.6517 72.6517
235 5.45945 5.45945 72.2594 72.2594
1063 4.60767 4.60767 71.4077 71.4077
1838 3.70472 3.70472 70.5047 70.5047
2050 12.3814 3.70472 79.1814 70.5047
"function evaluation" "current f(x)" "best-so-far f(x)" "current af(x)+b"  "best af(x)+b"
1 12.2922 12.2922 108.542 108.542
3 9.75394 9.75394 106.004 106.004
4 8.87685 8.87685 105.127 105.127
31 8.39527 8.39527 104.645 104.645
33 6.51023 6.51023 102.76 102.76
124 5.57525 5.57525 101.825 101.825
207 4.94697 4.94697 101.197 101.197
1097 4.94503 4.94503 101.195 101.195
1216 3.70658 3.70658 99.9566 99.9566
2050 17.182 3.70658 113.432 99.9566
"function evaluation" "current f(x)" "best-so-far f(x)" "current af(x)+b"  "best af(x)+b"
1 19.0235 19.0235 165.743 165.743
2 14.0263 14.0263 160.746 160.746
4 13.4354 13.4354 160.155 160.155
5 8.77472 8.77472 155.495 155.495
9 8.76133 8.76133 155.481 155.481
13 8.4401 8.4401 155.16 155.16
28 5.4775 5.4775 152.198 152.198
535 5.21116 5.21116 151.931 151.931
672 4.94149 4.94149 151.661 151.661
680 4.67521 4.67521 151.395 151.395
1583 4.15974 4.15974 150.88 150.88
2050 15.4004 4.15974 162.12 150.88
"function evaluation" "current f(x)" "best-so-far f(x)" "current af(x)+b"  "best af(x)+b"
1 12.6924 12.6924 -579.288 -579.288
7 9.82464 9.82464 -582.155 -582.155
9 9.33572 9.33572 -582.644 -582.644
10 7.75987 7.75987 -584.22 -584.22
16 5.98976 5.98976 -585.99 -585.99
309 4.19901 4.19901 -587.781 -587.781
1541 4.12506 4.12506 -587.855 -587.855
2050 13.794 4.12506 -578.186 -587.855
"function evaluation" "current f(x)" "best-so-far f(x)" "current af(x)+b"  "best af(x)+b"
1 22.3267 22.3267 96.6167 96.6167
2 22.2602 22.2602 96.5502 96.5502
3 21.7595 21.7595 96.0495 96.0495
4 6.78475 6.78475 81.0747 81.0747
295 6.08296 6.08296 80.373 80.373
299 5.50718 5.50718 79.7972 79.7972
415 4.90289 4.90289 79.1929 79.1929
1759 4.40371 4.40371 78.6937 78.6937
2050 10.2867 4.40371 84.5767 78.6937
"function evaluation" "current f(x)" "best-so-far f(x)" "current af(x)+b"  "best af(x)+b"
1 17.9101 17.9101 14.4201 14.4201
2 15.7653 15.7653 12.2753 12.2753
3 11.7147 11.7147 8.22472 8.22472
16 10.5394 10.5394 7.0494 7.0494
28 10.469 10.469 6.97896 6.97896
39 7.68627 7.68627 4.19627 4.19627
44 7.48588 7.48588 3.99588 3.99588
50 6.10651 6.10651 2.61651 2.61651
268 4.9493 4.9493 1.4593 1.4593
363 3.75859 3.75859 0.268594 0.268594
776 3.11756 3.11756 -0.372439 -0.372439
2050 16.8693 3.11756 13.3793 -0.372439
"function evaluation" "current f(x)" "best-so-far f(x)" "current af(x)+b"  "best af(x)+b"
1 22.9911 22.9911 10.1611 10.1611
2 8.73521 8.73521 -4.09479 -4.09479
10 6.19818 6.19818 -6.63182 -6.63182
24 5.3886 5.3886 -7.4414 -7.4414
259 5.09095 5.09095 -7.73905 -7.73905
369 4.88419 4.88419 -7.94581 -7.94581
669 4.10821 4.10821 -8.72179 -8.72179
2050 28.0224 4.10821 15.1924 -8.72179
"function evaluation" "current f(x)" "best-so-far f(x)" "current af(x)+b"  "best af(x)+b"
1 22.259 22.259 -174.861 -174.861
2 9.18387 9.18387 -187.936 -187.936
13 8.35444 8.35444 -188.766 -188.766
20 6.89374 6.89374 -190.226 -190.226
48 5.48211 5.48211 -191.638 -191.638
594 4.84856 4.84856 -192.271 -192.271
1556 3.47336 3.47336 -193.647 -193.647
2050 37.0302 3.47336 -160.09 -193.647
"function evaluation" "current f(x)" "best-so-far f(x)" "current af(x)+b"  "best af(x)+b"
1 18.0846 18.0846 -461.285 -461.285
2 14.2221 14.2221 -465.148 -465.148
4 12.2537 12.2537 -467.116 -467.116
5 11.5017 11.5017 -467.868 -467.868
9 8.67386 8.67386 -470.696 -470.696
11 7.71601 7.71601 -471.654 -471.654
14 7.36105 7.36105 -472.009 -472.009
16 6.41543 6.41543 -472.955 -472.955
33 5.63543 5.63543 -473.735 -473.735
142 5.48596 5.48596 -473.884 -473.884
333 5.30911 5.30911 -474.061 -474.061
440 3.86439 3.86439 -475.506 -475.506
2050 6.87038 3.86439 -472.5 -475.506
"function evaluation" "current f(x)" "best-so-far f(x)" "current af(x)+b"  "best af(x)+b"
1 23.2861 23.2861 875.696 875.696
2 21.8629 21.8629 874.273 874.273
3 6.92189 6.92189 859.332 859.332
32 5.20934 5.20934 857.619 857.619
581 3.87839 3.87839 856.288 856.288
2050 57.0552 3.87839 909.465 856.288
"function evaluation" "current f(x)" "best-so-far f(x)" "current af(x)+b"  "best af(x)+b"
1 13.498 13.498 -986.502 -986.502
4 10.5906 10.5906 -989.409 -989.409
7 8.14387 8.14387 -991.856 -991.856
11 7.36046 7.36046 -992.64 -992.64
12 3.10119 3.10119 -996.899 -996.899
2050 21.6702 3.10119 -978.33 -996.899
"function evaluation" "current f(x)" "best-so-far f(x)" "current af(x)+b"  "best af(x)+b"
1 25.6299 25.6299 99.7999 99.7999
2 14.4387 14.4387 88.6087 88.6087
8 10.7131 10.7131 84.8831 84.8831
10 9.36789 9.36789 83.5379 83.5379
13 6.94592 6.94592 81.1159 81.1159
19 6.72668 6.72668 80.8967 80.8967
153 5.41118 5.41118 79.5812 79.5812
384 4.76151 4.76151 78.9315 78.9315
390 4.25473 4.25473 78.4247 78.4247
1146 3.52616 3.52616 77.6962 77.6962
1875 3.49035 3.49035 77.6604 77.6604
2050 8.2075 3.49035 82.3775 77.6604
"function evaluation" "current f(x)" "best-so-far f(x)" "current af(x)+b"  "best af(x)+b"
1 7.91017 7.91017 -504.02 -504.02
5 7.53761 7.53761 -504.392 -504.392
7 6.39063 6.39063 -505.539 -505.539
21 6.27543 6.27543 -505.655 -505.655
285 5.57735 5.57735 -506.353 -506.353
323 5.37379 5.37379 -506.556 -506.556
545 4.25847 4.25847 -507.672 -507.672
2050 10.7294 4.25847 -501.201 -507.672
"function evaluation" "current f(x)" "best-so-far f(x)" "current af(x)+b"  "best af(x)+b"
1 12.966 12.966 -551.094 -551.094
3 12.5012 12.5012 -551.559 -551.559
8 11.9614 11.9614 -552.099 -552.099
10 6.7705 6.7705 -557.29 -557.29
133 4.50171 4.50171 -559.558 -559.558
589 4.45635 4.45635 -559.604 -559.604
804 3.95262 3.95262 -560.107 -560.107
1245 3.63175 3.63175 -560.428 -560.428
2050 13.5292 3.63175 -550.531 -560.428
"function evaluation" "current f(x)" "best-so-far f(x)" "current af(x)+b"  "best af(x)+b"
1 18.6242 18.6242 -15.7458 -15.7458
2 14.4339 14.4339 -19.9361 -19.9361
5 13.2781 13.2781 -21.0919 -21.0919
7 10.6441 10.6441 -23.7259 -23.7259
8 9.86564 9.86564 -24.5044 -24.5044
18 8.77409 8.77409 -25.5959 -25.5959
24 8.57962 8.57962 -25.7904 -25.7904
31 7.19967 7.19967 -27.1703 -27.1703
39 7.03983 7.03983 -27.3302 -27.3302
153 6.57079 6.57079 -27.7992 -27.7992
254 5.97561 5.97561 -28.3944 -28.3944
556 5.64622 5.64622 -28.7238 -28.7238
1076 5.49254 5.49254 -28.8775 -28.8775
1568 5.4134 5.4134 -28.9566 -28.9566
2050 17.6906 5.4134 -16.6794 -28.9566
"function evaluation" "current f(x)" "best-so-far f(x)" "current af(x)+b"  "best af(x)+b"
1 7.82186 7.82186 57.8619 57.8619
132 6.67714 6.67714 56.7171 56.7171
245 5.47145 5.47145 55.5114 55.5114
318 5.27981 5.27981 55.3198 55.3198
918 2.90009 2.90009 52.9401 52.9401
2050 11.8821 2.90009 61.9221 52.9401
"function evaluation" "current f(x)" "best-so-far f(x)" "current af(x)+b"  "best af(x)+b"
1 11.1675 11.1675 -323.003 -323.003
3 10.4639 10.4639 -323.706 -323.706
13 8.12946 8.12946 -326.041 -326.041
22 7.28979 7.28979 -326.88 -326.88
151 4.5455 4.5455 -329.624 -329.624
2050 11.6226 4.5455 -322.547 -329.624
