"function evaluation" "current f(x)" "best-so-far f(x)" "current af(x)+b"  "best af(x)+b"
1 85.6828 85.6828 -914.317 -914.317
4 85.1788 85.1788 -914.821 -914.821
7 84.8299 84.8299 -915.17 -915.17
8 84.3615 84.3615 -915.639 -915.639
10 84.1242 84.1242 -915.876 -915.876
19 81.5703 81.5703 -918.43 -918.43
110 77.8653 77.8653 -922.135 -922.135
293 77.092 77.092 -922.908 -922.908
325 74.7591 74.7591 -925.241 -925.241
524 71.3936 71.3936 -928.606 -928.606
602 71.2912 71.2912 -928.709 -928.709
906 70.3633 70.3633 -929.637 -929.637
988 70.0746 70.0746 -929.925 -929.925
1301 69.646 69.646 -930.354 -930.354
1350 69.0372 69.0372 -930.963 -930.963
1371 68.9366 68.9366 -931.063 -931.063
2032 68.8884 68.8884 -931.112 -931.112
2050 69.4108 68.8884 -930.589 -931.112
"function evaluation" "current f(x)" "best-so-far f(x)" "current af(x)+b"  "best af(x)+b"
1 85.3863 85.3863 1085.39 1085.39
2 84.3597 84.3597 1084.36 1084.36
10 83.7226 83.7226 1083.72 1083.72
37 83.6751 83.6751 1083.68 1083.68
109 79.8931 79.8931 1079.89 1079.89
129 78.8452 78.8452 1078.85 1078.85
162 78.5948 78.5948 1078.59 1078.59
253 78.4226 78.4226 1078.42 1078.42
311 74.7876 74.7876 1074.79 1074.79
581 72.7783 72.7783 1072.78 1072.78
755 71.8437 71.8437 1071.84 1071.84
925 71.0157 71.0157 1071.02 1071.02
947 69.8146 69.8146 1069.81 1069.81
1315 69.2992 69.2992 1069.3 1069.3
1710 69.1001 69.1001 1069.1 1069.1
1823 69.0948 69.0948 1069.09 1069.09
1853 68.8782 68.8782 1068.88 1068.88
2050 70.0212 68.8782 1070.02 1068.88
"function evaluation" "current f(x)" "best-so-far f(x)" "current af(x)+b"  "best af(x)+b"
1 85.8538 85.8538 36.7238 36.7238
6 84.5101 84.5101 35.3801 35.3801
8 83.3789 83.3789 34.2489 34.2489
102 83.0632 83.0632 33.9332 33.9332
113 81.8262 81.8262 32.6962 32.6962
136 81.7207 81.7207 32.5907 32.5907
137 80.0165 80.0165 30.8865 30.8865
284 79.5783 79.5783 30.4483 30.4483
370 79.2807 79.2807 30.1507 30.1507
377 76.3981 76.3981 27.2681 27.2681
508 76.083 76.083 26.953 26.953
513 72.6113 72.6113 23.4813 23.4813
1017 71.8661 71.8661 22.7361 22.7361
1301 71.7044 71.7044 22.5744 22.5744
1325 71.6629 71.6629 22.5329 22.5329
1338 71.5154 71.5154 22.3854 22.3854
1388 71.4534 71.4534 22.3234 22.3234
1502 71.3209 71.3209 22.1909 22.1909
1723 71.1304 71.1304 22.0004 22.0004
1727 70.9291 70.9291 21.7991 21.7991
2050 71.5049 70.9291 22.3749 21.7991
"function evaluation" "current f(x)" "best-so-far f(x)" "current af(x)+b"  "best af(x)+b"
1 85.91 85.91 383.64 383.64
2 85.8814 85.8814 383.611 383.611
3 85.4551 85.4551 383.185 383.185
21 84.8438 84.8438 382.574 382.574
22 84.413 84.413 382.143 382.143
24 80.7392 80.7392 378.469 378.469
103 79.1395 79.1395 376.87 376.87
109 78.8017 78.8017 376.532 376.532
118 78.2654 78.2654 375.995 375.995
132 76.6755 76.6755 374.406 374.406
152 74.4119 74.4119 372.142 372.142
243 71.5933 71.5933 369.323 369.323
387 67.5829 67.5829 365.313 365.313
531 59.6637 59.6637 357.394 357.394
906 54.1421 54.1421 351.872 351.872
1367 52.9057 52.9057 350.636 350.636
1704 52.814 52.814 350.544 350.544
1739 52.7652 52.7652 350.495 350.495
1750 52.7556 52.7556 350.486 350.486
1780 51.9777 51.9777 349.708 349.708
2050 53.5841 51.9777 351.314 349.708
"function evaluation" "current f(x)" "best-so-far f(x)" "current af(x)+b"  "best af(x)+b"
1 79.1889 79.1889 130.759 130.759
158 74.9525 74.9525 126.523 126.523
510 72.8679 72.8679 124.438 124.438
521 67.8717 67.8717 119.442 119.442
925 67.6453 67.6453 119.215 119.215
956 67.5695 67.5695 119.139 119.139
988 67.184 67.184 118.754 118.754
1004 66.1744 66.1744 117.744 117.744
1137 65.2478 65.2478 116.818 116.818
1302 64.4069 64.4069 115.977 115.977
1340 63.2701 63.2701 114.84 114.84
1533 62.5624 62.5624 114.132 114.132
1711 62.2339 62.2339 113.804 113.804
1757 61.7282 61.7282 113.298 113.298
1951 61.4451 61.4451 113.015 113.015
2050 63.0125 61.4451 114.582 113.015
"function evaluation" "current f(x)" "best-so-far f(x)" "current af(x)+b"  "best af(x)+b"
1 85.9659 85.9659 125.396 125.396
5 82.9114 82.9114 122.341 122.341
42 80.6682 80.6682 120.098 120.098
104 79.856 79.856 119.286 119.286
135 77.7831 77.7831 117.213 117.213
192 75.3924 75.3924 114.822 114.822
272 72.9994 72.9994 112.429 112.429
501 70.7256 70.7256 110.156 110.156
505 69.7908 69.7908 109.221 109.221
526 69.5578 69.5578 108.988 108.988
655 68.7209 68.7209 108.151 108.151
719 66.3348 66.3348 105.765 105.765
764 65.8036 65.8036 105.234 105.234
917 64.4169 64.4169 103.847 103.847
969 62.2094 62.2094 101.639 101.639
1002 61.3465 61.3465 100.776 100.776
1051 57.3098 57.3098 96.7398 96.7398
1308 54.7127 54.7127 94.1427 94.1427
1309 54.5186 54.5186 93.9486 93.9486
1328 53.5858 53.5858 93.0158 93.0158
1339 50.6458 50.6458 90.0758 90.0758
1368 48.4016 48.4016 87.8316 87.8316
1444 48.1275 48.1275 87.5575 87.5575
1548 47.9505 47.9505 87.3805 87.3805
1712 45.398 45.398 84.828 84.828
1895 45.2537 45.2537 84.6837 84.6837
1966 44.8127 44.8127 84.2427 84.2427
2050 56.185 44.8127 95.615 84.2427
"function evaluation" "current f(x)" "best-so-far f(x)" "current af(x)+b"  "best af(x)+b"
1 86.3146 86.3146 218.605 218.605
4 86.1364 86.1364 218.426 218.426
7 85.9445 85.9445 218.234 218.234
10 84.853 84.853 217.143 217.143
12 82.5964 82.5964 214.886 214.886
104 79.1135 79.1135 211.403 211.403
192 78.8814 78.8814 211.171 211.171
208 77.5176 77.5176 209.808 209.808
434 73.5707 73.5707 205.861 205.861
517 73.1316 73.1316 205.422 205.422
524 70.9325 70.9325 203.223 203.223
533 70.8679 70.8679 203.158 203.158
574 70.5732 70.5732 202.863 202.863
616 67.1974 67.1974 199.487 199.487
708 65.6182 65.6182 197.908 197.908
904 63.7029 63.7029 195.993 195.993
911 62.821 62.821 195.111 195.111
968 62.2286 62.2286 194.519 194.519
983 61.7411 61.7411 194.031 194.031
1301 60.3063 60.3063 192.596 192.596
1404 59.0923 59.0923 191.382 191.382
1425 58.7149 58.7149 191.005 191.005
1714 58.5922 58.5922 190.882 190.882
2050 60.4986 58.5922 192.789 190.882
"function evaluation" "current f(x)" "best-so-far f(x)" "current af(x)+b"  "best af(x)+b"
1 85.7388 85.7388 37.0288 37.0288
6 84.5056 84.5056 35.7956 35.7956
33 84.0268 84.0268 35.3168 35.3168
39 78.8401 78.8401 30.1301 30.1301
143 75.5732 75.5732 26.8632 26.8632
502 72.2395 72.2395 23.5295 23.5295
542 71.9557 71.9557 23.2457 23.2457
701 70.9057 70.9057 22.1957 22.1957
912 68.5767 68.5767 19.8667 19.8667
938 67.2323 67.2323 18.5223 18.5223
1324 67.1786 67.1786 18.4686 18.4686
1331 67.1256 67.1256 18.4156 18.4156
1355 67.0426 67.0426 18.3326 18.3326
1603 66.9366 66.9366 18.2266 18.2266
1626 66.818 66.818 18.108 18.108
1707 66.7488 66.7488 18.0388 18.0388
1724 66.7403 66.7403 18.0303 18.0303
1787 66.705 66.705 17.995 17.995
1817 66.6993 66.6993 17.9893 17.9893
1822 66.6286 66.6286 17.9186 17.9186
1951 66.4868 66.4868 17.7768 17.7768
2050 67.2296 66.4868 18.5196 17.7768
"function evaluation" "current f(x)" "best-so-far f(x)" "current af(x)+b"  "best af(x)+b"
1 85.7513 85.7513 57.4213 57.4213
5 85.6297 85.6297 57.2997 57.2997
7 85.4808 85.4808 57.1508 57.1508
14 85.0584 85.0584 56.7284 56.7284
17 83.8752 83.8752 55.5452 55.5452
22 82.5333 82.5333 54.2033 54.2033
32 82.3851 82.3851 54.0551 54.0551
34 82.1451 82.1451 53.8151 53.8151
113 79.3391 79.3391 51.0091 51.0091
117 77.1561 77.1561 48.8261 48.8261
445 73.0549 73.0549 44.7249 44.7249
707 61.8251 61.8251 33.4951 33.4951
926 57.5922 57.5922 29.2622 29.2622
1323 52.4554 52.4554 24.1254 24.1254
1346 51.4762 51.4762 23.1462 23.1462
1730 50.6465 50.6465 22.3165 22.3165
1944 50.6444 50.6444 22.3144 22.3144
2050 53.2195 50.6444 24.8895 22.3144
"function evaluation" "current f(x)" "best-so-far f(x)" "current af(x)+b"  "best af(x)+b"
1 85.8155 85.8155 -65.7945 -65.7945
3 84.8279 84.8279 -66.7821 -66.7821
18 82.8267 82.8267 -68.7833 -68.7833
42 81.7986 81.7986 -69.8114 -69.8114
118 80.5596 80.5596 -71.0504 -71.0504
202 80.1747 80.1747 -71.4353 -71.4353
414 79.2165 79.2165 -72.3935 -72.3935
504 78.9885 78.9885 -72.6215 -72.6215
505 78.3512 78.3512 -73.2588 -73.2588
547 76.465 76.465 -75.145 -75.145
612 75.6186 75.6186 -75.9914 -75.9914
800 75.0269 75.0269 -76.5831 -76.5831
829 74.3505 74.3505 -77.2595 -77.2595
912 73.6632 73.6632 -77.9468 -77.9468
1432 73.323 73.323 -78.287 -78.287
1717 73.3229 73.3229 -78.2871 -78.2871
1726 73.2177 73.2177 -78.3923 -78.3923
1772 73.2054 73.2054 -78.4046 -78.4046
2050 73.8066 73.2054 -77.8034 -78.4046
"function evaluation" "current f(x)" "best-so-far f(x)" "current af(x)+b"  "best af(x)+b"
1 86.4539 86.4539 -20.5361 -20.5361
2 86.0926 86.0926 -20.8974 -20.8974
6 85.9546 85.9546 -21.0354 -21.0354
7 84.3013 84.3013 -22.6887 -22.6887
18 83.3036 83.3036 -23.6864 -23.6864
21 77.9417 77.9417 -29.0483 -29.0483
114 77.7026 77.7026 -29.2874 -29.2874
128 72.0148 72.0148 -34.9752 -34.9752
563 69.7646 69.7646 -37.2254 -37.2254
919 69.1117 69.1117 -37.8783 -37.8783
947 69.0513 69.0513 -37.9387 -37.9387
958 68.8549 68.8549 -38.1351 -38.1351
1022 68.3627 68.3627 -38.6273 -38.6273
1301 68.0576 68.0576 -38.9324 -38.9324
1317 67.9271 67.9271 -39.0629 -39.0629
1701 67.7911 67.7911 -39.1989 -39.1989
1720 67.7326 67.7326 -39.2574 -39.2574
1722 67.704 67.704 -39.286 -39.286
1800 67.6391 67.6391 -39.3509 -39.3509
2010 67.6074 67.6074 -39.3826 -39.3826
2019 67.5841 67.5841 -39.4059 -39.4059
2050 67.867 67.5841 -39.123 -39.4059
"function evaluation" "current f(x)" "best-so-far f(x)" "current af(x)+b"  "best af(x)+b"
1 86.3105 86.3105 186.341 186.341
4 84.1704 84.1704 184.2 184.2
40 79.6602 79.6602 179.69 179.69
214 77.082 77.082 177.112 177.112
313 75.0264 75.0264 175.056 175.056
584 74.2629 74.2629 174.293 174.293
594 71.2025 71.2025 171.233 171.233
903 70.3141 70.3141 170.344 170.344
1313 70.012 70.012 170.042 170.042
1551 69.9312 69.9312 169.961 169.961
1584 69.6936 69.6936 169.724 169.724
1707 69.6393 69.6393 169.669 169.669
1709 69.5889 69.5889 169.619 169.619
1716 69.1455 69.1455 169.175 169.175
2050 70.0984 69.1455 170.128 169.175
"function evaluation" "current f(x)" "best-so-far f(x)" "current af(x)+b"  "best af(x)+b"
1 86.3369 86.3369 -192.553 -192.553
2 85.4147 85.4147 -193.475 -193.475
4 82.6956 82.6956 -196.194 -196.194
20 81.8062 81.8062 -197.084 -197.084
103 78.5545 78.5545 -200.335 -200.335
167 75.3955 75.3955 -203.494 -203.494
537 73.6125 73.6125 -205.277 -205.277
550 73.075 73.075 -205.815 -205.815
577 72.4734 72.4734 -206.417 -206.417
681 71.7772 71.7772 -207.113 -207.113
689 69.0462 69.0462 -209.844 -209.844
965 68.9401 68.9401 -209.95 -209.95
983 67.5665 67.5665 -211.323 -211.323
1316 67.1849 67.1849 -211.705 -211.705
1332 66.7585 66.7585 -212.132 -212.132
1420 66.3242 66.3242 -212.566 -212.566
1606 66.1795 66.1795 -212.71 -212.71
1755 66.0422 66.0422 -212.848 -212.848
1810 66.0274 66.0274 -212.863 -212.863
2050 66.9878 66.0274 -211.902 -212.863
"function evaluation" "current f(x)" "best-so-far f(x)" "current af(x)+b"  "best af(x)+b"
1 86.3881 86.3881 600.608 600.608
2 84.391 84.391 598.611 598.611
12 83.2382 83.2382 597.458 597.458
49 79.6116 79.6116 593.832 593.832
164 78.5284 78.5284 592.748 592.748
229 73.9863 73.9863 588.206 588.206
565 72.6364 72.6364 586.856 586.856
569 70.4893 70.4893 584.709 584.709
674 66.1762 66.1762 580.396 580.396
908 66.0211 66.0211 580.241 580.241
948 65.2468 65.2468 579.467 579.467
971 64.108 64.108 578.328 578.328
972 63.3677 63.3677 577.588 577.588
1199 62.9672 62.9672 577.187 577.187
1335 61.9942 61.9942 576.214 576.214
1366 60.0019 60.0019 574.222 574.222
1707 58.227 58.227 572.447 572.447
2050 62.0449 58.227 576.265 572.447
"function evaluation" "current f(x)" "best-so-far f(x)" "current af(x)+b"  "best af(x)+b"
1 86.3894 86.3894 696.269 696.269
2 85.3829 85.3829 695.263 695.263
3 84.8555 84.8555 694.736 694.736
6 82.3668 82.3668 692.247 692.247
23 77.5566 77.5566 687.437 687.437
136 74.195 74.195 684.075 684.075
501 71.2679 71.2679 681.148 681.148
510 70.6976 70.6976 680.578 680.578
568 69.5485 69.5485 679.429 679.429
617 69.0851 69.0851 678.965 678.965
696 67.8729 67.8729 677.753 677.753
801 67.576 67.576 677.456 677.456
904 67.1713 67.1713 677.051 677.051
917 66.2564 66.2564 676.136 676.136
983 66.0462 66.0462 675.926 675.926
1057 65.6139 65.6139 675.494 675.494
1065 65.2296 65.2296 675.11 675.11
1305 64.608 64.608 674.488 674.488
1337 64.5257 64.5257 674.406 674.406
1346 63.8542 63.8542 673.734 673.734
1388 63.2908 63.2908 673.171 673.171
1737 63.2295 63.2295 673.11 673.11
1822 63.161 63.161 673.041 673.041
2050 63.5855 63.161 673.466 673.041
"function evaluation" "current f(x)" "best-so-far f(x)" "current af(x)+b"  "best af(x)+b"
1 84.3211 84.3211 206.781 206.781
17 83.094 83.094 205.554 205.554
107 81.4882 81.4882 203.948 203.948
112 80.3133 80.3133 202.773 202.773
120 77.9039 77.9039 200.364 200.364
124 75.5818 75.5818 198.042 198.042
155 72.9123 72.9123 195.372 195.372
196 72.1362 72.1362 194.596 194.596
509 70.5344 70.5344 192.994 192.994
547 67.9074 67.9074 190.367 190.367
550 67.5062 67.5062 189.966 189.966
585 63.2189 63.2189 185.679 185.679
805 62.0752 62.0752 184.535 184.535
1703 62.0147 62.0147 184.475 184.475
1716 61.9212 61.9212 184.381 184.381
2050 74.127 61.9212 196.587 184.381
"function evaluation" "current f(x)" "best-so-far f(x)" "current af(x)+b"  "best af(x)+b"
1 84.7799 84.7799 71.8299 71.8299
4 84.5382 84.5382 71.5882 71.5882
5 81.4704 81.4704 68.5204 68.5204
21 77.9661 77.9661 65.0161 65.0161
113 76.9138 76.9138 63.9638 63.9638
147 74.8341 74.8341 61.8841 61.8841
242 71.8937 71.8937 58.9437 58.9437
425 71.8099 71.8099 58.8599 58.8599
522 71.4704 71.4704 58.5204 58.5204
537 67.3801 67.3801 54.4301 54.4301
694 63.7364 63.7364 50.7864 50.7864
847 54.4249 54.4249 41.4749 41.4749
1321 53.3163 53.3163 40.3663 40.3663
1328 52.6646 52.6646 39.7146 39.7146
1730 52.4364 52.4364 39.4864 39.4864
1750 52.1833 52.1833 39.2333 39.2333
1751 50.9813 50.9813 38.0313 38.0313
2050 55.9567 50.9813 43.0067 38.0313
"function evaluation" "current f(x)" "best-so-far f(x)" "current af(x)+b"  "best af(x)+b"
1 86.4753 86.4753 19.2053 19.2053
2 85.8273 85.8273 18.5573 18.5573
4 85.8025 85.8025 18.5325 18.5325
17 84.9489 84.9489 17.6789 17.6789
19 83.2759 83.2759 16.0059 16.0059
24 81.2894 81.2894 14.0194 14.0194
103 80.1695 80.1695 12.8995 12.8995
144 79.5091 79.5091 12.2391 12.2391
174 78.4701 78.4701 11.2001 11.2001
503 76.648 76.648 9.378 9.378
530 74.7436 74.7436 7.47363 7.47363
537 74.5281 74.5281 7.25813 7.25813
538 71.1549 71.1549 3.88488 3.88488
953 69.3972 69.3972 2.1272 2.1272
1338 68.2291 68.2291 0.959057 0.959057
1343 67.0729 67.0729 -0.197148 -0.197148
2050 81.3549 67.0729 14.0849 -0.197148
"function evaluation" "current f(x)" "best-so-far f(x)" "current af(x)+b"  "best af(x)+b"
1 86.3221 86.3221 85.5321 85.5321
2 86.1795 86.1795 85.3895 85.3895
4 86.0054 86.0054 85.2154 85.2154
5 85.9372 85.9372 85.1472 85.1472
8 85.7781 85.7781 84.9881 84.9881
9 85.4275 85.4275 84.6375 84.6375
11 84.395 84.395 83.605 83.605
35 82.0822 82.0822 81.2922 81.2922
45 80.3813 80.3813 79.5913 79.5913
48 78.3358 78.3358 77.5458 77.5458
136 76.1028 76.1028 75.3128 75.3128
168 72.7177 72.7177 71.9277 71.9277
301 68.7949 68.7949 68.0049 68.0049
504 67.8515 67.8515 67.0615 67.0615
554 65.2198 65.2198 64.4298 64.4298
593 58.1095 58.1095 57.3195 57.3195
666 56.5966 56.5966 55.8066 55.8066
923 52.1188 52.1188 51.3288 51.3288
930 51.0332 51.0332 50.2432 50.2432
1015 46.4947 46.4947 45.7047 45.7047
1321 45.7504 45.7504 44.9604 44.9604
1344 44.121 44.121 43.331 43.331
1866 44.1172 44.1172 43.3272 43.3272
1947 43.7584 43.7584 42.9684 42.9684
2050 44.8729 43.7584 44.0829 42.9684
"function evaluation" "current f(x)" "best-so-far f(x)" "current af(x)+b"  "best af(x)+b"
1 85.2249 85.2249 129.395 129.395
8 83.0075 83.0075 127.177 127.177
16 81.0252 81.0252 125.195 125.195
19 79.2581 79.2581 123.428 123.428
27 78.3994 78.3994 122.569 122.569
119 71.7864 71.7864 115.956 115.956
168 71.4313 71.4313 115.601 115.601
259 66.918 66.918 111.088 111.088
321 65.6799 65.6799 109.85 109.85
539 62.0678 62.0678 106.238 106.238
766 54.9229 54.9229 99.0929 99.0929
1006 49.3714 49.3714 93.5414 93.5414
1111 47.8571 47.8571 92.0271 92.0271
1113 46.2427 46.2427 90.4127 90.4127
1409 46.041 46.041 90.211 90.211
1466 44.9835 44.9835 89.1535 89.1535
1569 44.8265 44.8265 88.9965 88.9965
1709 44.4903 44.4903 88.6603 88.6603
1718 44.1311 44.1311 88.3011 88.3011
1736 43.557 43.557 87.727 87.727
1826 42.548 42.548 86.718 86.718
2050 46.5146 42.548 90.6846 86.718
"function evaluation" "current f(x)" "best-so-far f(x)" "current af(x)+b"  "best af(x)+b"
1 86.1481 86.1481 135.008 135.008
3 85.7362 85.7362 134.596 134.596
9 84.5076 84.5076 133.368 133.368
10 82.6205 82.6205 131.48 131.48
109 82.2676 82.2676 131.128 131.128
177 78.6106 78.6106 127.471 127.471
323 76.23 76.23 125.09 125.09
531 75.7096 75.7096 124.57 124.57
646 75.5677 75.5677 124.428 124.428
725 75.3181 75.3181 124.178 124.178
731 73.9768 73.9768 122.837 122.837
911 72.9704 72.9704 121.83 121.83
987 69.9012 69.9012 118.761 118.761
1763 69.8813 69.8813 118.741 118.741
1790 69.7647 69.7647 118.625 118.625
1924 69.7371 69.7371 118.597 118.597
2050 71.1784 69.7371 120.038 118.597
"function evaluation" "current f(x)" "best-so-far f(x)" "current af(x)+b"  "best af(x)+b"
1 86.3107 86.3107 51.8907 51.8907
2 85.7962 85.7962 51.3762 51.3762
5 85.1012 85.1012 50.6812 50.6812
11 84.7442 84.7442 50.3242 50.3242
17 83.1701 83.1701 48.7501 48.7501
22 82.9349 82.9349 48.5149 48.5149
26 82.3289 82.3289 47.9089 47.9089
28 80.0519 80.0519 45.6319 45.6319
105 74.7682 74.7682 40.3482 40.3482
116 74.7053 74.7053 40.2853 40.2853
117 66.2867 66.2867 31.8667 31.8667
508 58.8994 58.8994 24.4794 24.4794
573 48.9462 48.9462 14.5262 14.5262
662 40.6854 40.6854 6.26537 6.26537
1030 40.4054 40.4054 5.98544 5.98544
1078 40.1779 40.1779 5.75794 5.75794
1146 37.6401 37.6401 3.22015 3.22015
1309 34.1031 34.1031 -0.316882 -0.316882
2050 37.9639 34.1031 3.54389 -0.316882
"function evaluation" "current f(x)" "best-so-far f(x)" "current af(x)+b"  "best af(x)+b"
1 86.2848 86.2848 -51.6452 -51.6452
2 85.5275 85.5275 -52.4025 -52.4025
5 83.5679 83.5679 -54.3621 -54.3621
7 83.2381 83.2381 -54.6919 -54.6919
8 81.5326 81.5326 -56.3974 -56.3974
109 77.7607 77.7607 -60.1693 -60.1693
168 76.327 76.327 -61.603 -61.603
217 75.6986 75.6986 -62.2314 -62.2314
237 71.3963 71.3963 -66.5337 -66.5337
689 70.5414 70.5414 -67.3886 -67.3886
2050 71.1067 70.5414 -66.8233 -67.3886
"function evaluation" "current f(x)" "best-so-far f(x)" "current af(x)+b"  "best af(x)+b"
1 86.1915 86.1915 1086.19 1086.19
5 85.6196 85.6196 1085.62 1085.62
9 85.3768 85.3768 1085.38 1085.38
16 85.3537 85.3537 1085.35 1085.35
23 84.7662 84.7662 1084.77 1084.77
47 80.2919 80.2919 1080.29 1080.29
310 79.4939 79.4939 1079.49 1079.49
318 78.5836 78.5836 1078.58 1078.58
356 77.5306 77.5306 1077.53 1077.53
377 76.8619 76.8619 1076.86 1076.86
509 74.336 74.336 1074.34 1074.34
523 73.8726 73.8726 1073.87 1073.87
679 73.8313 73.8313 1073.83 1073.83
793 73.1953 73.1953 1073.2 1073.2
916 71.8704 71.8704 1071.87 1071.87
964 71.1994 71.1994 1071.2 1071.2
2050 72.2733 71.1994 1072.27 1071.2
"function evaluation" "current f(x)" "best-so-far f(x)" "current af(x)+b"  "best af(x)+b"
1 86.3616 86.3616 104.212 104.212
2 81.4042 81.4042 99.2542 99.2542
126 78.7661 78.7661 96.6161 96.6161
145 72.6719 72.6719 90.5219 90.5219
351 70.7777 70.7777 88.6277 88.6277
905 69.7207 69.7207 87.5707 87.5707
1027 69.3187 69.3187 87.1687 87.1687
1157 67.9302 67.9302 85.7802 85.7802
2050 68.5879 67.9302 86.4379 85.7802
