"function evaluation" "current f(x)" "best-so-far f(x)" "current af(x)+b"  "best af(x)+b"
1 515.818 515.818 506.608 506.608
2 422.172 422.172 412.962 412.962
3 389.891 389.891 380.681 380.681
4 313.25 313.25 304.04 304.04
14 294.096 294.096 284.886 284.886
15 275.617 275.617 266.407 266.407
151 248.415 248.415 239.205 239.205
153 211.371 211.371 202.161 202.161
404 192.381 192.381 183.171 183.171
567 172.853 172.853 163.643 163.643
755 116.732 116.732 107.522 107.522
834 106.49 106.49 97.2799 97.2799
1121 86.477 86.477 77.267 77.267
1124 84.7759 84.7759 75.5659 75.5659
1213 82.8641 82.8641 73.6541 73.6541
1299 23.5809 23.5809 14.3709 14.3709
1451 22.0303 22.0303 12.8203 12.8203
1465 17.9772 17.9772 8.76723 8.76723
1468 13.0529 13.0529 3.84288 3.84288
1517 4.05909 4.05909 -5.15091 -5.15091
1637 -69.8935 -69.8935 -79.1035 -79.1035
1800 124.886 -69.8935 115.676 -79.1035
"function evaluation" "current f(x)" "best-so-far f(x)" "current af(x)+b"  "best af(x)+b"
1 339.953 339.953 995.943 995.943
12 328.759 328.759 984.749 984.749
17 317.486 317.486 973.476 973.476
25 282.982 282.982 938.972 938.972
138 249.631 249.631 905.621 905.621
405 237.342 237.342 893.332 893.332
507 233.088 233.088 889.078 889.078
518 224.592 224.592 880.582 880.582
593 223.833 223.833 879.823 879.823
753 147.069 147.069 803.059 803.059
1106 116.286 116.286 772.276 772.276
1452 109.92 109.92 765.91 765.91
1480 103.585 103.585 759.575 759.575
1506 83.9704 83.9704 739.96 739.96
1645 76.9427 76.9427 732.933 732.933
1692 53.197 53.197 709.187 709.187
1803 49.3655 49.3655 705.355 705.355
1824 43.7605 43.7605 699.75 699.75
1888 42.6759 42.6759 698.666 698.666
1893 2.22612 2.22612 658.216 658.216
2150 162.463 2.22612 818.453 658.216
"function evaluation" "current f(x)" "best-so-far f(x)" "current af(x)+b"  "best af(x)+b"
1 246.542 246.542 313.252 313.252
119 220.935 220.935 287.645 287.645
209 215.511 215.511 282.221 282.221
316 167.604 167.604 234.314 234.314
507 117.706 117.706 184.416 184.416
759 112.06 112.06 178.77 178.77
789 67.8929 67.8929 134.603 134.603
930 -1.25084 -1.25084 65.4592 65.4592
1100 153.942 -1.25084 220.652 65.4592
"function evaluation" "current f(x)" "best-so-far f(x)" "current af(x)+b"  "best af(x)+b"
1 384.545 384.545 1326.21 1326.21
2 323.306 323.306 1264.98 1264.98
14 321.873 321.873 1263.54 1263.54
17 309.689 309.689 1251.36 1251.36
66 308.935 308.935 1250.6 1250.6
110 280.271 280.271 1221.94 1221.94
181 277.205 277.205 1218.88 1218.88
276 261.919 261.919 1203.59 1203.59
406 260.086 260.086 1201.76 1201.76
409 236.01 236.01 1177.68 1177.68
432 231.079 231.079 1172.75 1172.75
449 220.326 220.326 1162 1162
452 170.782 170.782 1112.45 1112.45
754 154.626 154.626 1096.3 1096.3
775 150.132 150.132 1091.8 1091.8
808 136.844 136.844 1078.51 1078.51
836 130.925 130.925 1072.6 1072.6
1028 92.2775 92.2775 1033.95 1033.95
1117 75.8221 75.8221 1017.49 1017.49
1120 52.317 52.317 993.987 993.987
1251 47.2924 47.2924 988.962 988.962
1276 43.5134 43.5134 985.183 985.183
1466 35.1753 35.1753 976.845 976.845
1471 22.3305 22.3305 964 964
1497 16.184 16.184 957.854 957.854
1500 12.6913 12.6913 954.361 954.361
1526 11.714 11.714 953.384 953.384
1534 -4.02638 -4.02638 937.644 937.644
1590 -6.56572 -6.56572 935.104 935.104
1785 -17.91 -17.91 923.76 923.76
1800 136.745 -17.91 1078.42 923.76
"function evaluation" "current f(x)" "best-so-far f(x)" "current af(x)+b"  "best af(x)+b"
1 317.237 317.237 279.787 279.787
4 282.762 282.762 245.312 245.312
42 193.792 193.792 156.342 156.342
406 183.525 183.525 146.075 146.075
459 175.148 175.148 137.698 137.698
662 173.655 173.655 136.205 136.205
765 150.848 150.848 113.398 113.398
796 147.812 147.812 110.362 110.362
817 142.736 142.736 105.286 105.286
846 138.449 138.449 100.999 100.999
885 133.618 133.618 96.1677 96.1677
987 121.875 121.875 84.4251 84.4251
992 119.717 119.717 82.2667 82.2667
1070 119.185 119.185 81.7348 81.7348
1107 102.537 102.537 65.0874 65.0874
1112 63.8248 63.8248 26.3748 26.3748
1180 55.3682 55.3682 17.9182 17.9182
1458 40.9079 40.9079 3.45786 3.45786
1521 27.5108 27.5108 -9.93918 -9.93918
1616 12.1644 12.1644 -25.2856 -25.2856
1816 1.19431 1.19431 -36.2557 -36.2557
1869 -3.99384 -3.99384 -41.4438 -41.4438
1915 -17.693 -17.693 -55.143 -55.143
2150 90.6478 -17.693 53.1978 -55.143
"function evaluation" "current f(x)" "best-so-far f(x)" "current af(x)+b"  "best af(x)+b"
1 290.35 290.35 580.97 580.97
20 261.772 261.772 552.392 552.392
56 200.816 200.816 491.436 491.436
636 174.23 174.23 464.85 464.85
821 172.232 172.232 462.852 462.852
880 159.682 159.682 450.302 450.302
890 159.553 159.553 450.173 450.173
894 149.22 149.22 439.84 439.84
999 148.14 148.14 438.76 438.76
1103 146.496 146.496 437.116 437.116
1126 127.813 127.813 418.433 418.433
1131 91.9599 91.9599 382.58 382.58
1154 91.4566 91.4566 382.077 382.077
1359 68.5057 68.5057 359.126 359.126
1452 40.2611 40.2611 330.881 330.881
1677 2.43551 2.43551 293.056 293.056
1822 1.49371 1.49371 292.114 292.114
1864 -15.049 -15.049 275.571 275.571
2150 71.5585 -15.049 362.178 275.571
"function evaluation" "current f(x)" "best-so-far f(x)" "current af(x)+b"  "best af(x)+b"
1 316.625 316.625 215.095 215.095
9 309.339 309.339 207.809 207.809
20 280.953 280.953 179.423 179.423
29 259.572 259.572 158.042 158.042
87 239.61 239.61 138.08 138.08
137 234.037 234.037 132.507 132.507
401 226.48 226.48 124.95 124.95
466 218.406 218.406 116.876 116.876
504 187.614 187.614 86.0838 86.0838
526 180.853 180.853 79.3229 79.3229
535 176.06 176.06 74.5296 74.5296
685 173.144 173.144 71.6139 71.6139
752 134.686 134.686 33.1557 33.1557
1101 125.12 125.12 23.5898 23.5898
1104 113.067 113.067 11.5374 11.5374
1128 95.3224 95.3224 -6.2076 -6.2076
1147 88.5947 88.5947 -12.9353 -12.9353
1159 83.8984 83.8984 -17.6316 -17.6316
1282 64.6799 64.6799 -36.8501 -36.8501
1335 56.1031 56.1031 -45.4269 -45.4269
1453 37.3161 37.3161 -64.2139 -64.2139
1473 33.5484 33.5484 -67.9816 -67.9816
1475 18.7421 18.7421 -82.7879 -82.7879
1486 -13.3103 -13.3103 -114.84 -114.84
1491 -32.7143 -32.7143 -134.244 -134.244
1800 69.5669 -32.7143 -31.9631 -134.244
"function evaluation" "current f(x)" "best-so-far f(x)" "current af(x)+b"  "best af(x)+b"
1 327.843 327.843 629.813 629.813
5 289.217 289.217 591.187 591.187
18 268.363 268.363 570.333 570.333
154 259.455 259.455 561.425 561.425
258 218.68 218.68 520.65 520.65
488 218.453 218.453 520.423 520.423
497 206.354 206.354 508.324 508.324
752 193.863 193.863 495.833 495.833
771 176.987 176.987 478.957 478.957
867 172.736 172.736 474.706 474.706
1035 143.514 143.514 445.484 445.484
1113 137.648 137.648 439.618 439.618
1299 135.729 135.729 437.699 437.699
1370 129.379 129.379 431.349 431.349
1402 127.994 127.994 429.964 429.964
1430 101.249 101.249 403.219 403.219
1492 95.118 95.118 397.088 397.088
1534 70.6893 70.6893 372.659 372.659
1589 65.9809 65.9809 367.951 367.951
1665 55.4574 55.4574 357.427 357.427
1770 21.9992 21.9992 323.969 323.969
1819 10.9882 10.9882 312.958 312.958
1822 -7.45341 -7.45341 294.517 294.517
2039 -22.266 -22.266 279.704 279.704
2150 81.7268 -22.266 383.697 279.704
"function evaluation" "current f(x)" "best-so-far f(x)" "current af(x)+b"  "best af(x)+b"
1 426.791 426.791 361.181 361.181
2 312.011 312.011 246.401 246.401
4 300.483 300.483 234.873 234.873
33 253.56 253.56 187.95 187.95
59 246.593 246.593 180.983 180.983
135 243.375 243.375 177.765 177.765
190 234.521 234.521 168.911 168.911
292 219.528 219.528 153.918 153.918
454 175.788 175.788 110.178 110.178
693 161.766 161.766 96.1564 96.1564
768 149.67 149.67 84.0601 84.0601
821 140.126 140.126 74.5163 74.5163
865 118.292 118.292 52.682 52.682
1102 116.852 116.852 51.2417 51.2417
1104 99.331 99.331 33.721 33.721
1152 86.9857 86.9857 21.3757 21.3757
1238 64.9256 64.9256 -0.684443 -0.684443
1467 51.4214 51.4214 -14.1886 -14.1886
1493 40.5035 40.5035 -25.1065 -25.1065
1533 31.9698 31.9698 -33.6402 -33.6402
1542 27.6268 27.6268 -37.9832 -37.9832
1600 12.5249 12.5249 -53.0851 -53.0851
1820 0.369177 0.369177 -65.2408 -65.2408
2003 -1.79239 -1.79239 -67.4024 -67.4024
2044 -15.8593 -15.8593 -81.4693 -81.4693
2150 65.9729 -15.8593 0.362913 -81.4693
"function evaluation" "current f(x)" "best-so-far f(x)" "current af(x)+b"  "best af(x)+b"
1 319.604 319.604 283.914 283.914
4 311.673 311.673 275.983 275.983
8 293.28 293.28 257.59 257.59
19 289.348 289.348 253.658 253.658
24 248.239 248.239 212.549 212.549
410 223.554 223.554 187.864 187.864
455 194.83 194.83 159.14 159.14
540 152.615 152.615 116.925 116.925
799 98.6675 98.6675 62.9775 62.9775
1105 92.1783 92.1783 56.4883 56.4883
1129 84.3957 84.3957 48.7057 48.7057
1154 50.4541 50.4541 14.7641 14.7641
1452 -1.60524 -1.60524 -37.2952 -37.2952
1503 -6.92347 -6.92347 -42.6135 -42.6135
1649 -13.5088 -13.5088 -49.1988 -49.1988
1800 153.206 -13.5088 117.516 -49.1988
"function evaluation" "current f(x)" "best-so-far f(x)" "current af(x)+b"  "best af(x)+b"
1 405.416 405.416 437.156 437.156
2 387.134 387.134 418.874 418.874
6 363.293 363.293 395.033 395.033
9 234.48 234.48 266.22 266.22
214 223.309 223.309 255.049 255.049
412 216.687 216.687 248.427 248.427
460 213.574 213.574 245.314 245.314
559 151.168 151.168 182.908 182.908
762 125.694 125.694 157.434 157.434
827 124.658 124.658 156.398 156.398
1112 103.557 103.557 135.297 135.297
1113 93.3408 93.3408 125.081 125.081
1119 77.0547 77.0547 108.795 108.795
1152 61.6479 61.6479 93.3879 93.3879
1166 45.6242 45.6242 77.3642 77.3642
1482 24.8755 24.8755 56.6155 56.6155
1488 24.7563 24.7563 56.4963 56.4963
1631 9.99067 9.99067 41.7307 41.7307
1820 -20.149 -20.149 11.591 11.591
1840 -25.3452 -25.3452 6.39476 6.39476
1864 -36.2266 -36.2266 -4.48663 -4.48663
1876 -37.6676 -37.6676 -5.92762 -5.92762
1877 -64.0048 -64.0048 -32.2648 -32.2648
1882 -66.99 -66.99 -35.25 -35.25
2018 -78.0383 -78.0383 -46.2983 -46.2983
2150 74.8617 -78.0383 106.602 -46.2983
"function evaluation" "current f(x)" "best-so-far f(x)" "current af(x)+b"  "best af(x)+b"
1 417.619 417.619 1252.11 1252.11
2 379.877 379.877 1214.37 1214.37
4 358.29 358.29 1192.78 1192.78
6 318.401 318.401 1152.89 1152.89
39 312.702 312.702 1147.19 1147.19
40 285.481 285.481 1119.97 1119.97
159 255.449 255.449 1089.94 1089.94
197 250.101 250.101 1084.59 1084.59
433 207.938 207.938 1042.43 1042.43
505 204.329 204.329 1038.82 1038.82
769 189.032 189.032 1023.52 1023.52
803 186.338 186.338 1020.83 1020.83
848 166.482 166.482 1000.97 1000.97
878 148.893 148.893 983.383 983.383
1108 147.156 147.156 981.646 981.646
1115 141.7 141.7 976.19 976.19
1121 109.407 109.407 943.897 943.897
1134 95.1301 95.1301 929.62 929.62
1187 86.9023 86.9023 921.392 921.392
1263 49.6701 49.6701 884.16 884.16
1580 46.5828 46.5828 881.073 881.073
1650 11.3227 11.3227 845.813 845.813
1831 -3.69552 -3.69552 830.794 830.794
1852 -11.8743 -11.8743 822.616 822.616
2125 -27.7679 -27.7679 806.722 806.722
2150 103.628 -27.7679 938.118 806.722
"function evaluation" "current f(x)" "best-so-far f(x)" "current af(x)+b"  "best af(x)+b"
1 318.796 318.796 360.386 360.386
19 283.066 283.066 324.656 324.656
27 269.649 269.649 311.239 311.239
47 230.957 230.957 272.547 272.547
135 223.226 223.226 264.816 264.816
395 202.317 202.317 243.907 243.907
612 186.515 186.515 228.105 228.105
747 183.712 183.712 225.302 225.302
753 171.533 171.533 213.123 213.123
760 160.008 160.008 201.598 201.598
797 137.304 137.304 178.894 178.894
861 135.343 135.343 176.933 176.933
889 93.1535 93.1535 134.744 134.744
1105 84.0313 84.0313 125.621 125.621
1114 34.6643 34.6643 76.2543 76.2543
1562 21.6243 21.6243 63.2143 63.2143
1597 -37.7388 -37.7388 3.85121 3.85121
1800 116.615 -37.7388 158.205 3.85121
"function evaluation" "current f(x)" "best-so-far f(x)" "current af(x)+b"  "best af(x)+b"
1 418.321 418.321 518.741 518.741
6 376.72 376.72 477.14 477.14
9 336.802 336.802 437.222 437.222
24 314.173 314.173 414.593 414.593
36 312.306 312.306 412.726 412.726
67 311.891 311.891 412.311 412.311
69 305.615 305.615 406.035 406.035
90 303.667 303.667 404.087 404.087
197 299.096 299.096 399.516 399.516
202 272.343 272.343 372.763 372.763
240 265.54 265.54 365.96 365.96
252 247.743 247.743 348.163 348.163
435 226.875 226.875 327.295 327.295
438 211.508 211.508 311.928 311.928
469 205.344 205.344 305.764 305.764
663 203.785 203.785 304.205 304.205
769 184.868 184.868 285.288 285.288
852 152.143 152.143 252.563 252.563
883 137.667 137.667 238.087 238.087
950 134.066 134.066 234.486 234.486
1122 103.271 103.271 203.691 203.691
1138 75.7169 75.7169 176.137 176.137
1313 70.0564 70.0564 170.476 170.476
1451 45.1137 45.1137 145.534 145.534
1459 34.5066 34.5066 134.927 134.927
1805 29.673 29.673 130.093 130.093
1815 24.9093 24.9093 125.329 125.329
1849 18.0159 18.0159 118.436 118.436
1920 5.126 5.126 105.546 105.546
1934 -7.78762 -7.78762 92.6324 92.6324
1982 -26.7781 -26.7781 73.6419 73.6419
2150 108.473 -26.7781 208.893 73.6419
"function evaluation" "current f(x)" "best-so-far f(x)" "current af(x)+b"  "best af(x)+b"
1 319.253 319.253 311.723 311.723
5 296.293 296.293 288.763 288.763
15 286.547 286.547 279.017 279.017
56 284.564 284.564 277.034 277.034
195 252.717 252.717 245.187 245.187
404 223.098 223.098 215.568 215.568
414 208.341 208.341 200.811 200.811
426 194.493 194.493 186.963 186.963
588 180.788 180.788 173.258 173.258
771 173.022 173.022 165.492 165.492
801 160.928 160.928 153.398 153.398
845 157.241 157.241 149.711 149.711
880 133.87 133.87 126.34 126.34
1104 120.966 120.966 113.436 113.436
1127 116.008 116.008 108.478 108.478
1132 86.8364 86.8364 79.3064 79.3064
1153 85.9688 85.9688 78.4388 78.4388
1171 85.6905 85.6905 78.1605 78.1605
1196 83.2116 83.2116 75.6816 75.6816
1229 77.1498 77.1498 69.6198 69.6198
1341 68.9596 68.9596 61.4296 61.4296
1354 68.7037 68.7037 61.1737 61.1737
1453 50.1882 50.1882 42.6582 42.6582
1493 47.921 47.921 40.391 40.391
1529 39.8694 39.8694 32.3394 32.3394
1543 32.4124 32.4124 24.8824 24.8824
1601 31.4899 31.4899 23.9599 23.9599
1608 22.2518 22.2518 14.7218 14.7218
1751 19.6347 19.6347 12.1047 12.1047
1801 1.35472 1.35472 -6.17528 -6.17528
1804 -7.56252 -7.56252 -15.0925 -15.0925
1806 -51.0258 -51.0258 -58.5558 -58.5558
2150 103.3 -51.0258 95.7705 -58.5558
"function evaluation" "current f(x)" "best-so-far f(x)" "current af(x)+b"  "best af(x)+b"
1 511.35 511.35 1481.84 1481.84
2 382.277 382.277 1352.77 1352.77
7 295.071 295.071 1265.56 1265.56
34 292.679 292.679 1263.17 1263.17
35 254.884 254.884 1225.37 1225.37
282 236.21 236.21 1206.7 1206.7
381 212.137 212.137 1182.63 1182.63
571 211.806 211.806 1182.3 1182.3
672 195.271 195.271 1165.76 1165.76
752 152.253 152.253 1122.74 1122.74
821 127.388 127.388 1097.88 1097.88
1102 125.768 125.768 1096.26 1096.26
1106 125.123 125.123 1095.61 1095.61
1107 116.315 116.315 1086.81 1086.81
1128 111.68 111.68 1082.17 1082.17
1153 105.377 105.377 1075.87 1075.87
1166 97.0967 97.0967 1067.59 1067.59
1253 92.9765 92.9765 1063.47 1063.47
1453 76.7315 76.7315 1047.22 1047.22
1485 73.9432 73.9432 1044.43 1044.43
1493 54.7681 54.7681 1025.26 1025.26
1616 27.938 27.938 998.428 998.428
1801 27.8236 27.8236 998.314 998.314
1814 3.224 3.224 973.714 973.714
1824 -12.8006 -12.8006 957.689 957.689
1885 -35.279 -35.279 935.211 935.211
1911 -40.4594 -40.4594 930.031 930.031
2150 105.157 -40.4594 1075.65 930.031
"function evaluation" "current f(x)" "best-so-far f(x)" "current af(x)+b"  "best af(x)+b"
1 333.129 333.129 1333.13 1333.13
15 327.847 327.847 1327.85 1327.85
21 314.036 314.036 1314.04 1314.04
43 282.749 282.749 1282.75 1282.75
44 268.186 268.186 1268.19 1268.19
61 267.762 267.762 1267.76 1267.76
96 266.803 266.803 1266.8 1266.8
153 226.119 226.119 1226.12 1226.12
168 210.825 210.825 1210.82 1210.82
456 205.259 205.259 1205.26 1205.26
522 204.199 204.199 1204.2 1204.2
567 176.314 176.314 1176.31 1176.31
766 173.54 173.54 1173.54 1173.54
780 162.668 162.668 1162.67 1162.67
783 103.642 103.642 1103.64 1103.64
1105 102.441 102.441 1102.44 1102.44
1161 57.7077 57.7077 1057.71 1057.71
1459 47.4769 47.4769 1047.48 1047.48
1460 42.6218 42.6218 1042.62 1042.62
1465 41.01 41.01 1041.01 1041.01
1482 -3.86734 -3.86734 996.133 996.133
1800 162.681 -3.86734 1162.68 996.133
"function evaluation" "current f(x)" "best-so-far f(x)" "current af(x)+b"  "best af(x)+b"
1 465.727 465.727 396.417 396.417
2 321.637 321.637 252.327 252.327
5 298.206 298.206 228.896 228.896
48 274.406 274.406 205.096 205.096
76 255.215 255.215 185.905 185.905
206 251.784 251.784 182.474 182.474
429 217.872 217.872 148.562 148.562
511 201.106 201.106 131.796 131.796
580 171.134 171.134 101.824 101.824
829 166.897 166.897 97.5873 97.5873
883 163.737 163.737 94.4267 94.4267
907 146.382 146.382 77.0716 77.0716
1112 106.246 106.246 36.9357 36.9357
1154 77.3155 77.3155 8.0055 8.0055
1309 52.059 52.059 -17.251 -17.251
1480 -18.771 -18.771 -88.081 -88.081
1800 155.499 -18.771 86.189 -88.081
"function evaluation" "current f(x)" "best-so-far f(x)" "current af(x)+b"  "best af(x)+b"
1 299.715 299.715 219.225 219.225
14 244.521 244.521 164.031 164.031
116 214.69 214.69 134.2 134.2
406 189.728 189.728 109.238 109.238
534 176.748 176.748 96.2575 96.2575
697 144.722 144.722 64.232 64.232
928 141.681 141.681 61.1908 61.1908
1041 131.52 131.52 51.0303 51.0303
1087 130.57 130.57 50.0802 50.0802
1103 112.708 112.708 32.2177 32.2177
1107 109.795 109.795 29.305 29.305
1129 84.1317 84.1317 3.64172 3.64172
1153 70.0423 70.0423 -10.4477 -10.4477
1279 58.936 58.936 -21.554 -21.554
1505 46.8858 46.8858 -33.6042 -33.6042
1521 30.8951 30.8951 -49.5949 -49.5949
1668 25.5703 25.5703 -54.9197 -54.9197
1802 -6.98504 -6.98504 -87.475 -87.475
1820 -8.35072 -8.35072 -88.8407 -88.8407
1825 -14.1668 -14.1668 -94.6568 -94.6568
1929 -15.8414 -15.8414 -96.3314 -96.3314
1961 -24.3175 -24.3175 -104.807 -104.807
2017 -64.0458 -64.0458 -144.536 -144.536
2150 132.36 -64.0458 51.8697 -144.536
"function evaluation" "current f(x)" "best-so-far f(x)" "current af(x)+b"  "best af(x)+b"
1 453.824 453.824 877.734 877.734
2 386.925 386.925 810.835 810.835
8 335.894 335.894 759.804 759.804
13 328.51 328.51 752.42 752.42
14 324.664 324.664 748.574 748.574
29 228.389 228.389 652.299 652.299
113 215.82 215.82 639.73 639.73
147 173.268 173.268 597.178 597.178
421 167.868 167.868 591.778 591.778
775 165.292 165.292 589.202 589.202
812 145.858 145.858 569.768 569.768
826 143.957 143.957 567.867 567.867
838 113.877 113.877 537.787 537.787
1120 104.862 104.862 528.772 528.772
1131 96.0476 96.0476 519.958 519.958
1137 78.9906 78.9906 502.901 502.901
1154 53.0735 53.0735 476.984 476.984
1460 46.369 46.369 470.279 470.279
1462 26.7208 26.7208 450.631 450.631
1474 26.1391 26.1391 450.049 450.049
1502 1.81876 1.81876 425.729 425.729
1583 -1.52062 -1.52062 422.389 422.389
1613 -11.6763 -11.6763 412.234 412.234
1800 165.991 -11.6763 589.901 412.234
"function evaluation" "current f(x)" "best-so-far f(x)" "current af(x)+b"  "best af(x)+b"
1 349.021 349.021 82.4306 82.4306
13 339.018 339.018 72.4281 72.4281
18 330.164 330.164 63.5742 63.5742
68 329.921 329.921 63.3314 63.3314
71 325.316 325.316 58.7258 58.7258
75 306.338 306.338 39.7478 39.7478
134 214.503 214.503 -52.0873 -52.0873
482 194.407 194.407 -72.1834 -72.1834
558 181.161 181.161 -85.4286 -85.4286
762 157.889 157.889 -108.701 -108.701
888 128.716 128.716 -137.874 -137.874
895 125.552 125.552 -141.038 -141.038
936 123.897 123.897 -142.693 -142.693
1006 106.465 106.465 -160.125 -160.125
1119 104.109 104.109 -162.481 -162.481
1127 87.8213 87.8213 -178.769 -178.769
1132 82.4709 82.4709 -184.119 -184.119
1152 52.3262 52.3262 -214.264 -214.264
1304 23.7357 23.7357 -242.854 -242.854
1465 -83.4213 -83.4213 -350.011 -350.011
1800 208.857 -83.4213 -57.7333 -350.011
"function evaluation" "current f(x)" "best-so-far f(x)" "current af(x)+b"  "best af(x)+b"
1 425.67 425.67 460.95 460.95
2 409.93 409.93 445.21 445.21
5 378.581 378.581 413.861 413.861
13 319.965 319.965 355.245 355.245
14 306.378 306.378 341.658 341.658
15 294.468 294.468 329.748 329.748
16 254.845 254.845 290.125 290.125
48 239.195 239.195 274.475 274.475
222 239.172 239.172 274.452 274.452
267 199.717 199.717 234.997 234.997
487 198.757 198.757 234.037 234.037
507 198.149 198.149 233.429 233.429
534 179.106 179.106 214.386 214.386
685 156.133 156.133 191.413 191.413
770 108.331 108.331 143.611 143.611
901 97.567 97.567 132.847 132.847
980 88.7758 88.7758 124.056 124.056
1135 75.8893 75.8893 111.169 111.169
1141 67.0679 67.0679 102.348 102.348
1217 62.9644 62.9644 98.2444 98.2444
1283 60.2863 60.2863 95.5663 95.5663
1388 48.5836 48.5836 83.8636 83.8636
1485 18.1978 18.1978 53.4778 53.4778
1582 16.3847 16.3847 51.6647 51.6647
1661 9.47007 9.47007 44.7501 44.7501
1730 -10.2628 -10.2628 25.0172 25.0172
1800 161.16 -10.2628 196.44 25.0172
"function evaluation" "current f(x)" "best-so-far f(x)" "current af(x)+b"  "best af(x)+b"
1 391.909 391.909 203.679 203.679
2 240.779 240.779 52.5494 52.5494
110 212.704 212.704 24.474 24.474
304 198.764 198.764 10.5336 10.5336
497 180.219 180.219 -8.01106 -8.01106
552 172.002 172.002 -16.2276 -16.2276
641 153.103 153.103 -35.1271 -35.1271
715 152.95 152.95 -35.2799 -35.2799
796 117.641 117.641 -70.5888 -70.5888
932 83.7713 83.7713 -104.459 -104.459
1110 42.7887 42.7887 -145.441 -145.441
1164 33.9311 33.9311 -154.299 -154.299
1438 26.428 26.428 -161.802 -161.802
1467 25.5752 25.5752 -162.655 -162.655
1469 -4.41417 -4.41417 -192.644 -192.644
1524 -6.04556 -6.04556 -194.276 -194.276
1800 26.131 -6.04556 -162.099 -194.276
"function evaluation" "current f(x)" "best-so-far f(x)" "current af(x)+b"  "best af(x)+b"
1 416.185 416.185 574.035 574.035
2 392.606 392.606 550.456 550.456
5 387.622 387.622 545.472 545.472
6 386.231 386.231 544.081 544.081
8 375.213 375.213 533.063 533.063
12 310.088 310.088 467.938 467.938
40 258.166 258.166 416.016 416.016
157 244.333 244.333 402.183 402.183
404 234.343 234.343 392.193 392.193
407 229.49 229.49 387.34 387.34
446 227.754 227.754 385.604 385.604
461 190.39 190.39 348.24 348.24
657 185.346 185.346 343.196 343.196
728 177.388 177.388 335.238 335.238
741 164.36 164.36 322.21 322.21
779 150.243 150.243 308.093 308.093
787 137.691 137.691 295.541 295.541
828 131.941 131.941 289.791 289.791
846 128.93 128.93 286.78 286.78
860 101.957 101.957 259.807 259.807
1113 72.3882 72.3882 230.238 230.238
1129 71.9553 71.9553 229.805 229.805
1280 49.4946 49.4946 207.345 207.345
1303 33.7436 33.7436 191.594 191.594
1565 26.8403 26.8403 184.69 184.69
1568 -2.42702 -2.42702 155.423 155.423
1744 -5.01145 -5.01145 152.839 152.839
1800 66.4872 -5.01145 224.337 152.839
"function evaluation" "current f(x)" "best-so-far f(x)" "current af(x)+b"  "best af(x)+b"
1 386.227 386.227 412.827 412.827
2 350.323 350.323 376.923 376.923
6 343.089 343.089 369.689 369.689
9 301.637 301.637 328.237 328.237
20 266.766 266.766 293.366 293.366
138 254.476 254.476 281.076 281.076
436 233.717 233.717 260.317 260.317
517 177.208 177.208 203.808 203.808
540 113.862 113.862 140.462 140.462
1112 106.572 106.572 133.172 133.172
1127 102.882 102.882 129.482 129.482
1139 98.8482 98.8482 125.448 125.448
1170 94.8124 94.8124 121.412 121.412
1238 75.1621 75.1621 101.762 101.762
1288 38.5833 38.5833 65.1833 65.1833
1521 26.4777 26.4777 53.0777 53.0777
1623 10.3659 10.3659 36.9659 36.9659
1809 -0.288987 -0.288987 26.311 26.311
1839 -40.4854 -40.4854 -13.8854 -13.8854
2150 104.227 -40.4854 130.827 -13.8854
