"function evaluation" "current f(x)" "best-so-far f(x)" "current af(x)+b"  "best af(x)+b"
1 31.0322 31.0322 37.9022 37.9022
2 30.9971 30.9971 37.8671 37.8671
4 30.1957 30.1957 37.0657 37.0657
5 27.5507 27.5507 34.4207 34.4207
6 9.31809 9.31809 16.1881 16.1881
16 5.81821 5.81821 12.6882 12.6882
32 3.42896 3.42896 10.299 10.299
132 3.38043 3.38043 10.2504 10.2504
655 2.95188 2.95188 9.82188 9.82188
1538 2.53959 2.53959 9.40959 9.40959
1609 1.76991 1.76991 8.63991 8.63991
50050 688951 1.76991 688958 8.63991
"function evaluation" "current f(x)" "best-so-far f(x)" "current af(x)+b"  "best af(x)+b"
1 21.4966 21.4966 21.5066 21.5066
3 13.2186 13.2186 13.2286 13.2286
5 12.0853 12.0853 12.0953 12.0953
24 10.2769 10.2769 10.2869 10.2869
29 7.8148 7.8148 7.8248 7.8248
38 5.8452 5.8452 5.8552 5.8552
159 4.33985 4.33985 4.34985 4.34985
194 4.03301 4.03301 4.04301 4.04301
230 2.99871 2.99871 3.00871 3.00871
1124 2.01284 2.01284 2.02284 2.02284
50050 772846 2.01284 772846 2.02284
"function evaluation" "current f(x)" "best-so-far f(x)" "current af(x)+b"  "best af(x)+b"
1 21.2608 21.2608 -109.349 -109.349
3 11.3082 11.3082 -119.302 -119.302
9 10.6726 10.6726 -119.937 -119.937
13 9.09412 9.09412 -121.516 -121.516
15 6.60835 6.60835 -124.002 -124.002
26 1.80833 1.80833 -128.802 -128.802
2131 0.904971 0.904971 -129.705 -129.705
50050 763167 0.904971 763037 -129.705
"function evaluation" "current f(x)" "best-so-far f(x)" "current af(x)+b"  "best af(x)+b"
1 31.1992 31.1992 -191.921 -191.921
3 10.8669 10.8669 -212.253 -212.253
10 7.31805 7.31805 -215.802 -215.802
104 3.138 3.138 -219.982 -219.982
444 1.87192 1.87192 -221.248 -221.248
990 1.86264 1.86264 -221.257 -221.257
1479 0.801171 0.801171 -222.319 -222.319
50050 676110 0.801171 675887 -222.319
"function evaluation" "current f(x)" "best-so-far f(x)" "current af(x)+b"  "best af(x)+b"
1 30.2206 30.2206 -14.2094 -14.2094
2 16.6759 16.6759 -27.7541 -27.7541
4 16.5735 16.5735 -27.8565 -27.8565
8 13.387 13.387 -31.043 -31.043
10 9.89581 9.89581 -34.5342 -34.5342
23 8.5024 8.5024 -35.9276 -35.9276
29 7.21539 7.21539 -37.2146 -37.2146
47 6.14379 6.14379 -38.2862 -38.2862
123 5.45993 5.45993 -38.9701 -38.9701
191 3.85811 3.85811 -40.5719 -40.5719
217 2.74322 2.74322 -41.6868 -41.6868
587 2.68156 2.68156 -41.7484 -41.7484
1132 2.65565 2.65565 -41.7744 -41.7744
2014 2.3297 2.3297 -42.1003 -42.1003
2688 1.84758 1.84758 -42.5824 -42.5824
50050 793567 1.84758 793522 -42.5824
"function evaluation" "current f(x)" "best-so-far f(x)" "current af(x)+b"  "best af(x)+b"
1 12.8659 12.8659 98.2559 98.2559
5 11.689 11.689 97.079 97.079
6 11.2203 11.2203 96.6103 96.6103
26 7.98305 7.98305 93.3731 93.3731
39 3.2172 3.2172 88.6072 88.6072
1168 2.52153 2.52153 87.9115 87.9115
50050 758349 2.52153 758435 87.9115
"function evaluation" "current f(x)" "best-so-far f(x)" "current af(x)+b"  "best af(x)+b"
1 10.2486 10.2486 -977.041 -977.041
21 9.77552 9.77552 -977.514 -977.514
30 9.18067 9.18067 -978.109 -978.109
33 7.69957 7.69957 -979.59 -979.59
48 3.6773 3.6773 -983.613 -983.613
440 1.8288 1.8288 -985.461 -985.461
1787 1.63531 1.63531 -985.655 -985.655
50050 802340 1.63531 801352 -985.655
"function evaluation" "current f(x)" "best-so-far f(x)" "current af(x)+b"  "best af(x)+b"
1 7.87189 7.87189 -143.888 -143.888
3 7.19294 7.19294 -144.567 -144.567
4 5.4242 5.4242 -146.336 -146.336
109 5.34746 5.34746 -146.413 -146.413
110 3.19989 3.19989 -148.56 -148.56
205 1.72419 1.72419 -150.036 -150.036
50050 825884 1.72419 825733 -150.036
"function evaluation" "current f(x)" "best-so-far f(x)" "current af(x)+b"  "best af(x)+b"
1 9.77976 9.77976 76.5798 76.5798
3 4.76341 4.76341 71.5634 71.5634
117 3.97347 3.97347 70.7735 70.7735
187 2.31066 2.31066 69.1107 69.1107
50050 859058 2.31066 859125 69.1107
"function evaluation" "current f(x)" "best-so-far f(x)" "current af(x)+b"  "best af(x)+b"
1 26.4232 26.4232 122.673 122.673
3 7.68513 7.68513 103.935 103.935
11 6.75097 6.75097 103.001 103.001
18 6.55425 6.55425 102.804 102.804
22 4.81818 4.81818 101.068 101.068
109 4.32179 4.32179 100.572 100.572
259 1.89603 1.89603 98.146 98.146
343 1.36997 1.36997 97.62 97.62
50050 773232 1.36997 773328 97.62
"function evaluation" "current f(x)" "best-so-far f(x)" "current af(x)+b"  "best af(x)+b"
1 13.7083 13.7083 160.428 160.428
4 10.9096 10.9096 157.63 157.63
5 4.38396 4.38396 151.104 151.104
161 3.12561 3.12561 149.846 149.846
166 2.67976 2.67976 149.4 149.4
577 1.65184 1.65184 148.372 148.372
50050 767640 1.65184 767786 148.372
"function evaluation" "current f(x)" "best-so-far f(x)" "current af(x)+b"  "best af(x)+b"
1 10.827 10.827 -581.153 -581.153
7 6.31441 6.31441 -585.666 -585.666
35 6.06583 6.06583 -585.914 -585.914
118 1.73963 1.73963 -590.24 -590.24
1928 1.10498 1.10498 -590.875 -590.875
50050 686867 1.10498 686275 -590.875
"function evaluation" "current f(x)" "best-so-far f(x)" "current af(x)+b"  "best af(x)+b"
1 25.738 25.738 100.028 100.028
2 25.3439 25.3439 99.6339 99.6339
3 24.1757 24.1757 98.4657 98.4657
4 20.7658 20.7658 95.0558 95.0558
5 12.0708 12.0708 86.3608 86.3608
7 8.42051 8.42051 82.7105 82.7105
13 6.95615 6.95615 81.2461 81.2461
41 4.2529 4.2529 78.5429 78.5429
148 3.89857 3.89857 78.1886 78.1886
293 3.79734 3.79734 78.0873 78.0873
319 3.18691 3.18691 77.4769 77.4769
504 3.10907 3.10907 77.3991 77.3991
1036 3.0602 3.0602 77.3502 77.3502
1118 1.28962 1.28962 75.5796 75.5796
50050 680244 1.28962 680318 75.5796
"function evaluation" "current f(x)" "best-so-far f(x)" "current af(x)+b"  "best af(x)+b"
1 35.7237 35.7237 32.2337 32.2337
2 18.257 18.257 14.767 14.767
4 8.9459 8.9459 5.4559 5.4559
17 5.83043 5.83043 2.34043 2.34043
25 5.46935 5.46935 1.97935 1.97935
42 3.1085 3.1085 -0.381502 -0.381502
104 2.1761 2.1761 -1.3139 -1.3139
227 1.99607 1.99607 -1.49393 -1.49393
50050 877222 1.99607 877218 -1.49393
"function evaluation" "current f(x)" "best-so-far f(x)" "current af(x)+b"  "best af(x)+b"
1 11.3533 11.3533 -1.47671 -1.47671
5 8.69913 8.69913 -4.13087 -4.13087
11 6.21111 6.21111 -6.61889 -6.61889
116 2.87516 2.87516 -9.95484 -9.95484
1316 2.6429 2.6429 -10.1871 -10.1871
50050 756985 2.6429 756972 -10.1871
"function evaluation" "current f(x)" "best-so-far f(x)" "current af(x)+b"  "best af(x)+b"
1 12.077 12.077 -185.043 -185.043
8 7.80251 7.80251 -189.317 -189.317
11 5.39469 5.39469 -191.725 -191.725
45 3.7074 3.7074 -193.413 -193.413
114 2.32726 2.32726 -194.793 -194.793
585 1.63721 1.63721 -195.483 -195.483
1038 1.32543 1.32543 -195.795 -195.795
50050 684485 1.32543 684288 -195.795
"function evaluation" "current f(x)" "best-so-far f(x)" "current af(x)+b"  "best af(x)+b"
1 11.1481 11.1481 -468.222 -468.222
7 9.73593 9.73593 -469.634 -469.634
11 7.3874 7.3874 -471.983 -471.983
15 6.96965 6.96965 -472.4 -472.4
30 6.76547 6.76547 -472.605 -472.605
37 6.66358 6.66358 -472.706 -472.706
127 5.71223 5.71223 -473.658 -473.658
160 4.61941 4.61941 -474.751 -474.751
528 2.83632 2.83632 -476.534 -476.534
688 1.94999 1.94999 -477.42 -477.42
50050 862824 1.94999 862345 -477.42
"function evaluation" "current f(x)" "best-so-far f(x)" "current af(x)+b"  "best af(x)+b"
1 15.5227 15.5227 867.933 867.933
2 8.6825 8.6825 861.092 861.092
10 5.37629 5.37629 857.786 857.786
18 3.36874 3.36874 855.779 855.779
110 3.0624 3.0624 855.472 855.472
201 2.82017 2.82017 855.23 855.23
1051 1.99024 1.99024 854.4 854.4
1616 1.55496 1.55496 853.965 853.965
50050 668954 1.55496 669806 853.965
"function evaluation" "current f(x)" "best-so-far f(x)" "current af(x)+b"  "best af(x)+b"
1 16.0877 16.0877 -983.912 -983.912
2 11.2576 11.2576 -988.742 -988.742
4 4.65599 4.65599 -995.344 -995.344
6 3.91826 3.91826 -996.082 -996.082
15 2.44432 2.44432 -997.556 -997.556
340 2.33819 2.33819 -997.662 -997.662
50050 772353 2.33819 771353 -997.662
"function evaluation" "current f(x)" "best-so-far f(x)" "current af(x)+b"  "best af(x)+b"
1 22.7675 22.7675 96.9375 96.9375
2 18.145 18.145 92.315 92.315
3 14.5176 14.5176 88.6876 88.6876
5 11.7255 11.7255 85.8955 85.8955
7 3.23463 3.23463 77.4046 77.4046
13 2.70173 2.70173 76.8717 76.8717
618 2.29443 2.29443 76.4644 76.4644
969 1.58807 1.58807 75.7581 75.7581
50050 723387 1.58807 723462 75.7581
"function evaluation" "current f(x)" "best-so-far f(x)" "current af(x)+b"  "best af(x)+b"
1 30.3704 30.3704 -481.56 -481.56
2 25.5338 25.5338 -486.396 -486.396
5 10.6367 10.6367 -501.293 -501.293
12 6.45332 6.45332 -505.477 -505.477
33 4.50907 4.50907 -507.421 -507.421
217 2.11237 2.11237 -509.818 -509.818
372 2.01034 2.01034 -509.92 -509.92
630 1.97671 1.97671 -509.953 -509.953
1166 1.94071 1.94071 -509.989 -509.989
50050 607873 1.94071 607361 -509.989
"function evaluation" "current f(x)" "best-so-far f(x)" "current af(x)+b"  "best af(x)+b"
1 4.11314 4.11314 -559.947 -559.947
336 3.69364 3.69364 -560.366 -560.366
576 3.16027 3.16027 -560.9 -560.9
617 2.69551 2.69551 -561.364 -561.364
659 0.745919 0.745919 -563.314 -563.314
50050 820375 0.745919 819811 -563.314
"function evaluation" "current f(x)" "best-so-far f(x)" "current af(x)+b"  "best af(x)+b"
1 37.244 37.244 2.87405 2.87405
2 28.6532 28.6532 -5.71684 -5.71684
3 16.3213 16.3213 -18.0487 -18.0487
4 11.3578 11.3578 -23.0122 -23.0122
6 4.01817 4.01817 -30.3518 -30.3518
152 3.87177 3.87177 -30.4982 -30.4982
265 2.24754 2.24754 -32.1225 -32.1225
345 2.17357 2.17357 -32.1964 -32.1964
805 1.92885 1.92885 -32.4412 -32.4412
50050 755942 1.92885 755908 -32.4412
"function evaluation" "current f(x)" "best-so-far f(x)" "current af(x)+b"  "best af(x)+b"
1 4.35629 4.35629 54.3963 54.3963
188 3.38889 3.38889 53.4289 53.4289
333 3.31125 3.31125 53.3512 53.3512
688 0.758143 0.758143 50.7981 50.7981
2236 0.563028 0.563028 50.603 50.603
50050 771982 0.563028 772032 50.603
"function evaluation" "current f(x)" "best-so-far f(x)" "current af(x)+b"  "best af(x)+b"
1 15.5609 15.5609 -318.609 -318.609
2 12.5101 12.5101 -321.66 -321.66
4 7.836 7.836 -326.334 -326.334
17 6.75436 6.75436 -327.416 -327.416
30 5.12583 5.12583 -329.044 -329.044
115 4.77748 4.77748 -329.393 -329.393
225 4.43876 4.43876 -329.731 -329.731
250 3.73906 3.73906 -330.431 -330.431
335 3.67954 3.67954 -330.49 -330.49
508 2.82934 2.82934 -331.341 -331.341
624 2.28978 2.28978 -331.88 -331.88
727 2.18406 2.18406 -331.986 -331.986
786 1.91969 1.91969 -332.25 -332.25
50050 836120 1.91969 835785 -332.25
