"function evaluation" "current f(x)" "best-so-far f(x)" "current af(x)+b"  "best af(x)+b"
1 2213.09 2213.09 2306.03 2306.03
3 1082.33 1082.33 1175.27 1175.27
20 871.505 871.505 964.445 964.445
227 809.353 809.353 902.293 902.293
233 746.3 746.3 839.24 839.24
527 619.674 619.674 712.614 712.614
540 556.71 556.71 649.65 649.65
544 549.807 549.807 642.747 642.747
1142 546.15 546.15 639.09 639.09
2007 473.81 473.81 566.75 566.75
2023 410.251 410.251 503.191 503.191
2043 305.548 305.548 398.488 398.488
3244 274.344 274.344 367.284 367.284
3424 189.368 189.368 282.308 282.308
11212 187.884 187.884 280.824 280.824
11233 184.78 184.78 277.72 277.72
17513 183.687 183.687 276.627 276.627
25121 178.158 178.158 271.098 271.098
25137 161.509 161.509 254.449 254.449
27128 143.411 143.411 236.351 236.351
27146 111.338 111.338 204.278 204.278
48102 106.346 106.346 199.286 199.286
48135 98.4655 98.4655 191.405 191.405
48141 90.7959 90.7959 183.736 183.736
55929 86.3286 86.3286 179.269 179.269
64347 82.6377 82.6377 175.578 175.578
72205 78.8027 78.8027 171.743 171.743
84144 75.3811 75.3811 168.321 168.321
118640 69.3546 69.3546 162.295 162.295
134704 62.0232 62.0232 154.963 154.963
200050 360.299 62.0232 453.239 154.963
"function evaluation" "current f(x)" "best-so-far f(x)" "current af(x)+b"  "best af(x)+b"
1 4048.94 4048.94 4084.29 4084.29
3 2435.38 2435.38 2470.73 2470.73
11 505.036 505.036 540.386 540.386
3742 455.453 455.453 490.803 490.803
3902 314.652 314.652 350.002 350.002
3928 271.667 271.667 307.017 307.017
5024 243.378 243.378 278.728 278.728
5037 205.693 205.693 241.043 241.043
8006 132.064 132.064 167.414 167.414
8033 129.418 129.418 164.768 164.768
14423 122.966 122.966 158.316 158.316
17023 99.283 99.283 134.633 134.633
25421 97.2316 97.2316 132.582 132.582
31634 66.9139 66.9139 102.264 102.264
54424 50.8599 50.8599 86.2099 86.2099
200050 2452.27 50.8599 2487.62 86.2099
"function evaluation" "current f(x)" "best-so-far f(x)" "current af(x)+b"  "best af(x)+b"
1 1991.05 1991.05 1994.87 1994.87
3 1738.89 1738.89 1742.71 1742.71
4 1422.59 1422.59 1426.41 1426.41
23 1054.41 1054.41 1058.23 1058.23
36 660.357 660.357 664.177 664.177
141 630.229 630.229 634.049 634.049
249 355.072 355.072 358.892 358.892
518 349.246 349.246 353.066 353.066
2205 296.18 296.18 300 300
2711 251.548 251.548 255.368 255.368
3505 206.248 206.248 210.068 210.068
3512 186.55 186.55 190.37 190.37
3518 183.969 183.969 187.789 187.789
3520 96.9312 96.9312 100.751 100.751
38406 83.8542 83.8542 87.6742 87.6742
81234 75.6434 75.6434 79.4634 79.4634
105940 75.3918 75.3918 79.2118 79.2118
124704 58.6508 58.6508 62.4708 62.4708
124717 53.2102 53.2102 57.0302 57.0302
124734 50.429 50.429 54.249 54.249
192803 42.8128 42.8128 46.6328 46.6328
200050 2028.57 42.8128 2032.39 46.6328
"function evaluation" "current f(x)" "best-so-far f(x)" "current af(x)+b"  "best af(x)+b"
1 1787.11 1787.11 1808.86 1808.86
5 1071.82 1071.82 1093.57 1093.57
116 1046.06 1046.06 1067.81 1067.81
127 539.602 539.602 561.352 561.352
1506 381.136 381.136 402.886 402.886
1512 345.206 345.206 366.956 366.956
3943 267.98 267.98 289.73 289.73
5931 233.069 233.069 254.819 254.819
7019 213.91 213.91 235.66 235.66
10723 210.809 210.809 232.559 232.559
11331 203.657 203.657 225.407 225.407
12609 175.317 175.317 197.067 197.067
16949 172.135 172.135 193.885 193.885
17222 146.879 146.879 168.629 168.629
19401 142.195 142.195 163.945 163.945
32715 134.775 134.775 156.525 156.525
35603 111.397 111.397 133.147 133.147
36115 106.435 106.435 128.185 128.185
45544 101.036 101.036 122.786 122.786
58117 88.8981 88.8981 110.648 110.648
96103 77.8294 77.8294 99.5794 99.5794
96116 75.5161 75.5161 97.2661 97.2661
127544 56.1942 56.1942 77.9442 77.9442
162209 49.7043 49.7043 71.4543 71.4543
200050 1893 49.7043 1914.75 71.4543
"function evaluation" "current f(x)" "best-so-far f(x)" "current af(x)+b"  "best af(x)+b"
1 2739.81 2739.81 2804.6 2804.6
2 2346.17 2346.17 2410.96 2410.96
3 1096.41 1096.41 1161.2 1161.2
35 813.984 813.984 878.774 878.774
148 743.099 743.099 807.889 807.889
717 672.49 672.49 737.28 737.28
2443 570.388 570.388 635.178 635.178
2631 528.481 528.481 593.271 593.271
2639 491.035 491.035 555.825 555.825
3627 435.029 435.029 499.819 499.819
3638 402.432 402.432 467.222 467.222
4328 363.82 363.82 428.61 428.61
4341 329.735 329.735 394.525 394.525
4612 316.952 316.952 381.742 381.742
4712 282.121 282.121 346.911 346.911
8336 224.35 224.35 289.14 289.14
11324 191.134 191.134 255.924 255.924
12118 189.948 189.948 254.738 254.738
15642 135.18 135.18 199.97 199.97
27701 84.7602 84.7602 149.55 149.55
41613 80.5785 80.5785 145.369 145.369
74234 69.1086 69.1086 133.899 133.899
113504 62.0685 62.0685 126.858 126.858
149822 61.8159 61.8159 126.606 126.606
200050 1324.17 61.8159 1388.96 126.606
"function evaluation" "current f(x)" "best-so-far f(x)" "current af(x)+b"  "best af(x)+b"
1 4633.35 4633.35 4687.42 4687.42
2 3913.06 3913.06 3967.13 3967.13
3 3063.27 3063.27 3117.34 3117.34
4 1621.5 1621.5 1675.57 1675.57
13 1294.83 1294.83 1348.9 1348.9
26 1188.91 1188.91 1242.98 1242.98
35 866.195 866.195 920.265 920.265
37 686.206 686.206 740.276 740.276
107 645.331 645.331 699.401 699.401
228 549.953 549.953 604.023 604.023
408 467.89 467.89 521.96 521.96
431 448.728 448.728 502.798 502.798
1007 369.284 369.284 423.354 423.354
1516 347.581 347.581 401.651 401.651
1542 304.264 304.264 358.334 358.334
1545 300.993 300.993 355.063 355.063
1607 272.507 272.507 326.577 326.577
2502 270.06 270.06 324.13 324.13
2504 232.378 232.378 286.448 286.448
2509 218.592 218.592 272.662 272.662
4847 193.676 193.676 247.746 247.746
5409 188.9 188.9 242.97 242.97
5635 183.182 183.182 237.252 237.252
8409 174.972 174.972 229.042 229.042
8520 149.173 149.173 203.243 203.243
19810 99.007 99.007 153.077 153.077
27442 98.0269 98.0269 152.097 152.097
28430 96.8572 96.8572 150.927 150.927
28948 87.27 87.27 141.34 141.34
39206 87.2607 87.2607 141.331 141.331
40049 81.5523 81.5523 135.622 135.622
56042 64.6472 64.6472 118.717 118.717
88423 58.018 58.018 112.088 112.088
94045 54.9263 54.9263 108.996 108.996
126407 32.3559 32.3559 86.4259 86.4259
200050 2376.02 32.3559 2430.09 86.4259
"function evaluation" "current f(x)" "best-so-far f(x)" "current af(x)+b"  "best af(x)+b"
1 3446.17 3446.17 3354.65 3354.65
4 2073.35 2073.35 1981.83 1981.83
5 1491.22 1491.22 1399.7 1399.7
11 988.603 988.603 897.083 897.083
15 979.68 979.68 888.16 888.16
45 653.152 653.152 561.632 561.632
842 534.336 534.336 442.816 442.816
1549 497.802 497.802 406.282 406.282
2734 450.445 450.445 358.925 358.925
2901 368.121 368.121 276.601 276.601
2926 313.296 313.296 221.776 221.776
3309 307.539 307.539 216.019 216.019
3330 222.936 222.936 131.416 131.416
3918 222.266 222.266 130.746 130.746
9005 189.896 189.896 98.376 98.376
14735 172.703 172.703 81.183 81.183
15210 169.393 169.393 77.873 77.873
15234 160.968 160.968 69.4478 69.4478
16402 158.062 158.062 66.5418 66.5418
18602 156.087 156.087 64.5669 64.5669
18806 148.476 148.476 56.9564 56.9564
18827 142.704 142.704 51.1837 51.1837
20138 105.674 105.674 14.1543 14.1543
29105 96.0263 96.0263 4.50629 4.50629
36115 95.674 95.674 4.15396 4.15396
51140 73.9221 73.9221 -17.5979 -17.5979
51150 259.549 73.9221 168.029 -17.5979
"function evaluation" "current f(x)" "best-so-far f(x)" "current af(x)+b"  "best af(x)+b"
1 761.279 761.279 783.909 783.909
1632 676.21 676.21 698.84 698.84
1819 638.282 638.282 660.912 660.912
1908 579.306 579.306 601.936 601.936
1923 443.957 443.957 466.587 466.587
1925 410.239 410.239 432.869 432.869
2316 362.39 362.39 385.02 385.02
2911 251.155 251.155 273.785 273.785
8923 232.736 232.736 255.366 255.366
9443 210.445 210.445 233.075 233.075
10032 208.07 208.07 230.7 230.7
10040 202.417 202.417 225.047 225.047
10042 149.443 149.443 172.073 172.073
10725 119.453 119.453 142.083 142.083
11903 112.549 112.549 135.179 135.179
11920 89.4487 89.4487 112.079 112.079
18744 78.3928 78.3928 101.023 101.023
26716 68.3555 68.3555 90.9855 90.9855
58111 66.8942 66.8942 89.5242 89.5242
79203 50.1596 50.1596 72.7896 72.7896
111910 48.589 48.589 71.219 71.219
116516 46.0948 46.0948 68.7248 68.7248
116523 29.4273 29.4273 52.0573 52.0573
200050 2100.76 29.4273 2123.39 52.0573
"function evaluation" "current f(x)" "best-so-far f(x)" "current af(x)+b"  "best af(x)+b"
1 3308.66 3308.66 3324.2 3324.2
2 1979.46 1979.46 1995 1995
3 1297.57 1297.57 1313.11 1313.11
20 1180.22 1180.22 1195.76 1195.76
27 818.026 818.026 833.566 833.566
802 594.557 594.557 610.097 610.097
805 554.342 554.342 569.882 569.882
1405 333.259 333.259 348.799 348.799
1415 258.039 258.039 273.579 273.579
1421 129.355 129.355 144.895 144.895
41038 117.222 117.222 132.762 132.762
48115 114.529 114.529 130.069 130.069
56135 113.945 113.945 129.485 129.485
59925 92.3763 92.3763 107.916 107.916
88526 75.651 75.651 91.191 91.191
105115 75.3232 75.3232 90.8632 90.8632
125604 64.7819 64.7819 80.3219 80.3219
149109 58.5766 58.5766 74.1166 74.1166
168233 55.2436 55.2436 70.7836 70.7836
200050 6226.26 55.2436 6241.8 70.7836
"function evaluation" "current f(x)" "best-so-far f(x)" "current af(x)+b"  "best af(x)+b"
1 2649.91 2649.91 2273.4 2273.4
2 1833.73 1833.73 1457.22 1457.22
7 1509.4 1509.4 1132.89 1132.89
15 1206.06 1206.06 829.545 829.545
28 1115.37 1115.37 738.861 738.861
505 993.635 993.635 617.125 617.125
534 911.579 911.579 535.069 535.069
807 866.053 866.053 489.543 489.543
820 743.894 743.894 367.384 367.384
822 702.051 702.051 325.541 325.541
1305 662.62 662.62 286.11 286.11
1313 463.331 463.331 86.821 86.821
2348 404.776 404.776 28.266 28.266
3329 337.286 337.286 -39.2237 -39.2237
3350 1995.21 337.286 1618.7 -39.2237
"function evaluation" "current f(x)" "best-so-far f(x)" "current af(x)+b"  "best af(x)+b"
1 2049.25 2049.25 2445.29 2445.29
2 1107.34 1107.34 1503.38 1503.38
31 1028.44 1028.44 1424.48 1424.48
34 621.377 621.377 1017.42 1017.42
108 520.885 520.885 916.925 916.925
238 478.691 478.691 874.731 874.731
4504 403.65 403.65 799.69 799.69
4942 339.695 339.695 735.735 735.735
5328 320.127 320.127 716.167 716.167
7603 283.953 283.953 679.993 679.993
7916 274.678 274.678 670.718 670.718
8732 247.344 247.344 643.384 643.384
11108 243.528 243.528 639.568 639.568
11116 222.605 222.605 618.645 618.645
19413 211.076 211.076 607.116 607.116
19432 199.273 199.273 595.313 595.313
19434 188.003 188.003 584.043 584.043
22501 163.407 163.407 559.447 559.447
56828 145.594 145.594 541.634 541.634
68013 145.396 145.396 541.436 541.436
68016 120.755 120.755 516.795 516.795
68025 119.109 119.109 515.149 515.149
68048 99.2215 99.2215 495.261 495.261
93510 96.8956 96.8956 492.936 492.936
117239 80.9019 80.9019 476.942 476.942
153011 78.9758 78.9758 475.016 475.016
200050 877.875 78.9758 1273.92 475.016
"function evaluation" "current f(x)" "best-so-far f(x)" "current af(x)+b"  "best af(x)+b"
1 3577.6 3577.6 3705.71 3705.71
2 1484.15 1484.15 1612.26 1612.26
13 1085.12 1085.12 1213.23 1213.23
18 1062.81 1062.81 1190.92 1190.92
22 1058.75 1058.75 1186.86 1186.86
24 851.576 851.576 979.686 979.686
27 604.009 604.009 732.119 732.119
33 500.464 500.464 628.574 628.574
243 474.538 474.538 602.648 602.648
344 394.446 394.446 522.556 522.556
729 382.912 382.912 511.022 511.022
1401 247.974 247.974 376.084 376.084
1407 239.734 239.734 367.844 367.844
1412 233.157 233.157 361.267 361.267
1429 175.823 175.823 303.933 303.933
14936 171.542 171.542 299.652 299.652
16136 154.916 154.916 283.026 283.026
19232 142.031 142.031 270.141 270.141
19234 131.79 131.79 259.9 259.9
19250 110.789 110.789 238.899 238.899
27401 106.352 106.352 234.462 234.462
27427 79.4168 79.4168 207.527 207.527
27447 75.7156 75.7156 203.826 203.826
74702 73.0315 73.0315 201.142 201.142
85247 68.5848 68.5848 196.695 196.695
105807 67.0634 67.0634 195.173 195.173
126723 59.023 59.023 187.133 187.133
185820 37.6372 37.6372 165.747 165.747
200050 901.218 37.6372 1029.33 165.747
"function evaluation" "current f(x)" "best-so-far f(x)" "current af(x)+b"  "best af(x)+b"
1 1503.24 1503.24 1210.89 1210.89
2 1103.97 1103.97 811.622 811.622
24 578.826 578.826 286.476 286.476
425 558.593 558.593 266.243 266.243
718 363.5 363.5 71.1496 71.1496
3542 331.757 331.757 39.4067 39.4067
3927 307.709 307.709 15.3593 15.3593
3936 290.336 290.336 -2.01436 -2.01436
3950 1111.86 290.336 819.514 -2.01436
"function evaluation" "current f(x)" "best-so-far f(x)" "current af(x)+b"  "best af(x)+b"
1 2211.09 2211.09 2522.1 2522.1
2 1520.12 1520.12 1831.13 1831.13
8 1377.06 1377.06 1688.07 1688.07
17 1127.77 1127.77 1438.78 1438.78
303 942.757 942.757 1253.77 1253.77
311 888.006 888.006 1199.02 1199.02
609 802.23 802.23 1113.24 1113.24
706 693.523 693.523 1004.53 1004.53
745 457.352 457.352 768.362 768.362
1449 444.003 444.003 755.013 755.013
2204 373.514 373.514 684.524 684.524
2223 317.381 317.381 628.391 628.391
4613 265.946 265.946 576.956 576.956
5215 189.574 189.574 500.584 500.584
6439 180.666 180.666 491.676 491.676
13521 133.11 133.11 444.12 444.12
22515 131.266 131.266 442.276 442.276
33730 101.491 101.491 412.501 412.501
44408 73.4608 73.4608 384.471 384.471
131604 62.837 62.837 373.847 373.847
142635 56.893 56.893 367.903 367.903
152325 54.3611 54.3611 365.371 365.371
156020 52.2375 52.2375 363.247 363.247
172005 51.5197 51.5197 362.53 362.53
200050 1624.38 51.5197 1935.39 362.53
"function evaluation" "current f(x)" "best-so-far f(x)" "current af(x)+b"  "best af(x)+b"
1 1341.51 1341.51 536.326 536.326
2 1080.6 1080.6 275.42 275.42
3 609.186 609.186 -195.994 -195.994
50 1410.88 609.186 605.702 -195.994
"function evaluation" "current f(x)" "best-so-far f(x)" "current af(x)+b"  "best af(x)+b"
1 2796.52 2796.52 2825.78 2825.78
3 1650.58 1650.58 1679.84 1679.84
9 1145.88 1145.88 1175.14 1175.14
26 1123.59 1123.59 1152.85 1152.85
36 713.499 713.499 742.759 742.759
534 704.611 704.611 733.871 733.871
929 687.612 687.612 716.872 716.872
1004 627.476 627.476 656.736 656.736
1019 555.397 555.397 584.657 584.657
1301 504.67 504.67 533.93 533.93
1302 374.55 374.55 403.81 403.81
1808 339.134 339.134 368.394 368.394
2021 238.199 238.199 267.459 267.459
3621 215.571 215.571 244.831 244.831
3636 178.173 178.173 207.433 207.433
4114 166.131 166.131 195.391 195.391
4123 123.639 123.639 152.899 152.899
30218 120.02 120.02 149.28 149.28
36032 98.0841 98.0841 127.344 127.344
44650 86.8368 86.8368 116.097 116.097
50520 84.9439 84.9439 114.204 114.204
50714 82.5505 82.5505 111.811 111.811
55016 68.5747 68.5747 97.8347 97.8347
68540 56.0909 56.0909 85.3509 85.3509
96735 53.1401 53.1401 82.4001 82.4001
120705 52.857 52.857 82.117 82.117
120707 47.5395 47.5395 76.7995 76.7995
200050 1236.69 47.5395 1265.95 76.7995
"function evaluation" "current f(x)" "best-so-far f(x)" "current af(x)+b"  "best af(x)+b"
1 3772.87 3772.87 3661.81 3661.81
2 3122.2 3122.2 3011.14 3011.14
3 2151.51 2151.51 2040.45 2040.45
6 1494.56 1494.56 1383.5 1383.5
15 1124.8 1124.8 1013.74 1013.74
47 1036.89 1036.89 925.827 925.827
443 997.642 997.642 886.582 886.582
803 797.765 797.765 686.705 686.705
1003 627.954 627.954 516.894 516.894
1307 602.095 602.095 491.035 491.035
1501 449.379 449.379 338.319 338.319
1702 373.739 373.739 262.679 262.679
1707 280.589 280.589 169.529 169.529
1717 211.699 211.699 100.639 100.639
7203 200.876 200.876 89.8162 89.8162
15204 157.127 157.127 46.0668 46.0668
17922 150.098 150.098 39.0381 39.0381
18702 136.928 136.928 25.8682 25.8682
30401 134.877 134.877 23.8167 23.8167
34712 128.163 128.163 17.1034 17.1034
34724 98.8036 98.8036 -12.2564 -12.2564
34750 181.353 98.8036 70.2931 -12.2564
"function evaluation" "current f(x)" "best-so-far f(x)" "current af(x)+b"  "best af(x)+b"
1 2337.47 2337.47 2380.66 2380.66
4 2098.08 2098.08 2141.27 2141.27
5 1076.99 1076.99 1120.18 1120.18
22 838.063 838.063 881.253 881.253
307 678.028 678.028 721.218 721.218
3507 643.43 643.43 686.62 686.62
3702 625.187 625.187 668.377 668.377
3703 607.696 607.696 650.886 650.886
3727 362.12 362.12 405.31 405.31
6509 359.395 359.395 402.585 402.585
6513 340.037 340.037 383.227 383.227
7233 305.814 305.814 349.004 349.004
7902 250.522 250.522 293.712 293.712
7904 213.823 213.823 257.013 257.013
14308 202.961 202.961 246.151 246.151
14419 174.697 174.697 217.887 217.887
14646 172.254 172.254 215.444 215.444
15343 169.348 169.348 212.538 212.538
16318 158.319 158.319 201.509 201.509
21808 133.865 133.865 177.055 177.055
21840 111.038 111.038 154.228 154.228
26241 105.269 105.269 148.459 148.459
34803 100.768 100.768 143.958 143.958
35704 78.368 78.368 121.558 121.558
37012 66.1118 66.1118 109.302 109.302
56512 59.5638 59.5638 102.754 102.754
56513 45.5734 45.5734 88.7634 88.7634
83210 43.8664 43.8664 87.0564 87.0564
200050 4783.47 43.8664 4826.66 87.0564
"function evaluation" "current f(x)" "best-so-far f(x)" "current af(x)+b"  "best af(x)+b"
1 3416.53 3416.53 4416.53 4416.53
2 1470.11 1470.11 2470.11 2470.11
5 722.24 722.24 1722.24 1722.24
35 616.41 616.41 1616.41 1616.41
110 596.109 596.109 1596.11 1596.11
1214 451.449 451.449 1451.45 1451.45
2919 176.211 176.211 1176.21 1176.21
19021 164.189 164.189 1164.19 1164.19
20314 143.199 143.199 1143.2 1143.2
29808 132.075 132.075 1132.07 1132.07
29818 114.279 114.279 1114.28 1114.28
35949 105.742 105.742 1105.74 1105.74
39207 96.1939 96.1939 1096.19 1096.19
39211 94.9288 94.9288 1094.93 1094.93
39214 93.4831 93.4831 1093.48 1093.48
39216 82.6321 82.6321 1082.63 1082.63
64214 58.7445 58.7445 1058.74 1058.74
71717 46.3033 46.3033 1046.3 1046.3
200050 5795.02 46.3033 6795.02 1046.3
"function evaluation" "current f(x)" "best-so-far f(x)" "current af(x)+b"  "best af(x)+b"
1 2292.34 2292.34 2583.31 2583.31
2 1869.49 1869.49 2160.46 2160.46
3 1599.81 1599.81 1890.78 1890.78
11 1259.2 1259.2 1550.17 1550.17
18 1069.05 1069.05 1360.02 1360.02
25 1035.71 1035.71 1326.68 1326.68
29 768.236 768.236 1059.21 1059.21
38 723.948 723.948 1014.92 1014.92
406 687.88 687.88 978.85 978.85
813 562.365 562.365 853.335 853.335
1237 430.118 430.118 721.088 721.088
1622 403.275 403.275 694.245 694.245
4223 357.203 357.203 648.173 648.173
4605 351.887 351.887 642.857 642.857
6703 270.071 270.071 561.041 561.041
7833 248.298 248.298 539.268 539.268
8910 225.899 225.899 516.869 516.869
8927 214.384 214.384 505.354 505.354
17504 204.117 204.117 495.087 495.087
17544 197.337 197.337 488.307 488.307
18601 150.908 150.908 441.878 441.878
18633 141.454 141.454 432.424 432.424
20441 136.669 136.669 427.639 427.639
32740 124.153 124.153 415.123 415.123
33839 110.999 110.999 401.969 401.969
43518 110.346 110.346 401.316 401.316
53201 99.4406 99.4406 390.411 390.411
54822 99.0148 99.0148 389.985 389.985
55202 88.3505 88.3505 379.321 379.321
55203 80.8634 80.8634 371.833 371.833
55216 80.4806 80.4806 371.451 371.451
79022 71.1382 71.1382 362.108 362.108
102612 65.6923 65.6923 356.662 356.662
128934 55.283 55.283 346.253 346.253
145208 53.6825 53.6825 344.653 344.653
184604 51.5666 51.5666 342.537 342.537
200050 598.654 51.5666 889.624 342.537
"function evaluation" "current f(x)" "best-so-far f(x)" "current af(x)+b"  "best af(x)+b"
1 2789.06 2789.06 2592.72 2592.72
2 640.571 640.571 444.231 444.231
802 605.73 605.73 409.39 409.39
807 506.914 506.914 310.574 310.574
821 463.695 463.695 267.355 267.355
829 460.041 460.041 263.701 263.701
838 437.149 437.149 240.809 240.809
2224 421.592 421.592 225.252 225.252
2502 420.141 420.141 223.801 223.801
2506 308.097 308.097 111.757 111.757
2514 306.335 306.335 109.995 109.995
2806 304.642 304.642 108.302 108.302
5306 282.811 282.811 86.471 86.471
5404 256.373 256.373 60.0327 60.0327
5415 224.336 224.336 27.9958 27.9958
5418 197.789 197.789 1.44918 1.44918
12626 170.062 170.062 -26.2778 -26.2778
12650 885.168 170.062 688.828 -26.2778
"function evaluation" "current f(x)" "best-so-far f(x)" "current af(x)+b"  "best af(x)+b"
1 1527.91 1527.91 1508.56 1508.56
3 1225.32 1225.32 1205.97 1205.97
6 946.306 946.306 926.956 926.956
144 827.093 827.093 807.743 807.743
614 594.247 594.247 574.897 574.897
1524 533.77 533.77 514.42 514.42
1927 492.579 492.579 473.229 473.229
1932 380.628 380.628 361.278 361.278
2514 357.847 357.847 338.497 338.497
2538 324.531 324.531 305.181 305.181
3816 324.099 324.099 304.749 304.749
4012 300.299 300.299 280.949 280.949
4717 277.925 277.925 258.575 258.575
4747 272.045 272.045 252.695 252.695
5104 259.686 259.686 240.336 240.336
5122 211.473 211.473 192.123 192.123
7542 199.788 199.788 180.438 180.438
8017 176.186 176.186 156.836 156.836
11704 160.594 160.594 141.244 141.244
13004 142.042 142.042 122.692 122.692
13017 139.867 139.867 120.517 120.517
21345 118.456 118.456 99.1064 99.1064
27144 96.089 96.089 76.739 76.739
42001 93.777 93.777 74.427 74.427
42019 66.3811 66.3811 47.0311 47.0311
71308 63.0203 63.0203 43.6703 43.6703
90018 59.9957 59.9957 40.6457 40.6457
101401 52.7099 52.7099 33.3599 33.3599
115626 48.2719 48.2719 28.9219 28.9219
200050 9726.88 48.2719 9707.53 28.9219
"function evaluation" "current f(x)" "best-so-far f(x)" "current af(x)+b"  "best af(x)+b"
1 2281.32 2281.32 1949.9 1949.9
2 1550.79 1550.79 1219.37 1219.37
3 1246.57 1246.57 915.15 915.15
13 1058.54 1058.54 727.119 727.119
19 978.009 978.009 646.589 646.589
25 861.821 861.821 530.401 530.401
49 837.891 837.891 506.471 506.471
120 478.529 478.529 147.109 147.109
436 385.047 385.047 53.6275 53.6275
1835 348.254 348.254 16.8337 16.8337
3604 291.963 291.963 -39.4571 -39.4571
3646 187.486 187.486 -143.934 -143.934
3650 414.372 187.486 82.9521 -143.934
"function evaluation" "current f(x)" "best-so-far f(x)" "current af(x)+b"  "best af(x)+b"
1 1818.54 1818.54 2231.46 2231.46
4 1507.98 1507.98 1920.9 1920.9
5 1276.78 1276.78 1689.7 1689.7
9 1188.51 1188.51 1601.43 1601.43
10 785.557 785.557 1198.48 1198.48
44 740.086 740.086 1153.01 1153.01
721 556.373 556.373 969.293 969.293
1006 529.24 529.24 942.16 942.16
1016 522.414 522.414 935.334 935.334
1307 340.588 340.588 753.508 753.508
1337 316.636 316.636 729.556 729.556
2202 289.992 289.992 702.912 702.912
2205 262.42 262.42 675.34 675.34
3105 247.141 247.141 660.061 660.061
4810 240.798 240.798 653.718 653.718
5638 202.939 202.939 615.859 615.859
6407 182.201 182.201 595.121 595.121
6447 178.313 178.313 591.233 591.233
7510 158.554 158.554 571.474 571.474
18550 133.386 133.386 546.306 546.306
20318 126.058 126.058 538.978 538.978
21206 125.745 125.745 538.665 538.665
28004 109.894 109.894 522.814 522.814
35730 87.5133 87.5133 500.433 500.433
47039 83.1169 83.1169 496.037 496.037
47815 72.0579 72.0579 484.978 484.978
62119 65.4554 65.4554 478.375 478.375
62147 58.266 58.266 471.186 471.186
80143 47.0468 47.0468 459.967 459.967
141128 46.5819 46.5819 459.502 459.502
149905 45.8589 45.8589 458.779 458.779
179310 45.4559 45.4559 458.376 458.376
200050 115.738 45.4559 528.658 458.376
"function evaluation" "current f(x)" "best-so-far f(x)" "current af(x)+b"  "best af(x)+b"
1 3011.63 3011.63 3228.57 3228.57
4 1421.79 1421.79 1638.73 1638.73
5 665.642 665.642 882.582 882.582
50 553.742 553.742 770.682 770.682
550 527.935 527.935 744.875 744.875
1011 298.79 298.79 515.73 515.73
3204 293.508 293.508 510.448 510.448
3228 216.214 216.214 433.154 433.154
5547 189.665 189.665 406.605 406.605
12040 164.665 164.665 381.605 381.605
17646 159.24 159.24 376.18 376.18
19006 152.386 152.386 369.326 369.326
23335 129.287 129.287 346.227 346.227
25342 118.608 118.608 335.548 335.548
38432 89.338 89.338 306.278 306.278
46014 81.593 81.593 298.533 298.533
54827 75.2874 75.2874 292.227 292.227
67921 62.0159 62.0159 278.956 278.956
67944 49.2822 49.2822 266.222 266.222
131431 39.8433 39.8433 256.783 256.783
139107 36.6935 36.6935 253.634 253.634
200050 12352.1 36.6935 12569 253.634
