"function evaluation" "current f(x)" "best-so-far f(x)" "current af(x)+b"  "best af(x)+b"
1 615837 615837 615961 615961
2 352289 352289 352413 352413
4 259037 259037 259160 259160
16 193198 193198 193322 193322
17 125342 125342 125465 125465
71 74679.9 74679.9 74803.7 74803.7
72 65234.2 65234.2 65358 65358
91 51019 51019 51142.9 51142.9
145 42110.6 42110.6 42234.5 42234.5
283 34903.7 34903.7 35027.5 35027.5
304 23723.3 23723.3 23847.1 23847.1
416 18729.3 18729.3 18853.1 18853.1
487 7087.59 7087.59 7211.42 7211.42
1300 4805.67 4805.67 4929.5 4929.5
2150 232323 4805.67 232447 4929.5
"function evaluation" "current f(x)" "best-so-far f(x)" "current af(x)+b"  "best af(x)+b"
1 762862 762862 762909 762909
2 319894 319894 319942 319942
3 247091 247091 247139 247139
8 186779 186779 186827 186827
9 175481 175481 175529 175529
25 147932 147932 147980 147980
38 123883 123883 123930 123930
56 105365 105365 105413 105413
62 74525.8 74525.8 74573.3 74573.3
63 53541.7 53541.7 53589.2 53589.2
142 50083.9 50083.9 50131.4 50131.4
239 49648.1 49648.1 49695.6 49695.6
323 43042.6 43042.6 43090.1 43090.1
403 37724.8 37724.8 37772.3 37772.3
474 32338.2 32338.2 32385.7 32385.7
476 17157.2 17157.2 17204.8 17204.8
538 13389.6 13389.6 13437.1 13437.1
775 11003.2 11003.2 11050.7 11050.7
942 9355.18 9355.18 9402.69 9402.69
1558 8148.89 8148.89 8196.4 8196.4
2150 79604.3 8148.89 79651.8 8196.4
"function evaluation" "current f(x)" "best-so-far f(x)" "current af(x)+b"  "best af(x)+b"
1 215805 215805 215860 215860
3 107352 107352 107407 107407
68 88945.8 88945.8 89001.2 89001.2
75 60335.1 60335.1 60390.5 60390.5
128 52308.4 52308.4 52363.7 52363.7
156 20239 20239 20294.3 20294.3
463 10984 10984 11039.3 11039.3
753 10653.3 10653.3 10708.6 10708.6
789 9166.46 9166.46 9221.8 9221.8
859 8846.8 8846.8 8902.14 8902.14
954 8823.82 8823.82 8879.16 8879.16
1157 6298.63 6298.63 6353.97 6353.97
1910 5275.34 5275.34 5330.68 5330.68
2150 69890.5 5275.34 69945.8 5330.68
"function evaluation" "current f(x)" "best-so-far f(x)" "current af(x)+b"  "best af(x)+b"
1 232159 232159 232069 232069
5 171889 171889 171799 171799
10 95969.9 95969.9 95879.6 95879.6
49 83361.7 83361.7 83271.3 83271.3
52 56888.6 56888.6 56798.2 56798.2
76 27234 27234 27143.6 27143.6
251 24638.5 24638.5 24548.2 24548.2
552 9236.29 9236.29 9145.96 9145.96
632 8879.13 8879.13 8788.8 8788.8
1143 5137.21 5137.21 5046.88 5046.88
2150 226045 5137.21 225955 5046.88
"function evaluation" "current f(x)" "best-so-far f(x)" "current af(x)+b"  "best af(x)+b"
1 426834 426834 426899 426899
4 384856 384856 384922 384922
6 328164 328164 328230 328230
7 318086 318086 318151 318151
8 123923 123923 123988 123988
43 117021 117021 117087 117087
55 70034.8 70034.8 70100.4 70100.4
82 11333.1 11333.1 11398.7 11398.7
1654 4394.84 4394.84 4460.45 4460.45
2150 72462.9 4394.84 72528.6 4460.45
"function evaluation" "current f(x)" "best-so-far f(x)" "current af(x)+b"  "best af(x)+b"
1 262913 262913 262623 262623
5 167258 167258 166968 166968
21 162036 162036 161746 161746
35 141969 141969 141679 141679
45 92432 92432 92141.9 92141.9
51 66873.9 66873.9 66583.8 66583.8
65 39612.6 39612.6 39322.6 39322.6
204 35113.3 35113.3 34823.2 34823.2
404 32334.4 32334.4 32044.3 32044.3
408 29604.8 29604.8 29314.7 29314.7
413 29017.3 29017.3 28727.2 28727.2
427 24700.6 24700.6 24410.5 24410.5
482 20938 20938 20647.9 20647.9
555 17084.6 17084.6 16794.5 16794.5
606 11211.7 11211.7 10921.7 10921.7
1465 11018.5 11018.5 10728.4 10728.4
2021 9814.15 9814.15 9524.07 9524.07
2150 89561.3 9814.15 89271.2 9524.07
"function evaluation" "current f(x)" "best-so-far f(x)" "current af(x)+b"  "best af(x)+b"
1 374029 374029 374054 374054
5 314545 314545 314570 314570
7 258780 258780 258805 258805
10 256732 256732 256757 256757
11 242596 242596 242621 242621
15 199778 199778 199803 199803
17 187466 187466 187491 187491
26 82981.6 82981.6 83006.7 83006.7
59 74497.6 74497.6 74522.7 74522.7
142 35208.1 35208.1 35233.2 35233.2
174 29748.2 29748.2 29773.3 29773.3
384 17139.5 17139.5 17164.6 17164.6
458 13698.2 13698.2 13723.3 13723.3
1367 6975.57 6975.57 7000.67 7000.67
2150 478465 6975.57 478490 7000.67
"function evaluation" "current f(x)" "best-so-far f(x)" "current af(x)+b"  "best af(x)+b"
1 422681 422681 422593 422593
2 230225 230225 230137 230137
4 168198 168198 168110 168110
5 164272 164272 164185 164185
17 132289 132289 132202 132202
51 121087 121087 120999 120999
59 113919 113919 113831 113831
72 106159 106159 106071 106071
79 42726.8 42726.8 42639.3 42639.3
166 21318.6 21318.6 21231.1 21231.1
627 13256.2 13256.2 13168.6 13168.6
1649 12107 12107 12019.5 12019.5
2150 190919 12107 190831 12019.5
"function evaluation" "current f(x)" "best-so-far f(x)" "current af(x)+b"  "best af(x)+b"
1 234407 234407 234467 234467
2 73978.7 73978.7 74038.7 74038.7
19 68285 68285 68345 68345
34 55016.7 55016.7 55076.8 55076.8
66 38789.1 38789.1 38849.2 38849.2
82 37041.3 37041.3 37101.4 37101.4
93 35334.2 35334.2 35394.3 35394.3
107 25104.4 25104.4 25164.5 25164.5
153 18649.1 18649.1 18709.2 18709.2
436 14980.8 14980.8 15040.9 15040.9
442 12748.5 12748.5 12808.5 12808.5
629 12490 12490 12550.1 12550.1
1543 8443.18 8443.18 8503.25 8503.25
1850 3263.6 3263.6 3323.67 3323.67
2150 17898.9 3263.6 17959 3323.67
"function evaluation" "current f(x)" "best-so-far f(x)" "current af(x)+b"  "best af(x)+b"
1 322485 322485 322348 322348
2 153840 153840 153704 153704
13 112009 112009 111873 111873
25 91436.1 91436.1 91299.4 91299.4
69 79446.7 79446.7 79310 79310
71 52892.1 52892.1 52755.5 52755.5
194 26860.3 26860.3 26723.7 26723.7
402 22725 22725 22588.4 22588.4
410 20233.7 20233.7 20097.1 20097.1
411 18882.4 18882.4 18745.8 18745.8
426 17890.1 17890.1 17753.4 17753.4
761 12031.6 12031.6 11894.9 11894.9
1102 11186.7 11186.7 11050 11050
1136 9753.46 9753.46 9616.83 9616.83
1138 8652.37 8652.37 8515.74 8515.74
1168 5984.08 5984.08 5847.45 5847.45
1176 3735.58 3735.58 3598.95 3598.95
1537 2131.97 2131.97 1995.34 1995.34
2150 213720 2131.97 213583 1995.34
"function evaluation" "current f(x)" "best-so-far f(x)" "current af(x)+b"  "best af(x)+b"
1 329576 329576 329740 329740
2 221223 221223 221387 221387
7 166760 166760 166924 166924
15 113854 113854 114018 114018
68 100580 100580 100744 100744
152 52544.3 52544.3 52708.2 52708.2
184 48649.8 48649.8 48813.7 48813.7
245 41296.3 41296.3 41460.2 41460.2
346 17917.8 17917.8 18081.8 18081.8
423 7571.34 7571.34 7735.27 7735.27
607 5667.8 5667.8 5831.73 5831.73
1668 4590.19 4590.19 4754.12 4754.12
2150 280958 4590.19 281121 4754.12
"function evaluation" "current f(x)" "best-so-far f(x)" "current af(x)+b"  "best af(x)+b"
1 278426 278426 278376 278376
2 253159 253159 253109 253109
5 214652 214652 214602 214602
8 183727 183727 183677 183677
42 107822 107822 107772 107772
54 102522 102522 102472 102472
61 80466.6 80466.6 80416.6 80416.6
67 73029.5 73029.5 72979.5 72979.5
110 60273.4 60273.4 60223.4 60223.4
133 44339.7 44339.7 44289.7 44289.7
283 29196.4 29196.4 29146.3 29146.3
406 24377.2 24377.2 24327.2 24327.2
462 5285.39 5285.39 5235.37 5235.37
2150 160400 5285.39 160350 5235.37
"function evaluation" "current f(x)" "best-so-far f(x)" "current af(x)+b"  "best af(x)+b"
1 490442 490442 491030 491030
3 342498 342498 343086 343086
9 331467 331467 332056 332056
11 207340 207340 207929 207929
29 176978 176978 177567 177567
32 123975 123975 124564 124564
61 65909.7 65909.7 66498.6 66498.6
169 55759.5 55759.5 56348.4 56348.4
273 32782.6 32782.6 33371.5 33371.5
424 24502.8 24502.8 25091.7 25091.7
455 12799.1 12799.1 13388 13388
2150 147290 12799.1 147879 13388
"function evaluation" "current f(x)" "best-so-far f(x)" "current af(x)+b"  "best af(x)+b"
1 338672 338672 338639 338639
3 277792 277792 277759 277759
4 205336 205336 205303 205303
8 178271 178271 178238 178238
16 139510 139510 139477 139477
23 75269.4 75269.4 75236.5 75236.5
131 74945.3 74945.3 74912.4 74912.4
401 63088.2 63088.2 63055.3 63055.3
422 24536.3 24536.3 24503.3 24503.3
475 15632.2 15632.2 15599.3 15599.3
1223 12690.3 12690.3 12657.3 12657.3
1283 10370.6 10370.6 10337.6 10337.6
2079 5641.65 5641.65 5608.71 5608.71
2150 17503.4 5641.65 17470.5 5608.71
"function evaluation" "current f(x)" "best-so-far f(x)" "current af(x)+b"  "best af(x)+b"
1 595371 595371 595259 595259
2 568108 568108 567997 567997
3 262948 262948 262836 262836
5 257081 257081 256970 256970
7 216671 216671 216559 216559
31 120330 120330 120218 120218
81 95402.1 95402.1 95290.5 95290.5
91 85881.2 85881.2 85769.6 85769.6
105 45920.1 45920.1 45808.5 45808.5
330 43740.5 43740.5 43628.8 43628.8
348 26865.2 26865.2 26753.5 26753.5
463 20496.4 20496.4 20384.8 20384.8
464 17643.3 17643.3 17531.6 17531.6
465 10419.5 10419.5 10307.9 10307.9
2150 138619 10419.5 138507 10307.9
"function evaluation" "current f(x)" "best-so-far f(x)" "current af(x)+b"  "best af(x)+b"
1 249038 249038 249306 249306
3 153799 153799 154068 154068
4 82693.7 82693.7 82961.9 82961.9
56 55763.6 55763.6 56031.7 56031.7
63 32673.4 32673.4 32941.5 32941.5
391 28303.3 28303.3 28571.5 28571.5
613 11055.6 11055.6 11323.7 11323.7
2150 91705.5 11055.6 91973.6 11323.7
"function evaluation" "current f(x)" "best-so-far f(x)" "current af(x)+b"  "best af(x)+b"
1 517112 517112 516932 516932
5 356379 356379 356200 356200
7 252572 252572 252393 252393
8 173499 173499 173320 173320
11 136803 136803 136624 136624
39 116247 116247 116068 116068
57 79460.4 79460.4 79281.2 79281.2
68 64799 64799 64619.9 64619.9
74 31854.7 31854.7 31675.6 31675.6
404 29358.4 29358.4 29179.3 29179.3
406 28535.4 28535.4 28356.3 28356.3
417 11195.4 11195.4 11016.3 11016.3
690 10917.5 10917.5 10738.4 10738.4
1291 10723.8 10723.8 10544.7 10544.7
1306 9530.63 9530.63 9351.52 9351.52
1641 6735.29 6735.29 6556.18 6556.18
2150 110157 6735.29 109978 6556.18
"function evaluation" "current f(x)" "best-so-far f(x)" "current af(x)+b"  "best af(x)+b"
1 454498 454498 454765 454765
2 239096 239096 239363 239363
7 227357 227357 227625 227625
14 202979 202979 203247 203247
29 120373 120373 120640 120640
74 99283.2 99283.2 99551 99551
77 96967.1 96967.1 97234.8 97234.8
82 54268 54268 54535.8 54535.8
196 33619.8 33619.8 33887.6 33887.6
405 19945.6 19945.6 20213.4 20213.4
423 17869.8 17869.8 18137.6 18137.6
516 15090.8 15090.8 15358.6 15358.6
544 11516.5 11516.5 11784.3 11784.3
1980 9974.86 9974.86 10242.6 10242.6
2150 73030.4 9974.86 73298.1 10242.6
"function evaluation" "current f(x)" "best-so-far f(x)" "current af(x)+b"  "best af(x)+b"
1 352415 352415 352384 352384
2 243882 243882 243851 243851
7 198932 198932 198901 198901
15 195193 195193 195162 195162
16 74632.8 74632.8 74601.8 74601.8
91 71670.6 71670.6 71639.5 71639.5
144 68535.5 68535.5 68504.5 68504.5
359 24283.5 24283.5 24252.4 24252.4
472 22185.1 22185.1 22154 22154
533 14501.1 14501.1 14470.1 14470.1
570 12720.7 12720.7 12689.7 12689.7
697 9276.39 9276.39 9245.32 9245.32
1907 8179.91 8179.91 8148.84 8148.84
2150 197276 8179.91 197245 8148.84
"function evaluation" "current f(x)" "best-so-far f(x)" "current af(x)+b"  "best af(x)+b"
1 414223 414223 414495 414495
5 328982 328982 329254 329254
7 280281 280281 280554 280554
8 224635 224635 224908 224908
10 148742 148742 149015 149015
18 138958 138958 139231 139231
56 109268 109268 109541 109541
59 81670.5 81670.5 81943.3 81943.3
77 61447.4 61447.4 61720.2 61720.2
96 50347.5 50347.5 50620.3 50620.3
217 22378.7 22378.7 22651.5 22651.5
425 21026.3 21026.3 21299.1 21299.1
879 17620.7 17620.7 17893.5 17893.5
1266 15898.4 15898.4 16171.2 16171.2
1607 15686.6 15686.6 15959.4 15959.4
1628 13537.2 13537.2 13810 13810
1752 5331.34 5331.34 5604.14 5604.14
1933 3992.68 3992.68 4265.48 4265.48
2150 47592.9 3992.68 47865.7 4265.48
"function evaluation" "current f(x)" "best-so-far f(x)" "current af(x)+b"  "best af(x)+b"
1 385117 385117 385136 385136
2 320808 320808 320827 320827
6 204744 204744 204764 204764
10 193839 193839 193858 193858
13 141196 141196 141215 141215
57 112724 112724 112744 112744
70 21615.6 21615.6 21635 21635
650 21160.1 21160.1 21179.6 21179.6
854 21027.7 21027.7 21047.1 21047.1
1205 20350.7 20350.7 20370.1 20370.1
1426 12047 12047 12066.5 12066.5
2150 125635 12047 125654 12066.5
"function evaluation" "current f(x)" "best-so-far f(x)" "current af(x)+b"  "best af(x)+b"
1 662958 662958 662500 662500
2 451249 451249 450791 450791
3 387113 387113 386654 386654
4 168797 168797 168339 168339
18 164658 164658 164200 164200
23 125364 125364 124906 124906
51 71384.1 71384.1 70925.7 70925.7
77 58456.4 58456.4 57998 57998
85 29335.6 29335.6 28877.2 28877.2
116 22479.2 22479.2 22020.8 22020.8
217 20988.5 20988.5 20530.1 20530.1
496 20508.5 20508.5 20050.1 20050.1
849 19944 19944 19485.7 19485.7
1069 17395.9 17395.9 16937.6 16937.6
1214 16653 16653 16194.7 16194.7
1538 10449.7 10449.7 9991.4 9991.4
1753 5582.31 5582.31 5123.97 5123.97
2150 216663 5582.31 216204 5123.97
"function evaluation" "current f(x)" "best-so-far f(x)" "current af(x)+b"  "best af(x)+b"
1 229812 229812 230031 230031
6 160324 160324 160543 160543
10 149463 149463 149682 149682
13 111814 111814 112032 112032
56 73964.5 73964.5 74183.3 74183.3
59 41614.8 41614.8 41833.6 41833.6
70 26910.4 26910.4 27129.2 27129.2
441 26237.1 26237.1 26455.9 26455.9
454 10641.7 10641.7 10860.5 10860.5
1014 9634.32 9634.32 9853.13 9853.13
1454 7478.01 7478.01 7696.82 7696.82
1469 5922.01 5922.01 6140.82 6140.82
1795 5602.65 5602.65 5821.46 5821.46
2150 27128.1 5602.65 27346.9 5821.46
"function evaluation" "current f(x)" "best-so-far f(x)" "current af(x)+b"  "best af(x)+b"
1 185405 185405 185243 185243
31 163093 163093 162932 162932
32 149227 149227 149066 149066
41 124446 124446 124285 124285
56 93609 93609 93447.7 93447.7
67 83347.5 83347.5 83186.2 83186.2
77 52250.2 52250.2 52088.9 52088.9
423 48379.9 48379.9 48218.6 48218.6
433 42733.3 42733.3 42572 42572
517 36952.1 36952.1 36790.8 36790.8
524 33224.9 33224.9 33063.6 33063.6
561 32728.5 32728.5 32567.2 32567.2
562 32699.5 32699.5 32538.2 32538.2
794 29872.6 29872.6 29711.3 29711.3
935 9345.65 9345.65 9184.34 9184.34
977 7568.48 7568.48 7407.17 7407.17
1483 7537.87 7537.87 7376.56 7376.56
1694 7453.03 7453.03 7291.72 7291.72
2150 38633.8 7453.03 38472.4 7291.72
"function evaluation" "current f(x)" "best-so-far f(x)" "current af(x)+b"  "best af(x)+b"
1 161633 161633 160633 160633
39 141403 141403 140403 140403
44 119867 119867 118867 118867
54 68008.4 68008.4 67008.4 67008.4
58 29184 29184 28184 28184
280 28831.4 28831.4 27831.4 27831.4
819 16293.3 16293.3 15293.3 15293.3
1190 14856.5 14856.5 13856.5 13856.5
1323 14822.4 14822.4 13822.4 13822.4
1443 12309.9 12309.9 11309.9 11309.9
1995 6932.96 6932.96 5932.96 5932.96
2047 5521.78 5521.78 4521.78 4521.78
2150 385614 5521.78 384614 4521.78
