"function evaluation" "current f(x)" "best-so-far f(x)" "current af(x)+b"  "best af(x)+b"
1 82584.8 82584.8 82708.6 82708.6
2 63410.5 63410.5 63534.3 63534.3
4 57944.4 57944.4 58068.2 58068.2
5 36946.1 36946.1 37070 37070
6 23165.6 23165.6 23289.4 23289.4
9 19505 19505 19628.8 19628.8
11 11699.1 11699.1 11822.9 11822.9
14 2747.35 2747.35 2871.18 2871.18
36 439.434 439.434 563.264 563.264
111 356.521 356.521 480.351 480.351
181 332.856 332.856 456.686 456.686
283 149.74 149.74 273.57 273.57
304 78.0553 78.0553 201.885 201.885
649 54.6313 54.6313 178.461 178.461
750 63934.6 54.6313 64058.5 178.461
"function evaluation" "current f(x)" "best-so-far f(x)" "current af(x)+b"  "best af(x)+b"
1 54648.1 54648.1 54695.6 54695.6
2 23140.4 23140.4 23187.9 23187.9
4 15519.7 15519.7 15567.2 15567.2
6 13339 13339 13386.5 13386.5
12 6737.5 6737.5 6785.01 6785.01
35 2183.51 2183.51 2231.02 2231.02
86 1080.22 1080.22 1127.73 1127.73
124 721.482 721.482 768.992 768.992
216 462.543 462.543 510.053 510.053
432 265.299 265.299 312.809 312.809
438 200.184 200.184 247.694 247.694
467 182.575 182.575 230.085 230.085
528 182.138 182.138 229.648 229.648
573 80.5246 80.5246 128.035 128.035
750 5876.24 80.5246 5923.75 128.035
"function evaluation" "current f(x)" "best-so-far f(x)" "current af(x)+b"  "best af(x)+b"
1 79661.1 79661.1 79716.5 79716.5
2 27043.8 27043.8 27099.2 27099.2
3 14411.6 14411.6 14467 14467
13 3217.96 3217.96 3273.3 3273.3
26 1909.55 1909.55 1964.89 1964.89
74 1577.22 1577.22 1632.56 1632.56
200 1022.5 1022.5 1077.84 1077.84
403 265.35 265.35 320.69 320.69
420 80.1142 80.1142 135.454 135.454
750 22330 80.1142 22385.3 135.454
"function evaluation" "current f(x)" "best-so-far f(x)" "current af(x)+b"  "best af(x)+b"
1 42304.3 42304.3 42214 42214
4 33504.8 33504.8 33414.5 33414.5
5 24869.8 24869.8 24779.5 24779.5
6 21332.7 21332.7 21242.4 21242.4
18 6082.95 6082.95 5992.62 5992.62
28 1651.43 1651.43 1561.1 1561.1
57 285.37 285.37 195.04 195.04
101 71.7812 71.7812 -18.5488 -18.5488
750 4337.81 71.7812 4247.48 -18.5488
"function evaluation" "current f(x)" "best-so-far f(x)" "current af(x)+b"  "best af(x)+b"
1 52192.5 52192.5 52258.1 52258.1
2 41748 41748 41813.6 41813.6
3 26603.7 26603.7 26669.3 26669.3
6 6378.24 6378.24 6443.85 6443.85
33 1920.78 1920.78 1986.39 1986.39
70 397.962 397.962 463.572 463.572
289 336.585 336.585 402.195 402.195
582 257.85 257.85 323.46 323.46
628 125.391 125.391 191.001 191.001
750 61974.4 125.391 62040 191.001
"function evaluation" "current f(x)" "best-so-far f(x)" "current af(x)+b"  "best af(x)+b"
1 5208.06 5208.06 4917.98 4917.98
8 1688.53 1688.53 1398.45 1398.45
263 146.21 146.21 -143.87 -143.87
317 91.9588 91.9588 -198.121 -198.121
750 26690.4 91.9588 26400.3 -198.121
"function evaluation" "current f(x)" "best-so-far f(x)" "current af(x)+b"  "best af(x)+b"
1 119044 119044 119069 119069
3 25993.6 25993.6 26018.7 26018.7
8 14602.1 14602.1 14627.2 14627.2
12 8646.61 8646.61 8671.71 8671.71
17 3528.18 3528.18 3553.28 3553.28
65 2525.01 2525.01 2550.11 2550.11
81 2143.64 2143.64 2168.74 2168.74
100 173.311 173.311 198.411 198.411
750 971.689 173.311 996.789 198.411
"function evaluation" "current f(x)" "best-so-far f(x)" "current af(x)+b"  "best af(x)+b"
1 102694 102694 102607 102607
2 61892.9 61892.9 61805.4 61805.4
4 53183.3 53183.3 53095.7 53095.7
5 12357.2 12357.2 12269.6 12269.6
21 10923.7 10923.7 10836.2 10836.2
24 5496.72 5496.72 5409.16 5409.16
42 4179.92 4179.92 4092.36 4092.36
53 3787.25 3787.25 3699.69 3699.69
60 1850.74 1850.74 1763.18 1763.18
72 1720.53 1720.53 1632.97 1632.97
91 116.997 116.997 29.4371 29.4371
547 85.2305 85.2305 -2.32949 -2.32949
750 36352.6 85.2305 36265 -2.32949
"function evaluation" "current f(x)" "best-so-far f(x)" "current af(x)+b"  "best af(x)+b"
1 31640.2 31640.2 31700.3 31700.3
6 4221.63 4221.63 4281.7 4281.7
26 1241.42 1241.42 1301.49 1301.49
93 1160.28 1160.28 1220.35 1220.35
352 799.001 799.001 859.071 859.071
358 237.492 237.492 297.562 297.562
450 69.1373 69.1373 129.207 129.207
711 17.704 17.704 77.774 77.774
750 5558.7 17.704 5618.77 77.774
"function evaluation" "current f(x)" "best-so-far f(x)" "current af(x)+b"  "best af(x)+b"
1 37006.2 37006.2 36869.5 36869.5
3 9491.99 9491.99 9355.36 9355.36
7 5544.66 5544.66 5408.03 5408.03
38 2826.43 2826.43 2689.8 2689.8
111 2503.66 2503.66 2367.03 2367.03
115 1278.86 1278.86 1142.23 1142.23
138 665.541 665.541 528.911 528.911
168 359.53 359.53 222.9 222.9
428 357.294 357.294 220.664 220.664
441 321.438 321.438 184.808 184.808
509 257.382 257.382 120.752 120.752
750 614368 257.382 614232 120.752
"function evaluation" "current f(x)" "best-so-far f(x)" "current af(x)+b"  "best af(x)+b"
1 11413.8 11413.8 11577.7 11577.7
4 8098.08 8098.08 8262.01 8262.01
9 4637.15 4637.15 4801.08 4801.08
56 2109.87 2109.87 2273.8 2273.8
159 221.807 221.807 385.737 385.737
750 135152 221.807 135316 385.737
"function evaluation" "current f(x)" "best-so-far f(x)" "current af(x)+b"  "best af(x)+b"
1 22194 22194 22143.9 22143.9
2 4113.23 4113.23 4063.21 4063.21
37 1484.52 1484.52 1434.5 1434.5
53 1395.99 1395.99 1345.97 1345.97
119 770.259 770.259 720.239 720.239
151 261.063 261.063 211.043 211.043
553 246.226 246.226 196.206 196.206
750 12010.9 246.226 11960.9 196.206
"function evaluation" "current f(x)" "best-so-far f(x)" "current af(x)+b"  "best af(x)+b"
1 10232 10232 10820.9 10820.9
17 702.55 702.55 1291.41 1291.41
67 365.762 365.762 954.622 954.622
339 312.054 312.054 900.914 900.914
357 122.163 122.163 711.023 711.023
403 74.3 74.3 663.16 663.16
447 48.7683 48.7683 637.628 637.628
497 20.9574 20.9574 609.817 609.817
750 4902.3 20.9574 5491.16 609.817
"function evaluation" "current f(x)" "best-so-far f(x)" "current af(x)+b"  "best af(x)+b"
1 10212.3 10212.3 10179.4 10179.4
32 9358.03 9358.03 9325.09 9325.09
37 5907.9 5907.9 5874.96 5874.96
43 4300.11 4300.11 4267.17 4267.17
76 1130.74 1130.74 1097.8 1097.8
162 468.375 468.375 435.435 435.435
246 185.662 185.662 152.722 152.722
463 110.161 110.161 77.2206 77.2206
661 99.6797 99.6797 66.7397 66.7397
670 68.4505 68.4505 35.5105 35.5105
750 2962.83 68.4505 2929.89 35.5105
"function evaluation" "current f(x)" "best-so-far f(x)" "current af(x)+b"  "best af(x)+b"
1 16686.5 16686.5 16574.9 16574.9
4 6590.29 6590.29 6478.67 6478.67
16 2164.5 2164.5 2052.88 2052.88
68 1974.73 1974.73 1863.11 1863.11
82 1808.32 1808.32 1696.7 1696.7
88 1782.02 1782.02 1670.4 1670.4
92 745.6 745.6 633.98 633.98
163 645.665 645.665 534.045 534.045
441 326.749 326.749 215.129 215.129
509 226.034 226.034 114.414 114.414
534 217.845 217.845 106.225 106.225
718 196.372 196.372 84.7517 84.7517
722 172.055 172.055 60.4348 60.4348
750 4428.72 172.055 4317.1 60.4348
"function evaluation" "current f(x)" "best-so-far f(x)" "current af(x)+b"  "best af(x)+b"
1 16577.1 16577.1 16845.2 16845.2
5 3392.85 3392.85 3660.97 3660.97
46 1625.82 1625.82 1893.94 1893.94
151 428.625 428.625 696.745 696.745
436 419.901 419.901 688.021 688.021
463 84.7021 84.7021 352.822 352.822
750 8491.58 84.7021 8759.7 352.822
"function evaluation" "current f(x)" "best-so-far f(x)" "current af(x)+b"  "best af(x)+b"
1 33133.7 33133.7 32954.5 32954.5
12 6144.43 6144.43 5965.32 5965.32
25 3366.13 3366.13 3187.02 3187.02
66 965.737 965.737 786.627 786.627
112 602.635 602.635 423.525 423.525
167 490.5 490.5 311.39 311.39
220 104.137 104.137 -74.9729 -74.9729
750 7819.83 104.137 7640.72 -74.9729
"function evaluation" "current f(x)" "best-so-far f(x)" "current af(x)+b"  "best af(x)+b"
1 122563 122563 122831 122831
2 46368.7 46368.7 46636.5 46636.5
4 35934.1 35934.1 36201.9 36201.9
9 13637.2 13637.2 13904.9 13904.9
16 12768.4 12768.4 13036.1 13036.1
17 980.949 980.949 1248.73 1248.73
58 822.885 822.885 1090.67 1090.67
150 550.373 550.373 818.153 818.153
158 522.069 522.069 789.849 789.849
319 88.0141 88.0141 355.794 355.794
596 69.9633 69.9633 337.743 337.743
750 999.704 69.9633 1267.48 337.743
"function evaluation" "current f(x)" "best-so-far f(x)" "current af(x)+b"  "best af(x)+b"
1 13895.9 13895.9 13864.8 13864.8
17 11012.1 11012.1 10981.1 10981.1
18 2437.84 2437.84 2406.77 2406.77
52 2138.67 2138.67 2107.6 2107.6
70 1123.02 1123.02 1091.95 1091.95
199 1000.99 1000.99 969.919 969.919
203 920.513 920.513 889.443 889.443
205 605.234 605.234 574.164 574.164
315 501.118 501.118 470.048 470.048
409 335.413 335.413 304.343 304.343
418 132.984 132.984 101.914 101.914
585 87.5917 87.5917 56.5217 56.5217
750 5050 87.5917 5018.93 56.5217
"function evaluation" "current f(x)" "best-so-far f(x)" "current af(x)+b"  "best af(x)+b"
1 137764 137764 138037 138037
3 100405 100405 100678 100678
4 48517.6 48517.6 48790.4 48790.4
5 2063.02 2063.02 2335.82 2335.82
64 996.975 996.975 1269.77 1269.77
108 335.055 335.055 607.855 607.855
255 144.813 144.813 417.613 417.613
428 56.625 56.625 329.425 329.425
750 520.891 56.625 793.691 329.425
"function evaluation" "current f(x)" "best-so-far f(x)" "current af(x)+b"  "best af(x)+b"
1 8305.34 8305.34 8324.78 8324.78
17 7798.43 7798.43 7817.87 7817.87
34 3314.24 3314.24 3333.68 3333.68
38 2711.42 2711.42 2730.86 2730.86
62 1997.58 1997.58 2017.02 2017.02
77 750.924 750.924 770.364 770.364
208 519.047 519.047 538.487 538.487
221 125.781 125.781 145.221 145.221
428 118.876 118.876 138.316 138.316
750 548.965 118.876 568.405 138.316
"function evaluation" "current f(x)" "best-so-far f(x)" "current af(x)+b"  "best af(x)+b"
1 28227.5 28227.5 27769.2 27769.2
4 4404.41 4404.41 3946.07 3946.07
12 2068.33 2068.33 1609.99 1609.99
38 1577.88 1577.88 1119.54 1119.54
57 840.736 840.736 382.396 382.396
74 764.035 764.035 305.695 305.695
115 409.28 409.28 -49.0596 -49.0596
164 389.612 389.612 -68.7276 -68.7276
446 21.254 21.254 -437.086 -437.086
750 28431.8 21.254 27973.4 -437.086
"function evaluation" "current f(x)" "best-so-far f(x)" "current af(x)+b"  "best af(x)+b"
1 59114.4 59114.4 59333.2 59333.2
2 19159.4 19159.4 19378.2 19378.2
4 9111.99 9111.99 9330.8 9330.8
19 8777.83 8777.83 8996.64 8996.64
25 6680 6680 6898.81 6898.81
31 5524.1 5524.1 5742.91 5742.91
36 3549.95 3549.95 3768.76 3768.76
48 3326.22 3326.22 3545.03 3545.03
66 501.508 501.508 720.318 720.318
75 405.199 405.199 624.009 624.009
289 140.363 140.363 359.173 359.173
750 19108 140.363 19326.8 359.173
"function evaluation" "current f(x)" "best-so-far f(x)" "current af(x)+b"  "best af(x)+b"
1 245183 245183 245022 245022
2 56971.2 56971.2 56809.9 56809.9
4 42002.1 42002.1 41840.8 41840.8
7 17847.6 17847.6 17686.3 17686.3
10 3735.13 3735.13 3573.82 3573.82
40 674.73 674.73 513.42 513.42
53 536.284 536.284 374.974 374.974
142 104.972 104.972 -56.3378 -56.3378
366 76.9249 76.9249 -84.3851 -84.3851
543 15.9694 15.9694 -145.341 -145.341
750 3627.57 15.9694 3466.26 -145.341
"function evaluation" "current f(x)" "best-so-far f(x)" "current af(x)+b"  "best af(x)+b"
1 117092 117092 116092 116092
2 6888.73 6888.73 5888.73 5888.73
11 1728.91 1728.91 728.908 728.908
33 152.702 152.702 -847.298 -847.298
444 104.626 104.626 -895.374 -895.374
750 3298.77 104.626 2298.77 -895.374
