"function evaluation" "current f(x)" "best-so-far f(x)" "current af(x)+b"  "best af(x)+b"
1 1351.94 1351.94 1475.77 1475.77
3 1221.14 1221.14 1344.97 1344.97
4 1166.55 1166.55 1290.38 1290.38
5 933.148 933.148 1056.98 1056.98
6 238.534 238.534 362.364 362.364
23 35.7595 35.7595 159.59 159.59
51 35.1122 35.1122 158.942 158.942
61 34.9096 34.9096 158.74 158.74
62 16.5441 16.5441 140.374 140.374
68 10.2137 10.2137 134.044 134.044
79 5.26665 5.26665 129.097 129.097
95 3.19506 3.19506 127.025 127.025
141 2.53667 2.53667 126.367 126.367
330 0.613276 0.613276 124.443 124.443
400 72.844 0.613276 196.674 124.443
"function evaluation" "current f(x)" "best-so-far f(x)" "current af(x)+b"  "best af(x)+b"
1 2017.88 2017.88 2065.39 2065.39
2 401.756 401.756 449.266 449.266
6 176.414 176.414 223.924 223.924
24 116.894 116.894 164.404 164.404
42 20.1931 20.1931 67.7031 67.7031
55 0.479386 0.479386 47.9894 47.9894
367 0.434631 0.434631 47.9446 47.9446
400 1044.6 0.434631 1092.11 47.9446
"function evaluation" "current f(x)" "best-so-far f(x)" "current af(x)+b"  "best af(x)+b"
1 42589.6 42589.6 42644.9 42644.9
2 8477.77 8477.77 8533.11 8533.11
3 671.801 671.801 727.141 727.141
6 405.016 405.016 460.356 460.356
11 58.6704 58.6704 114.01 114.01
29 13.1503 13.1503 68.4903 68.4903
45 4.29131 4.29131 59.6313 59.6313
102 2.8769 2.8769 58.2169 58.2169
123 0.588973 0.588973 55.929 55.929
177 0.403864 0.403864 55.7439 55.7439
260 0.0559522 0.0559522 55.396 55.396
400 44348.6 0.0559522 44403.9 55.396
"function evaluation" "current f(x)" "best-so-far f(x)" "current af(x)+b"  "best af(x)+b"
1 6173.71 6173.71 6083.38 6083.38
4 698.007 698.007 607.677 607.677
7 169.656 169.656 79.3257 79.3257
23 8.13814 8.13814 -82.1919 -82.1919
47 7.00529 7.00529 -83.3247 -83.3247
54 4.38794 4.38794 -85.9421 -85.9421
67 2.23886 2.23886 -88.0911 -88.0911
135 2.17114 2.17114 -88.1589 -88.1589
144 0.0293976 0.0293976 -90.3006 -90.3006
400 1830 0.0293976 1739.67 -90.3006
"function evaluation" "current f(x)" "best-so-far f(x)" "current af(x)+b"  "best af(x)+b"
1 77504 77504 77569.6 77569.6
2 2676.29 2676.29 2741.9 2741.9
3 2622.26 2622.26 2687.87 2687.87
4 1714.51 1714.51 1780.12 1780.12
7 1332.29 1332.29 1397.9 1397.9
16 704.491 704.491 770.101 770.101
20 110.799 110.799 176.409 176.409
25 4.30826 4.30826 69.9183 69.9183
58 2.98484 2.98484 68.5948 68.5948
92 1.07702 1.07702 66.687 66.687
124 1.00442 1.00442 66.6144 66.6144
240 0.150629 0.150629 65.7606 65.7606
400 125.602 0.150629 191.212 65.7606
"function evaluation" "current f(x)" "best-so-far f(x)" "current af(x)+b"  "best af(x)+b"
1 1598.1 1598.1 1308.02 1308.02
2 1082.72 1082.72 792.637 792.637
3 497.589 497.589 207.509 207.509
6 148.915 148.915 -141.165 -141.165
9 125.688 125.688 -164.392 -164.392
20 28.0226 28.0226 -262.057 -262.057
39 9.82631 9.82631 -280.254 -280.254
54 6.26168 6.26168 -283.818 -283.818
81 5.02775 5.02775 -285.052 -285.052
82 4.30383 4.30383 -285.776 -285.776
110 3.63587 3.63587 -286.444 -286.444
133 0.259887 0.259887 -289.82 -289.82
400 523.429 0.259887 233.349 -289.82
"function evaluation" "current f(x)" "best-so-far f(x)" "current af(x)+b"  "best af(x)+b"
1 10566.9 10566.9 10592 10592
2 52.8299 52.8299 77.9299 77.9299
9 5.0025 5.0025 30.1025 30.1025
32 4.69667 4.69667 29.7967 29.7967
154 3.1432 3.1432 28.2432 28.2432
176 0.00276245 0.00276245 25.1028 25.1028
400 2212.13 0.00276245 2237.23 25.1028
"function evaluation" "current f(x)" "best-so-far f(x)" "current af(x)+b"  "best af(x)+b"
1 3100.38 3100.38 3012.82 3012.82
3 1758.82 1758.82 1671.26 1671.26
5 1028.35 1028.35 940.791 940.791
8 42.5831 42.5831 -44.9769 -44.9769
37 9.97976 9.97976 -77.5802 -77.5802
60 6.51101 6.51101 -81.049 -81.049
90 4.81989 4.81989 -82.7401 -82.7401
92 1.65848 1.65848 -85.9015 -85.9015
223 0.500127 0.500127 -87.0599 -87.0599
400 900.253 0.500127 812.693 -87.0599
"function evaluation" "current f(x)" "best-so-far f(x)" "current af(x)+b"  "best af(x)+b"
1 42720.8 42720.8 42780.9 42780.9
2 433.109 433.109 493.179 493.179
13 75.7336 75.7336 135.804 135.804
48 7.5186 7.5186 67.5886 67.5886
107 2.02481 2.02481 62.0948 62.0948
343 1.21367 1.21367 61.2837 61.2837
400 0.0278918 0.0278918 60.0979 60.0979
"function evaluation" "current f(x)" "best-so-far f(x)" "current af(x)+b"  "best af(x)+b"
1 16282.6 16282.6 16146 16146
2 14653.9 14653.9 14517.3 14517.3
4 2790.63 2790.63 2654 2654
7 29.6094 29.6094 -107.021 -107.021
28 14.9258 14.9258 -121.704 -121.704
59 13.9676 13.9676 -122.662 -122.662
60 1.97952 1.97952 -134.65 -134.65
164 0.998126 0.998126 -135.632 -135.632
170 0.624844 0.624844 -136.005 -136.005
306 0.189362 0.189362 -136.441 -136.441
400 288.273 0.189362 151.643 -136.441
"function evaluation" "current f(x)" "best-so-far f(x)" "current af(x)+b"  "best af(x)+b"
1 384.329 384.329 548.259 548.259
4 172.874 172.874 336.804 336.804
13 144.245 144.245 308.175 308.175
21 76.0073 76.0073 239.937 239.937
22 29.7483 29.7483 193.678 193.678
55 1.81964 1.81964 165.75 165.75
57 0.431285 0.431285 164.361 164.361
241 0.0302311 0.0302311 163.96 163.96
400 5126.48 0.0302311 5290.41 163.96
"function evaluation" "current f(x)" "best-so-far f(x)" "current af(x)+b"  "best af(x)+b"
1 10416.5 10416.5 10366.5 10366.5
3 394.371 394.371 344.351 344.351
5 216.555 216.555 166.535 166.535
12 0.870973 0.870973 -49.149 -49.149
225 0.542363 0.542363 -49.4776 -49.4776
400 5.04956 0.542363 -44.9704 -49.4776
"function evaluation" "current f(x)" "best-so-far f(x)" "current af(x)+b"  "best af(x)+b"
1 5609.38 5609.38 6198.24 6198.24
2 1038.01 1038.01 1626.87 1626.87
10 196.851 196.851 785.711 785.711
14 11.6495 11.6495 600.509 600.509
31 1.50293 1.50293 590.363 590.363
51 0.382542 0.382542 589.243 589.243
400 3537.12 0.382542 4125.98 589.243
"function evaluation" "current f(x)" "best-so-far f(x)" "current af(x)+b"  "best af(x)+b"
1 61.0412 61.0412 28.1012 28.1012
3 50.0996 50.0996 17.1596 17.1596
10 1.87268 1.87268 -31.0673 -31.0673
103 0.441492 0.441492 -32.4985 -32.4985
314 0.26307 0.26307 -32.6769 -32.6769
400 36871.2 0.26307 36838.3 -32.6769
"function evaluation" "current f(x)" "best-so-far f(x)" "current af(x)+b"  "best af(x)+b"
1 15054.8 15054.8 14943.2 14943.2
3 3278.74 3278.74 3167.12 3167.12
5 1905.51 1905.51 1793.89 1793.89
8 1549.98 1549.98 1438.36 1438.36
11 70.3605 70.3605 -41.2595 -41.2595
13 9.72565 9.72565 -101.894 -101.894
36 1.93874 1.93874 -109.681 -109.681
133 1.06924 1.06924 -110.551 -110.551
167 0.271995 0.271995 -111.348 -111.348
250 0.0236532 0.0236532 -111.596 -111.596
400 2480.01 0.0236532 2368.39 -111.596
"function evaluation" "current f(x)" "best-so-far f(x)" "current af(x)+b"  "best af(x)+b"
1 28644.8 28644.8 28912.9 28912.9
2 3574.2 3574.2 3842.32 3842.32
4 700.845 700.845 968.965 968.965
8 628.396 628.396 896.516 896.516
11 317.984 317.984 586.104 586.104
23 86.5769 86.5769 354.697 354.697
24 29.682 29.682 297.802 297.802
53 11.3064 11.3064 279.426 279.426
56 0.284463 0.284463 268.404 268.404
234 0.0952623 0.0952623 268.215 268.215
253 0.0584825 0.0584825 268.178 268.178
400 20600.9 0.0584825 20869.1 268.178
"function evaluation" "current f(x)" "best-so-far f(x)" "current af(x)+b"  "best af(x)+b"
1 18.2576 18.2576 -160.852 -160.852
35 8.20859 8.20859 -170.901 -170.901
37 1.76501 1.76501 -177.345 -177.345
105 0.506467 0.506467 -178.604 -178.604
390 0.465138 0.465138 -178.645 -178.645
400 25427.8 0.465138 25248.7 -178.645
"function evaluation" "current f(x)" "best-so-far f(x)" "current af(x)+b"  "best af(x)+b"
1 28339.8 28339.8 28607.6 28607.6
2 1652.7 1652.7 1920.48 1920.48
7 81.3828 81.3828 349.163 349.163
12 53.4044 53.4044 321.184 321.184
13 8.87848 8.87848 276.658 276.658
109 1.12166 1.12166 268.902 268.902
152 0.193535 0.193535 267.974 267.974
400 1.64038 0.193535 269.42 267.974
"function evaluation" "current f(x)" "best-so-far f(x)" "current af(x)+b"  "best af(x)+b"
1 27197.9 27197.9 27166.8 27166.8
2 2372.63 2372.63 2341.56 2341.56
8 37.4961 37.4961 6.4261 6.4261
13 33.5855 33.5855 2.51555 2.51555
34 5.46561 5.46561 -25.6044 -25.6044
59 3.21316 3.21316 -27.8568 -27.8568
141 2.81039 2.81039 -28.2596 -28.2596
193 1.09826 1.09826 -29.9717 -29.9717
260 0.76301 0.76301 -30.307 -30.307
359 0.595987 0.595987 -30.474 -30.474
400 945.38 0.595987 914.31 -30.474
"function evaluation" "current f(x)" "best-so-far f(x)" "current af(x)+b"  "best af(x)+b"
1 985.094 985.094 1257.89 1257.89
6 131.756 131.756 404.556 404.556
17 102.238 102.238 375.038 375.038
27 6.90266 6.90266 279.703 279.703
76 1.40832 1.40832 274.208 274.208
141 1.08848 1.08848 273.888 273.888
146 1.0397 1.0397 273.84 273.84
156 0.139595 0.139595 272.94 272.94
400 1994.06 0.139595 2266.86 272.94
"function evaluation" "current f(x)" "best-so-far f(x)" "current af(x)+b"  "best af(x)+b"
1 2120.65 2120.65 2140.09 2140.09
3 29.5277 29.5277 48.9677 48.9677
20 23.2418 23.2418 42.6818 42.6818
24 7.03268 7.03268 26.4727 26.4727
50 6.59765 6.59765 26.0377 26.0377
83 1.76861 1.76861 21.2086 21.2086
98 1.49784 1.49784 20.9378 20.9378
112 0.892405 0.892405 20.3324 20.3324
400 50.9951 0.892405 70.4351 20.3324
"function evaluation" "current f(x)" "best-so-far f(x)" "current af(x)+b"  "best af(x)+b"
1 21520 21520 21061.7 21061.7
3 15637 15637 15178.7 15178.7
4 4994.48 4994.48 4536.14 4536.14
6 857.212 857.212 398.872 398.872
13 30.2742 30.2742 -428.066 -428.066
19 12.0313 12.0313 -446.309 -446.309
23 3.45436 3.45436 -454.886 -454.886
78 0.668741 0.668741 -457.671 -457.671
188 0.107254 0.107254 -458.233 -458.233
400 1042.53 0.107254 584.193 -458.233
"function evaluation" "current f(x)" "best-so-far f(x)" "current af(x)+b"  "best af(x)+b"
1 34815.2 34815.2 35034 35034
2 3305.83 3305.83 3524.64 3524.64
3 2232.68 2232.68 2451.49 2451.49
5 1896.79 1896.79 2115.6 2115.6
11 423.967 423.967 642.777 642.777
12 34.0367 34.0367 252.847 252.847
26 0.705055 0.705055 219.515 219.515
60 0.254323 0.254323 219.064 219.064
240 0.0923959 0.0923959 218.902 218.902
400 1710.45 0.0923959 1929.26 218.902
"function evaluation" "current f(x)" "best-so-far f(x)" "current af(x)+b"  "best af(x)+b"
1 8.23441 8.23441 -153.076 -153.076
41 2.3992 2.3992 -158.911 -158.911
115 0.95277 0.95277 -160.357 -160.357
400 70.2875 0.95277 -91.0225 -160.357
"function evaluation" "current f(x)" "best-so-far f(x)" "current af(x)+b"  "best af(x)+b"
1 3282.81 3282.81 2282.81 2282.81
3 712.279 712.279 -287.721 -287.721
5 2.74037 2.74037 -997.26 -997.26
55 2.26398 2.26398 -997.736 -997.736
105 0.0743226 0.0743226 -999.926 -999.926
400 350.047 0.0743226 -649.953 -999.926
