"function evaluation" "current f(x)" "best-so-far f(x)" "current af(x)+b"  "best af(x)+b"
1 79.2302 79.2302 -920.77 -920.77
2 76.6204 76.6204 -923.38 -923.38
3 65.0451 65.0451 -934.955 -934.955
5 55.7693 55.7693 -944.231 -944.231
15 50.0516 50.0516 -949.948 -949.948
17 26.6713 26.6713 -973.329 -973.329
19 24.259 24.259 -975.741 -975.741
197 20.2756 20.2756 -979.724 -979.724
330 17.6056 17.6056 -982.394 -982.394
339 11.6712 11.6712 -988.329 -988.329
455 4.17705 4.17705 -995.823 -995.823
712 3.98222 3.98222 -996.018 -996.018
750 26.6626 3.98222 -973.337 -996.018
"function evaluation" "current f(x)" "best-so-far f(x)" "current af(x)+b"  "best af(x)+b"
1 74.2314 74.2314 1074.23 1074.23
2 74.1872 74.1872 1074.19 1074.19
5 66.5637 66.5637 1066.56 1066.56
8 64.9386 64.9386 1064.94 1064.94
9 63.1396 63.1396 1063.14 1063.14
15 48.0373 48.0373 1048.04 1048.04
24 5.41381 5.41381 1005.41 1005.41
489 3.14397 3.14397 1003.14 1003.14
597 2.96786 2.96786 1002.97 1002.97
633 1.74386 1.74386 1001.74 1001.74
750 64.16 1.74386 1064.16 1001.74
"function evaluation" "current f(x)" "best-so-far f(x)" "current af(x)+b"  "best af(x)+b"
1 67.5474 67.5474 18.4174 18.4174
10 67.2104 67.2104 18.0804 18.0804
16 17.9653 17.9653 -31.1647 -31.1647
79 3.3083 3.3083 -45.8217 -45.8217
750 68.5995 3.3083 19.4695 -45.8217
"function evaluation" "current f(x)" "best-so-far f(x)" "current af(x)+b"  "best af(x)+b"
1 79.2582 79.2582 376.988 376.988
2 75.6618 75.6618 373.392 373.392
8 75.0537 75.0537 372.784 372.784
9 54.9658 54.9658 352.696 352.696
14 41.9031 41.9031 339.633 339.633
17 24.3175 24.3175 322.048 322.048
51 11.3802 11.3802 309.11 309.11
125 5.44402 5.44402 303.174 303.174
563 4.72826 4.72826 302.458 302.458
572 2.17474 2.17474 299.905 299.905
748 0.664823 0.664823 298.395 298.395
750 68.3617 0.664823 366.092 298.395
"function evaluation" "current f(x)" "best-so-far f(x)" "current af(x)+b"  "best af(x)+b"
1 77.2588 77.2588 128.829 128.829
8 72.399 72.399 123.969 123.969
9 71.3912 71.3912 122.961 122.961
13 69.053 69.053 120.623 120.623
14 34.949 34.949 86.519 86.519
79 22.8001 22.8001 74.3701 74.3701
93 18.0321 18.0321 69.6021 69.6021
170 10.4153 10.4153 61.9853 61.9853
226 4.42424 4.42424 55.9942 55.9942
565 1.15584 1.15584 52.7258 52.7258
630 0.577172 0.577172 52.1472 52.1472
750 70.3153 0.577172 121.885 52.1472
"function evaluation" "current f(x)" "best-so-far f(x)" "current af(x)+b"  "best af(x)+b"
1 27.6994 27.6994 67.1294 67.1294
7 20.4752 20.4752 59.9052 59.9052
29 15.5871 15.5871 55.0171 55.0171
168 7.39801 7.39801 46.828 46.828
631 7.18949 7.18949 46.6195 46.6195
672 4.34295 4.34295 43.7729 43.7729
750 30.163 4.34295 69.593 43.7729
"function evaluation" "current f(x)" "best-so-far f(x)" "current af(x)+b"  "best af(x)+b"
1 77.0171 77.0171 209.307 209.307
3 57.4875 57.4875 189.778 189.778
12 55.7158 55.7158 188.006 188.006
16 38.7931 38.7931 171.083 171.083
35 19.7187 19.7187 152.009 152.009
56 11.698 11.698 143.988 143.988
300 10.9395 10.9395 143.23 143.23
442 9.05397 9.05397 141.344 141.344
750 74.4439 9.05397 206.734 141.344
"function evaluation" "current f(x)" "best-so-far f(x)" "current af(x)+b"  "best af(x)+b"
1 77.3559 77.3559 28.6459 28.6459
2 72.5125 72.5125 23.8025 23.8025
11 69.3246 69.3246 20.6146 20.6146
16 42.8787 42.8787 -5.8313 -5.8313
48 30.7961 30.7961 -17.9139 -17.9139
335 22.4764 22.4764 -26.2336 -26.2336
750 76.1283 22.4764 27.4183 -26.2336
"function evaluation" "current f(x)" "best-so-far f(x)" "current af(x)+b"  "best af(x)+b"
1 76.5932 76.5932 48.2632 48.2632
5 67.0237 67.0237 38.6937 38.6937
9 48.2999 48.2999 19.9699 19.9699
11 9.82089 9.82089 -18.5091 -18.5091
391 6.3179 6.3179 -22.0121 -22.0121
475 2.24239 2.24239 -26.0876 -26.0876
567 0.759082 0.759082 -27.5709 -27.5709
750 72.3015 0.759082 43.9715 -27.5709
"function evaluation" "current f(x)" "best-so-far f(x)" "current af(x)+b"  "best af(x)+b"
1 19.9391 19.9391 -131.671 -131.671
17 10.7212 10.7212 -140.889 -140.889
496 10.0077 10.0077 -141.602 -141.602
601 4.15307 4.15307 -147.457 -147.457
750 65.2851 4.15307 -86.3249 -147.457
"function evaluation" "current f(x)" "best-so-far f(x)" "current af(x)+b"  "best af(x)+b"
1 72.3336 72.3336 -34.6564 -34.6564
6 69.2208 69.2208 -37.7692 -37.7692
15 64.9305 64.9305 -42.0595 -42.0595
19 60.0339 60.0339 -46.9561 -46.9561
49 42.0407 42.0407 -64.9493 -64.9493
67 24.349 24.349 -82.641 -82.641
93 19.3291 19.3291 -87.6609 -87.6609
151 7.45525 7.45525 -99.5347 -99.5347
368 6.71659 6.71659 -100.273 -100.273
750 75.015 6.71659 -31.975 -100.273
"function evaluation" "current f(x)" "best-so-far f(x)" "current af(x)+b"  "best af(x)+b"
1 78.3124 78.3124 178.342 178.342
2 76.9527 76.9527 176.983 176.983
4 7.64925 7.64925 107.679 107.679
443 6.98145 6.98145 107.011 107.011
567 6.11787 6.11787 106.148 106.148
750 34.0025 6.11787 134.033 106.148
"function evaluation" "current f(x)" "best-so-far f(x)" "current af(x)+b"  "best af(x)+b"
1 74.0674 74.0674 -204.823 -204.823
3 68.9448 68.9448 -209.945 -209.945
5 56.1687 56.1687 -222.721 -222.721
7 40.4512 40.4512 -238.439 -238.439
15 31.5168 31.5168 -247.373 -247.373
57 29.8994 29.8994 -248.991 -248.991
69 23.2063 23.2063 -255.684 -255.684
98 18.3064 18.3064 -260.584 -260.584
137 7.84573 7.84573 -271.044 -271.044
572 6.22221 6.22221 -272.668 -272.668
750 60.6936 6.22221 -218.196 -272.668
"function evaluation" "current f(x)" "best-so-far f(x)" "current af(x)+b"  "best af(x)+b"
1 77.8658 77.8658 592.086 592.086
7 68.0696 68.0696 582.29 582.29
16 57.9511 57.9511 572.171 572.171
32 28.7049 28.7049 542.925 542.925
117 7.18765 7.18765 521.408 521.408
403 3.29974 3.29974 517.52 517.52
655 2.15709 2.15709 516.377 516.377
750 41.6312 2.15709 555.851 516.377
"function evaluation" "current f(x)" "best-so-far f(x)" "current af(x)+b"  "best af(x)+b"
1 86.2361 86.2361 696.116 696.116
2 80.7814 80.7814 690.661 690.661
3 76.7673 76.7673 686.647 686.647
9 70.2752 70.2752 680.155 680.155
10 46.5244 46.5244 656.404 656.404
15 46.3438 46.3438 656.224 656.224
25 38.3824 38.3824 648.262 648.262
30 7.90227 7.90227 617.782 617.782
368 0.532144 0.532144 610.412 610.412
750 24.3107 0.532144 634.191 610.412
"function evaluation" "current f(x)" "best-so-far f(x)" "current af(x)+b"  "best af(x)+b"
1 85.6631 85.6631 208.123 208.123
2 32.7645 32.7645 155.224 155.224
75 27.3543 27.3543 149.814 149.814
120 25.3795 25.3795 147.839 147.839
150 17.1394 17.1394 139.599 139.599
411 12.4226 12.4226 134.883 134.883
486 11.5834 11.5834 134.043 134.043
493 7.86478 7.86478 130.325 130.325
500 3.05413 3.05413 125.514 125.514
750 20.4425 3.05413 142.903 125.514
"function evaluation" "current f(x)" "best-so-far f(x)" "current af(x)+b"  "best af(x)+b"
1 79.3935 79.3935 66.4435 66.4435
2 76.2785 76.2785 63.3285 63.3285
3 62.8778 62.8778 49.9278 49.9278
7 36.5322 36.5322 23.5822 23.5822
29 27.2626 27.2626 14.3126 14.3126
68 14.9514 14.9514 2.00143 2.00143
161 14.8785 14.8785 1.92854 1.92854
162 13.6565 13.6565 0.706528 0.706528
166 8.28386 8.28386 -4.66614 -4.66614
242 6.70367 6.70367 -6.24633 -6.24633
443 5.2393 5.2393 -7.7107 -7.7107
615 2.28768 2.28768 -10.6623 -10.6623
635 1.91193 1.91193 -11.0381 -11.0381
655 1.65764 1.65764 -11.2924 -11.2924
750 23.7153 1.65764 10.7653 -11.2924
"function evaluation" "current f(x)" "best-so-far f(x)" "current af(x)+b"  "best af(x)+b"
1 84.4849 84.4849 17.2149 17.2149
2 77.9008 77.9008 10.6308 10.6308
4 70.5996 70.5996 3.32958 3.32958
6 68.6458 68.6458 1.37576 1.37576
19 63.491 63.491 -3.77898 -3.77898
27 62.2185 62.2185 -5.05146 -5.05146
29 51.6241 51.6241 -15.6459 -15.6459
33 45.8265 45.8265 -21.4435 -21.4435
34 29.0464 29.0464 -38.2236 -38.2236
75 24.8414 24.8414 -42.4286 -42.4286
91 22.877 22.877 -44.393 -44.393
402 18.4728 18.4728 -48.7972 -48.7972
465 15.6449 15.6449 -51.6251 -51.6251
467 14.797 14.797 -52.473 -52.473
701 5.14184 5.14184 -62.1282 -62.1282
750 71.7003 5.14184 4.43034 -62.1282
"function evaluation" "current f(x)" "best-so-far f(x)" "current af(x)+b"  "best af(x)+b"
1 76.0652 76.0652 75.2752 75.2752
3 74.4738 74.4738 73.6838 73.6838
4 68.7513 68.7513 67.9613 67.9613
8 68.6297 68.6297 67.8397 67.8397
21 65.3469 65.3469 64.5569 64.5569
33 7.78045 7.78045 6.99045 6.99045
750 67.6445 7.78045 66.8545 6.99045
"function evaluation" "current f(x)" "best-so-far f(x)" "current af(x)+b"  "best af(x)+b"
1 60.2786 60.2786 104.449 104.449
2 57.6773 57.6773 101.847 101.847
7 37.3185 37.3185 81.4885 81.4885
11 9.41961 9.41961 53.5896 53.5896
66 8.62598 8.62598 52.796 52.796
142 0.281206 0.281206 44.4512 44.4512
712 0.0748072 0.0748072 44.2448 44.2448
750 6.54521 0.0748072 50.7152 44.2448
"function evaluation" "current f(x)" "best-so-far f(x)" "current af(x)+b"  "best af(x)+b"
1 72.5235 72.5235 121.384 121.384
3 15.2797 15.2797 64.1397 64.1397
284 5.11384 5.11384 53.9738 53.9738
750 52.0704 5.11384 100.93 53.9738
"function evaluation" "current f(x)" "best-so-far f(x)" "current af(x)+b"  "best af(x)+b"
1 77.4405 77.4405 43.0205 43.0205
3 72.386 72.386 37.966 37.966
8 67.2928 67.2928 32.8728 32.8728
10 64.2235 64.2235 29.8035 29.8035
24 54.4543 54.4543 20.0343 20.0343
66 53.0477 53.0477 18.6277 18.6277
83 38.6984 38.6984 4.27839 4.27839
101 36.1693 36.1693 1.7493 1.7493
159 33.123 33.123 -1.29705 -1.29705
359 25.4065 25.4065 -9.01346 -9.01346
398 23.0964 23.0964 -11.3236 -11.3236
750 72.2308 23.0964 37.8108 -11.3236
"function evaluation" "current f(x)" "best-so-far f(x)" "current af(x)+b"  "best af(x)+b"
1 84.922 84.922 -53.008 -53.008
2 66.1201 66.1201 -71.8099 -71.8099
13 63.2237 63.2237 -74.7063 -74.7063
39 28.4018 28.4018 -109.528 -109.528
68 20.5982 20.5982 -117.332 -117.332
119 19.4499 19.4499 -118.48 -118.48
206 7.67805 7.67805 -130.252 -130.252
556 4.28402 4.28402 -133.646 -133.646
750 72.2429 4.28402 -65.6871 -133.646
"function evaluation" "current f(x)" "best-so-far f(x)" "current af(x)+b"  "best af(x)+b"
1 84.5375 84.5375 1084.54 1084.54
2 78.1016 78.1016 1078.1 1078.1
6 69.1726 69.1726 1069.17 1069.17
9 33.3137 33.3137 1033.31 1033.31
39 14.8726 14.8726 1014.87 1014.87
326 13.8125 13.8125 1013.81 1013.81
439 13.6735 13.6735 1013.67 1013.67
447 8.26872 8.26872 1008.27 1008.27
750 58.8606 8.26872 1058.86 1008.27
"function evaluation" "current f(x)" "best-so-far f(x)" "current af(x)+b"  "best af(x)+b"
1 67.9201 67.9201 85.7701 85.7701
2 43.5121 43.5121 61.3621 61.3621
47 4.00733 4.00733 21.8573 21.8573
750 64.2989 4.00733 82.1489 21.8573
