"function evaluation" "current f(x)" "best-so-far f(x)" "current af(x)+b"  "best af(x)+b"
1 661.901 661.901 811.051 811.051
91 538.144 538.144 687.294 687.294
154 465.389 465.389 614.539 614.539
167 413.074 413.074 562.224 562.224
275 311.237 311.237 460.387 460.387
329 63.5593 63.5593 212.709 212.709
494 12.9976 12.9976 162.148 162.148
750 669.169 12.9976 818.319 162.148
"function evaluation" "current f(x)" "best-so-far f(x)" "current af(x)+b"  "best af(x)+b"
1 627845 627845 626845 626845
2 185688 185688 184688 184688
4 183970 183970 182970 182970
6 14713.6 14713.6 13713.6 13713.6
11 1983.34 1983.34 983.343 983.343
46 881.786 881.786 -118.214 -118.214
98 387.74 387.74 -612.26 -612.26
415 367.721 367.721 -632.279 -632.279
526 77.1809 77.1809 -922.819 -922.819
645 27.694 27.694 -972.306 -972.306
750 4953.74 27.694 3953.74 -972.306
"function evaluation" "current f(x)" "best-so-far f(x)" "current af(x)+b"  "best af(x)+b"
1 113318 113318 113417 113417
2 38143.7 38143.7 38242.3 38242.3
4 36726.5 36726.5 36825.1 36825.1
12 20705 20705 20803.6 20803.6
13 16980.6 16980.6 17079.2 17079.2
18 5536.58 5536.58 5635.2 5635.2
42 3942.13 3942.13 4040.75 4040.75
57 2377.25 2377.25 2475.87 2475.87
97 1737.26 1737.26 1835.88 1835.88
186 1406.38 1406.38 1505 1505
316 561.487 561.487 660.107 660.107
422 441.62 441.62 540.24 540.24
595 125.18 125.18 223.8 223.8
732 78.9754 78.9754 177.595 177.595
750 4382.92 78.9754 4481.54 177.595
"function evaluation" "current f(x)" "best-so-far f(x)" "current af(x)+b"  "best af(x)+b"
1 16616.4 16616.4 16569.2 16569.2
23 10434.6 10434.6 10387.4 10387.4
30 5121.8 5121.8 5074.65 5074.65
36 3180.12 3180.12 3132.97 3132.97
53 2634.85 2634.85 2587.7 2587.7
68 1015.85 1015.85 968.698 968.698
219 601.508 601.508 554.358 554.358
401 261.771 261.771 214.621 214.621
407 93.1051 93.1051 45.9551 45.9551
415 61.9066 61.9066 14.7566 14.7566
523 28.8543 28.8543 -18.2957 -18.2957
750 2658.57 28.8543 2611.42 -18.2957
"function evaluation" "current f(x)" "best-so-far f(x)" "current af(x)+b"  "best af(x)+b"
1 216377 216377 216415 216415
2 99392.4 99392.4 99429.9 99429.9
3 24675.2 24675.2 24712.8 24712.8
6 797.995 797.995 835.515 835.515
58 467.561 467.561 505.081 505.081
415 389.966 389.966 427.486 427.486
425 179.146 179.146 216.666 216.666
707 93.4573 93.4573 130.977 130.977
750 547.064 93.4573 584.584 130.977
"function evaluation" "current f(x)" "best-so-far f(x)" "current af(x)+b"  "best af(x)+b"
1 275992 275992 275566 275566
2 257872 257872 257446 257446
3 150274 150274 149848 149848
4 132665 132665 132240 132240
5 29273.9 29273.9 28848.2 28848.2
12 23529.1 23529.1 23103.4 23103.4
17 16675.6 16675.6 16249.8 16249.8
21 6563.78 6563.78 6138.03 6138.03
32 3696.62 3696.62 3270.87 3270.87
38 3450.83 3450.83 3025.08 3025.08
107 514.736 514.736 88.9861 88.9861
112 354.816 354.816 -70.9341 -70.9341
309 247.286 247.286 -178.464 -178.464
417 201.415 201.415 -224.335 -224.335
444 188.181 188.181 -237.569 -237.569
453 160.365 160.365 -265.385 -265.385
574 141.446 141.446 -284.304 -284.304
750 5197.61 141.446 4771.86 -284.304
"function evaluation" "current f(x)" "best-so-far f(x)" "current af(x)+b"  "best af(x)+b"
1 125405 125405 125184 125184
2 57742.2 57742.2 57521.3 57521.3
4 18434 18434 18213.1 18213.1
8 13778.8 13778.8 13557.9 13557.9
42 4302.81 4302.81 4081.91 4081.91
51 2000.67 2000.67 1779.77 1779.77
125 1582.74 1582.74 1361.84 1361.84
148 1127.93 1127.93 907.029 907.029
250 1017.15 1017.15 796.246 796.246
404 266.59 266.59 45.6904 45.6904
407 266.249 266.249 45.3489 45.3489
491 150.945 150.945 -69.9548 -69.9548
542 48.4853 48.4853 -172.415 -172.415
750 3171.08 48.4853 2950.18 -172.415
"function evaluation" "current f(x)" "best-so-far f(x)" "current af(x)+b"  "best af(x)+b"
1 360772 360772 360413 360413
2 302437 302437 302077 302077
3 2580.68 2580.68 2221.2 2221.2
58 145.58 145.58 -213.9 -213.9
416 104.195 104.195 -255.285 -255.285
608 93.3178 93.3178 -266.162 -266.162
750 546.406 93.3178 186.926 -266.162
"function evaluation" "current f(x)" "best-so-far f(x)" "current af(x)+b"  "best af(x)+b"
1 11098.4 11098.4 11125.8 11125.8
19 4007.2 4007.2 4034.68 4034.68
20 2357.97 2357.97 2385.45 2385.45
46 1802.77 1802.77 1830.25 1830.25
68 386.959 386.959 414.439 414.439
227 127.212 127.212 154.692 154.692
493 107.826 107.826 135.306 135.306
585 70.394 70.394 97.874 97.874
750 706.686 70.394 734.166 97.874
"function evaluation" "current f(x)" "best-so-far f(x)" "current af(x)+b"  "best af(x)+b"
1 45912.7 45912.7 45948.8 45948.8
4 35233.6 35233.6 35269.6 35269.6
10 3473.83 3473.83 3509.92 3509.92
58 1484.36 1484.36 1520.45 1520.45
70 863.577 863.577 899.667 899.667
76 508.815 508.815 544.905 544.905
180 450.164 450.164 486.254 486.254
359 449.682 449.682 485.772 485.772
370 189.865 189.865 225.955 225.955
402 22.6307 22.6307 58.7207 58.7207
750 568.772 22.6307 604.862 58.7207
"function evaluation" "current f(x)" "best-so-far f(x)" "current af(x)+b"  "best af(x)+b"
1 140727 140727 140669 140669
2 136096 136096 136038 136038
3 13607.8 13607.8 13549.9 13549.9
6 9636.31 9636.31 9578.4 9578.4
7 9248.55 9248.55 9190.64 9190.64
29 1166.38 1166.38 1108.47 1108.47
156 743.384 743.384 685.474 685.474
272 477.331 477.331 419.421 419.421
384 281.102 281.102 223.192 223.192
412 60.4602 60.4602 2.55023 2.55023
544 22.0533 22.0533 -35.8567 -35.8567
750 355.949 22.0533 298.039 -35.8567
"function evaluation" "current f(x)" "best-so-far f(x)" "current af(x)+b"  "best af(x)+b"
1 17479 17479 17144.1 17144.1
11 8378.45 8378.45 8043.54 8043.54
15 351.411 351.411 16.5011 16.5011
163 182.178 182.178 -152.732 -152.732
231 138.02 138.02 -196.89 -196.89
464 105.381 105.381 -229.529 -229.529
479 58.2409 58.2409 -276.669 -276.669
582 52.5408 52.5408 -282.369 -282.369
740 49.9997 49.9997 -284.91 -284.91
743 45.4115 45.4115 -289.499 -289.499
750 372.05 45.4115 37.1403 -289.499
"function evaluation" "current f(x)" "best-so-far f(x)" "current af(x)+b"  "best af(x)+b"
1 212093 212093 212046 212046
2 78155.1 78155.1 78108.4 78108.4
4 62544.2 62544.2 62497.5 62497.5
13 39026.3 39026.3 38979.6 38979.6
16 4084.54 4084.54 4037.84 4037.84
64 1474.5 1474.5 1427.8 1427.8
68 473.954 473.954 427.254 427.254
78 107.017 107.017 60.3172 60.3172
668 106.828 106.828 60.1282 60.1282
750 206.7 106.828 160 60.1282
"function evaluation" "current f(x)" "best-so-far f(x)" "current af(x)+b"  "best af(x)+b"
1 60444.3 60444.3 60351.2 60351.2
5 46360.9 46360.9 46267.8 46267.8
11 43010.2 43010.2 42917.1 42917.1
12 8701.3 8701.3 8608.22 8608.22
17 1457.6 1457.6 1364.52 1364.52
67 218.844 218.844 125.764 125.764
238 152.8 152.8 59.7195 59.7195
404 138.507 138.507 45.4269 45.4269
529 115.056 115.056 21.9761 21.9761
595 74.937 74.937 -18.143 -18.143
750 2456.2 74.937 2363.12 -18.143
"function evaluation" "current f(x)" "best-so-far f(x)" "current af(x)+b"  "best af(x)+b"
1 1198.82 1198.82 1240.5 1240.5
111 789.961 789.961 831.641 831.641
135 769.719 769.719 811.399 811.399
137 662.926 662.926 704.606 704.606
149 142.562 142.562 184.242 184.242
401 107.975 107.975 149.655 149.655
405 85.3972 85.3972 127.077 127.077
408 50.3748 50.3748 92.0548 92.0548
432 27.6777 27.6777 69.3577 69.3577
750 1309.33 27.6777 1351.01 69.3577
"function evaluation" "current f(x)" "best-so-far f(x)" "current af(x)+b"  "best af(x)+b"
1 265958 265958 265669 265669
2 85038 85038 84748.6 84748.6
3 39646.8 39646.8 39357.4 39357.4
10 14463.9 14463.9 14174.6 14174.6
20 101.329 101.329 -188.031 -188.031
493 89.493 89.493 -199.867 -199.867
749 64.0811 64.0811 -225.279 -225.279
750 1137.72 64.0811 848.357 -225.279
"function evaluation" "current f(x)" "best-so-far f(x)" "current af(x)+b"  "best af(x)+b"
1 501779 501779 501966 501966
2 85227.4 85227.4 85414.3 85414.3
4 20324.4 20324.4 20511.2 20511.2
25 9071.22 9071.22 9258.09 9258.09
30 7397.45 7397.45 7584.32 7584.32
58 2918.97 2918.97 3105.84 3105.84
81 1059.45 1059.45 1246.32 1246.32
146 351.985 351.985 538.855 538.855
350 281.316 281.316 468.186 468.186
406 117.638 117.638 304.508 304.508
477 103.57 103.57 290.44 290.44
714 78.868 78.868 265.738 265.738
750 5979.89 78.868 6166.76 265.738
"function evaluation" "current f(x)" "best-so-far f(x)" "current af(x)+b"  "best af(x)+b"
1 182164 182164 181516 181516
2 38403.1 38403.1 37755.4 37755.4
9 33118.4 33118.4 32470.7 32470.7
13 7137.91 7137.91 6490.15 6490.15
18 5977.28 5977.28 5329.52 5329.52
26 5236.43 5236.43 4588.67 4588.67
31 1663.64 1663.64 1015.88 1015.88
132 1209.09 1209.09 561.331 561.331
471 1187.19 1187.19 539.428 539.428
570 1127.1 1127.1 479.344 479.344
750 4644.99 1127.1 3997.23 479.344
"function evaluation" "current f(x)" "best-so-far f(x)" "current af(x)+b"  "best af(x)+b"
1 78872.4 78872.4 78870.9 78870.9
4 1930.36 1930.36 1928.88 1928.88
68 263.772 263.772 262.292 262.292
408 146.224 146.224 144.744 144.744
426 61.3617 61.3617 59.8817 59.8817
530 47.1206 47.1206 45.6406 45.6406
750 2140.41 47.1206 2138.93 45.6406
"function evaluation" "current f(x)" "best-so-far f(x)" "current af(x)+b"  "best af(x)+b"
1 24956.1 24956.1 24942.9 24942.9
14 11538.4 11538.4 11525.2 11525.2
23 9799.8 9799.8 9786.58 9786.58
59 4192.48 4192.48 4179.26 4179.26
72 3482.84 3482.84 3469.62 3469.62
80 1365.18 1365.18 1351.96 1351.96
139 736.829 736.829 723.609 723.609
193 203.299 203.299 190.079 190.079
402 166.397 166.397 153.177 153.177
406 83.6718 83.6718 70.4518 70.4518
704 59.0001 59.0001 45.7801 45.7801
750 4571.55 59.0001 4558.33 45.7801
"function evaluation" "current f(x)" "best-so-far f(x)" "current af(x)+b"  "best af(x)+b"
1 26872 26872 26827.4 26827.4
2 11186.3 11186.3 11141.6 11141.6
13 10775.8 10775.8 10731.1 10731.1
18 3206.06 3206.06 3161.42 3161.42
21 1480.84 1480.84 1436.2 1436.2
51 888.39 888.39 843.75 843.75
72 501.995 501.995 457.355 457.355
91 472.25 472.25 427.61 427.61
161 279.237 279.237 234.597 234.597
174 148.937 148.937 104.297 104.297
248 108.036 108.036 63.3962 63.3962
403 66.5075 66.5075 21.8675 21.8675
430 30.6936 30.6936 -13.9464 -13.9464
750 253.622 30.6936 208.982 -13.9464
"function evaluation" "current f(x)" "best-so-far f(x)" "current af(x)+b"  "best af(x)+b"
1 105950 105950 105777 105777
2 36965.2 36965.2 36792.1 36792.1
12 15576.6 15576.6 15403.5 15403.5
25 1074.74 1074.74 901.635 901.635
146 714.33 714.33 541.23 541.23
229 95.9621 95.9621 -77.1379 -77.1379
705 93.9558 93.9558 -79.1442 -79.1442
750 3748.56 93.9558 3575.46 -79.1442
"function evaluation" "current f(x)" "best-so-far f(x)" "current af(x)+b"  "best af(x)+b"
1 137463 137463 137492 137492
2 108739 108739 108769 108769
3 60238.7 60238.7 60268.6 60268.6
4 50822.5 50822.5 50852.4 50852.4
5 31053.9 31053.9 31083.8 31083.8
6 6422.71 6422.71 6452.61 6452.61
14 1878.35 1878.35 1908.25 1908.25
54 1852.56 1852.56 1882.46 1882.46
62 1239.15 1239.15 1269.05 1269.05
71 461.687 461.687 491.587 491.587
402 377.68 377.68 407.58 407.58
406 376.4 376.4 406.3 406.3
410 100.173 100.173 130.073 130.073
477 87.4953 87.4953 117.395 117.395
478 62.214 62.214 92.114 92.114
611 23.2531 23.2531 53.1531 53.1531
750 1314.85 23.2531 1344.75 53.1531
"function evaluation" "current f(x)" "best-so-far f(x)" "current af(x)+b"  "best af(x)+b"
1 144585 144585 144969 144969
4 55051.8 55051.8 55436.1 55436.1
5 22410.9 22410.9 22795.2 22795.2
6 4789.21 4789.21 5173.51 5173.51
58 2129.4 2129.4 2513.7 2513.7
61 915.805 915.805 1300.1 1300.1
251 841.187 841.187 1225.49 1225.49
309 122.795 122.795 507.095 507.095
415 105.876 105.876 490.176 490.176
750 2232.23 105.876 2616.53 490.176
"function evaluation" "current f(x)" "best-so-far f(x)" "current af(x)+b"  "best af(x)+b"
1 96836.5 96836.5 97011.7 97011.7
2 17925.6 17925.6 18100.8 18100.8
5 10857.6 10857.6 11032.8 11032.8
19 1024.43 1024.43 1199.61 1199.61
56 579.007 579.007 754.187 754.187
270 409.562 409.562 584.742 584.742
395 396.33 396.33 571.51 571.51
418 49.7879 49.7879 224.968 224.968
678 34.6232 34.6232 209.803 209.803
750 2047.99 34.6232 2223.17 209.803
