"function evaluation" "current f(x)" "best-so-far f(x)" "current af(x)+b"  "best af(x)+b"
1 49.8957 49.8957 32.9557 32.9557
3 32.3143 32.3143 15.3743 15.3743
30 20.0671 20.0671 3.12705 3.12705
116 13.9427 13.9427 -2.99729 -2.99729
431 13.3732 13.3732 -3.56675 -3.56675
605 10.0362 10.0362 -6.90378 -6.90378
846 9.45719 9.45719 -7.48281 -7.48281
926 8.67273 8.67273 -8.26727 -8.26727
985 8.27026 8.27026 -8.66974 -8.66974
1237 8.15913 8.15913 -8.78087 -8.78087
1297 7.35727 7.35727 -9.58273 -9.58273
1307 6.8311 6.8311 -10.1089 -10.1089
1471 6.78591 6.78591 -10.1541 -10.1541
1481 5.68259 5.68259 -11.2574 -11.2574
1534 5.38639 5.38639 -11.5536 -11.5536
1851 4.52196 4.52196 -12.418 -12.418
2150 10.1286 4.52196 -6.81141 -12.418
"function evaluation" "current f(x)" "best-so-far f(x)" "current af(x)+b"  "best af(x)+b"
1 17.9764 17.9764 36.7864 36.7864
6 17.427 17.427 36.237 36.237
39 15.7711 15.7711 34.5811 34.5811
61 14.768 14.768 33.578 33.578
90 13.979 13.979 32.789 32.789
175 12.8644 12.8644 31.6744 31.6744
236 12.4298 12.4298 31.2398 31.2398
259 10.7023 10.7023 29.5123 29.5123
263 8.81017 8.81017 27.6202 27.6202
855 6.67884 6.67884 25.4888 25.4888
1032 5.92781 5.92781 24.7378 24.7378
1802 5.62088 5.62088 24.4309 24.4309
2042 4.77243 4.77243 23.5824 23.5824
2150 31.9904 4.77243 50.8004 23.5824
"function evaluation" "current f(x)" "best-so-far f(x)" "current af(x)+b"  "best af(x)+b"
1 104.712 104.712 377.862 377.862
3 26.5654 26.5654 299.715 299.715
94 24.059 24.059 297.209 297.209
161 19.1642 19.1642 292.314 292.314
323 18.9393 18.9393 292.089 292.089
341 18.4852 18.4852 291.635 291.635
370 16.6166 16.6166 289.767 289.767
412 16.4088 16.4088 289.559 289.559
414 15.19 15.19 288.34 288.34
652 14.3781 14.3781 287.528 287.528
694 13.4816 13.4816 286.632 286.632
869 9.51917 9.51917 282.669 282.669
1176 9.17926 9.17926 282.329 282.329
1248 8.11767 8.11767 281.268 281.268
1731 7.94359 7.94359 281.094 281.094
1814 7.44569 7.44569 280.596 280.596
1893 6.4515 6.4515 279.602 279.602
2021 5.61963 5.61963 278.77 278.77
2150 153.12 5.61963 426.27 278.77
"function evaluation" "current f(x)" "best-so-far f(x)" "current af(x)+b"  "best af(x)+b"
1 37.8659 37.8659 75.0459 75.0459
2 26.6457 26.6457 63.8257 63.8257
3 26.573 26.573 63.753 63.753
10 21.4904 21.4904 58.6704 58.6704
32 21.1617 21.1617 58.3417 58.3417
40 16.0113 16.0113 53.1913 53.1913
81 15.4799 15.4799 52.6599 52.6599
85 15.3373 15.3373 52.5173 52.5173
175 13.7121 13.7121 50.8921 50.8921
179 11.8165 11.8165 48.9965 48.9965
219 9.90881 9.90881 47.0888 47.0888
619 9.80817 9.80817 46.9882 46.9882
659 7.72402 7.72402 44.904 44.904
1127 7.68371 7.68371 44.8637 44.8637
1174 7.55962 7.55962 44.7396 44.7396
1287 7.26376 7.26376 44.4438 44.4438
1452 7.11754 7.11754 44.2975 44.2975
1461 6.81558 6.81558 43.9956 43.9956
1759 6.22697 6.22697 43.407 43.407
1838 6.00937 6.00937 43.1894 43.1894
2150 17.5053 6.00937 54.6853 43.1894
"function evaluation" "current f(x)" "best-so-far f(x)" "current af(x)+b"  "best af(x)+b"
1 27.6086 27.6086 -120.291 -120.291
2 15.5556 15.5556 -132.344 -132.344
11 9.1254 9.1254 -138.775 -138.775
440 7.88346 7.88346 -140.017 -140.017
930 7.83352 7.83352 -140.066 -140.066
1123 7.48206 7.48206 -140.418 -140.418
1167 7.23299 7.23299 -140.667 -140.667
1196 6.86896 6.86896 -141.031 -141.031
1438 5.8768 5.8768 -142.023 -142.023
1886 5.8756 5.8756 -142.024 -142.024
2150 66.0477 5.8756 -81.8523 -142.024
"function evaluation" "current f(x)" "best-so-far f(x)" "current af(x)+b"  "best af(x)+b"
1 35.1362 35.1362 -186.754 -186.754
2 32.5794 32.5794 -189.311 -189.311
3 20.4805 20.4805 -201.409 -201.409
6 13.4854 13.4854 -208.405 -208.405
19 12.858 12.858 -209.032 -209.032
54 12.6724 12.6724 -209.218 -209.218
65 9.74674 9.74674 -212.143 -212.143
512 7.91268 7.91268 -213.977 -213.977
547 7.01183 7.01183 -214.878 -214.878
1116 6.98827 6.98827 -214.902 -214.902
1245 5.44715 5.44715 -216.443 -216.443
1799 5.44083 5.44083 -216.449 -216.449
1893 4.69808 4.69808 -217.192 -217.192
2014 4.42873 4.42873 -217.461 -217.461
2150 153.367 4.42873 -68.5228 -217.461
"function evaluation" "current f(x)" "best-so-far f(x)" "current af(x)+b"  "best af(x)+b"
1 73.2285 73.2285 192.768 192.768
2 32.5185 32.5185 152.058 152.058
3 29.5091 29.5091 149.049 149.049
6 28.5036 28.5036 148.044 148.044
7 17.7801 17.7801 137.32 137.32
12 15.9854 15.9854 135.525 135.525
21 14.7183 14.7183 134.258 134.258
29 14.4692 14.4692 134.009 134.009
43 14.0737 14.0737 133.614 133.614
82 11.1765 11.1765 130.717 130.717
122 9.61313 9.61313 129.153 129.153
569 9.18761 9.18761 128.728 128.728
718 7.79876 7.79876 127.339 127.339
906 7.79159 7.79159 127.332 127.332
951 7.17056 7.17056 126.711 126.711
1073 6.80963 6.80963 126.35 126.35
1224 5.61066 5.61066 125.151 125.151
1394 4.85051 4.85051 124.391 124.391
1451 4.80696 4.80696 124.347 124.347
2150 32.5843 4.80696 152.124 124.347
"function evaluation" "current f(x)" "best-so-far f(x)" "current af(x)+b"  "best af(x)+b"
1 30.8687 30.8687 100.699 100.699
3 28.8184 28.8184 98.6484 98.6484
5 28.2689 28.2689 98.0989 98.0989
9 18.5939 18.5939 88.4239 88.4239
10 10.8878 10.8878 80.7178 80.7178
553 10.7522 10.7522 80.5822 80.5822
631 9.95133 9.95133 79.7813 79.7813
760 9.23379 9.23379 79.0638 79.0638
805 6.77672 6.77672 76.6067 76.6067
1534 6.55508 6.55508 76.3851 76.3851
1812 6.30814 6.30814 76.1381 76.1381
2150 11.6029 6.30814 81.4329 76.1381
"function evaluation" "current f(x)" "best-so-far f(x)" "current af(x)+b"  "best af(x)+b"
1 15.7508 15.7508 15.8208 15.8208
53 14.8214 14.8214 14.8914 14.8914
74 12.0389 12.0389 12.1089 12.1089
367 11.485 11.485 11.555 11.555
502 10.9877 10.9877 11.0577 11.0577
532 9.99929 9.99929 10.0693 10.0693
668 9.15597 9.15597 9.22597 9.22597
813 8.31331 8.31331 8.38331 8.38331
923 8.10142 8.10142 8.17142 8.17142
1129 7.88751 7.88751 7.95751 7.95751
1289 7.62606 7.62606 7.69606 7.69606
1331 7.08962 7.08962 7.15962 7.15962
1670 7.0412 7.0412 7.1112 7.1112
1740 6.00931 6.00931 6.07931 6.07931
2071 5.16702 5.16702 5.23702 5.23702
2150 17.4377 5.16702 17.5077 5.23702
"function evaluation" "current f(x)" "best-so-far f(x)" "current af(x)+b"  "best af(x)+b"
1 46.5589 46.5589 51.5189 51.5189
5 25.6767 25.6767 30.6367 30.6367
41 23.7629 23.7629 28.7229 28.7229
97 22.9947 22.9947 27.9547 27.9547
179 17.3583 17.3583 22.3183 22.3183
217 16.6517 16.6517 21.6117 21.6117
405 16.1727 16.1727 21.1327 21.1327
530 13.4964 13.4964 18.4564 18.4564
570 10.1417 10.1417 15.1017 15.1017
1360 9.67202 9.67202 14.632 14.632
1457 8.78123 8.78123 13.7412 13.7412
1528 7.5062 7.5062 12.4662 12.4662
1807 6.73323 6.73323 11.6932 11.6932
2004 6.07994 6.07994 11.0399 11.0399
2150 80.6454 6.07994 85.6054 11.0399
"function evaluation" "current f(x)" "best-so-far f(x)" "current af(x)+b"  "best af(x)+b"
1 23.3455 23.3455 215.645 215.645
3 15.5057 15.5057 207.806 207.806
77 14.4803 14.4803 206.78 206.78
91 9.02364 9.02364 201.324 201.324
1125 8.65672 8.65672 200.957 200.957
1203 8.59269 8.59269 200.893 200.893
1214 6.6591 6.6591 198.959 198.959
1654 6.44982 6.44982 198.75 198.75
1892 4.53454 4.53454 196.835 196.835
2150 17.9541 4.53454 210.254 196.835
"function evaluation" "current f(x)" "best-so-far f(x)" "current af(x)+b"  "best af(x)+b"
1 28.6662 28.6662 78.3762 78.3762
18 25.583 25.583 75.293 75.293
22 22.784 22.784 72.494 72.494
24 20.9929 20.9929 70.7029 70.7029
29 15.4668 15.4668 65.1768 65.1768
35 11.7821 11.7821 61.4921 61.4921
128 11.4981 11.4981 61.2081 61.2081
420 10.7571 10.7571 60.4671 60.4671
736 9.3847 9.3847 59.0947 59.0947
768 8.97744 8.97744 58.6874 58.6874
810 8.75965 8.75965 58.4697 58.4697
1006 8.00019 8.00019 57.7102 57.7102
1120 7.07037 7.07037 56.7804 56.7804
1400 6.93511 6.93511 56.6451 56.6451
1507 6.84845 6.84845 56.5584 56.5584
1783 6.83633 6.83633 56.5463 56.5463
1809 5.66348 5.66348 55.3735 55.3735
2150 7.44211 5.66348 57.1521 55.3735
"function evaluation" "current f(x)" "best-so-far f(x)" "current af(x)+b"  "best af(x)+b"
1 35.1323 35.1323 240.252 240.252
3 31.8882 31.8882 237.008 237.008
4 23.7868 23.7868 228.907 228.907
17 16.5293 16.5293 221.649 221.649
65 12.0173 12.0173 217.137 217.137
66 10.2594 10.2594 215.379 215.379
495 9.88043 9.88043 215 215
867 8.13573 8.13573 213.256 213.256
1126 7.64942 7.64942 212.769 212.769
1468 6.70478 6.70478 211.825 211.825
1698 6.05351 6.05351 211.174 211.174
1988 5.4041 5.4041 210.524 210.524
2150 24.6431 5.4041 229.763 210.524
"function evaluation" "current f(x)" "best-so-far f(x)" "current af(x)+b"  "best af(x)+b"
1 32.7978 32.7978 -140.102 -140.102
12 31.2165 31.2165 -141.684 -141.684
13 27.0498 27.0498 -145.85 -145.85
18 18.3538 18.3538 -154.546 -154.546
63 15.1637 15.1637 -157.736 -157.736
182 15.0536 15.0536 -157.846 -157.846
293 12.6513 12.6513 -160.249 -160.249
440 10.6365 10.6365 -162.263 -162.263
577 9.09675 9.09675 -163.803 -163.803
1075 6.75331 6.75331 -166.147 -166.147
1770 5.73243 5.73243 -167.168 -167.168
2150 11.743 5.73243 -161.157 -167.168
"function evaluation" "current f(x)" "best-so-far f(x)" "current af(x)+b"  "best af(x)+b"
1 161.76 161.76 -188.86 -188.86
2 61.2511 61.2511 -289.369 -289.369
4 33.6494 33.6494 -316.971 -316.971
5 32.0254 32.0254 -318.595 -318.595
8 17.3673 17.3673 -333.253 -333.253
134 17.3663 17.3663 -333.254 -333.254
172 15.3983 15.3983 -335.222 -335.222
405 13.7295 13.7295 -336.89 -336.89
444 13.1508 13.1508 -337.469 -337.469
470 10.1548 10.1548 -340.465 -340.465
796 9.10349 9.10349 -341.517 -341.517
1196 8.9931 8.9931 -341.627 -341.627
1227 8.59017 8.59017 -342.03 -342.03
1248 7.41938 7.41938 -343.201 -343.201
1280 7.09497 7.09497 -343.525 -343.525
1806 6.04846 6.04846 -344.572 -344.572
2150 15.4637 6.04846 -335.156 -344.572
"function evaluation" "current f(x)" "best-so-far f(x)" "current af(x)+b"  "best af(x)+b"
1 478.568 478.568 649.648 649.648
2 37.6953 37.6953 208.775 208.775
4 32.9321 32.9321 204.012 204.012
7 21.0116 21.0116 192.092 192.092
42 17.479 17.479 188.559 188.559
216 16.4401 16.4401 187.52 187.52
327 16.0712 16.0712 187.151 187.151
436 15.9294 15.9294 187.009 187.009
448 15.0521 15.0521 186.132 186.132
449 14.1394 14.1394 185.219 185.219
514 12.6304 12.6304 183.71 183.71
784 12.2512 12.2512 183.331 183.331
863 10.5851 10.5851 181.665 181.665
959 10.1373 10.1373 181.217 181.217
1111 9.95371 9.95371 181.034 181.034
1152 9.76051 9.76051 180.841 180.841
1191 9.28065 9.28065 180.361 180.361
1312 9.0881 9.0881 180.168 180.168
1556 6.95712 6.95712 178.037 178.037
2150 21.0026 6.95712 192.083 178.037
"function evaluation" "current f(x)" "best-so-far f(x)" "current af(x)+b"  "best af(x)+b"
1 18.252 18.252 111.932 111.932
16 16.1324 16.1324 109.812 109.812
17 14.8294 14.8294 108.509 108.509
149 13.8447 13.8447 107.525 107.525
270 13.3666 13.3666 107.047 107.047
421 12.8512 12.8512 106.531 106.531
423 12.2271 12.2271 105.907 105.907
431 9.77368 9.77368 103.454 103.454
518 8.40317 8.40317 102.083 102.083
753 8.37169 8.37169 102.052 102.052
855 7.9071 7.9071 101.587 101.587
1299 7.33628 7.33628 101.016 101.016
1305 6.67593 6.67593 100.356 100.356
1920 6.25473 6.25473 99.9347 99.9347
1959 5.81112 5.81112 99.4911 99.4911
2150 10.6874 5.81112 104.367 99.4911
"function evaluation" "current f(x)" "best-so-far f(x)" "current af(x)+b"  "best af(x)+b"
1 20.5964 20.5964 -218.574 -218.574
19 20.0518 20.0518 -219.118 -219.118
23 15.1221 15.1221 -224.048 -224.048
24 12.5104 12.5104 -226.66 -226.66
85 10.553 10.553 -228.617 -228.617
163 9.95492 9.95492 -229.215 -229.215
442 9.61522 9.61522 -229.555 -229.555
506 8.6779 8.6779 -230.492 -230.492
866 7.98405 7.98405 -231.186 -231.186
1235 6.7779 6.7779 -232.392 -232.392
1300 6.41008 6.41008 -232.76 -232.76
1550 6.23324 6.23324 -232.937 -232.937
1611 5.82346 5.82346 -233.347 -233.347
2032 5.18324 5.18324 -233.987 -233.987
2150 92.5437 5.18324 -146.626 -233.987
"function evaluation" "current f(x)" "best-so-far f(x)" "current af(x)+b"  "best af(x)+b"
1 25.441 25.441 147.131 147.131
5 20.5121 20.5121 142.202 142.202
8 20.1777 20.1777 141.868 141.868
30 19.3438 19.3438 141.034 141.034
35 18.8108 18.8108 140.501 140.501
36 16.4348 16.4348 138.125 138.125
58 8.51288 8.51288 130.203 130.203
654 8.40515 8.40515 130.095 130.095
757 7.06364 7.06364 128.754 128.754
806 6.80258 6.80258 128.493 128.493
1119 6.70288 6.70288 128.393 128.393
1361 6.1023 6.1023 127.792 127.792
1506 6.03458 6.03458 127.725 127.725
1558 4.37499 4.37499 126.065 126.065
2150 494.919 4.37499 616.609 126.065
"function evaluation" "current f(x)" "best-so-far f(x)" "current af(x)+b"  "best af(x)+b"
1 138.446 138.446 148.576 148.576
2 78.4454 78.4454 88.5754 88.5754
3 46.4173 46.4173 56.5473 56.5473
5 41.3036 41.3036 51.4336 51.4336
11 31.2946 31.2946 41.4246 41.4246
17 27.3514 27.3514 37.4814 37.4814
31 19.8893 19.8893 30.0193 30.0193
202 19.558 19.558 29.688 29.688
214 16.9322 16.9322 27.0622 27.0622
470 15.9982 15.9982 26.1282 26.1282
482 15.1738 15.1738 25.3038 25.3038
486 14.2641 14.2641 24.3941 24.3941
508 13.433 13.433 23.563 23.563
599 13.0927 13.0927 23.2227 23.2227
768 12.1658 12.1658 22.2958 22.2958
930 10.866 10.866 20.996 20.996
948 9.58132 9.58132 19.7113 19.7113
1139 8.9155 8.9155 19.0455 19.0455
1340 8.61072 8.61072 18.7407 18.7407
1569 8.53587 8.53587 18.6659 18.6659
1586 8.09725 8.09725 18.2272 18.2272
1591 7.86203 7.86203 17.992 17.992
1614 7.43949 7.43949 17.5695 17.5695
1635 7.13301 7.13301 17.263 17.263
1788 6.94843 6.94843 17.0784 17.0784
1874 5.73258 5.73258 15.8626 15.8626
1964 5.71482 5.71482 15.8448 15.8448
2150 13.4858 5.71482 23.6158 15.8448
"function evaluation" "current f(x)" "best-so-far f(x)" "current af(x)+b"  "best af(x)+b"
1 31.2251 31.2251 71.8251 71.8251
8 14.7139 14.7139 55.3139 55.3139
410 13.7722 13.7722 54.3722 54.3722
490 12.6404 12.6404 53.2404 53.2404
514 12.1562 12.1562 52.7562 52.7562
729 11.1074 11.1074 51.7074 51.7074
777 10.6277 10.6277 51.2277 51.2277
971 9.37375 9.37375 49.9737 49.9737
1046 9.16289 9.16289 49.7629 49.7629
1332 8.74788 8.74788 49.3479 49.3479
1354 8.16236 8.16236 48.7624 48.7624
1471 7.87059 7.87059 48.4706 48.4706
1545 7.43353 7.43353 48.0335 48.0335
1871 7.23025 7.23025 47.8302 47.8302
2060 6.67614 6.67614 47.2761 47.2761
2150 9.05632 6.67614 49.6563 47.2761
"function evaluation" "current f(x)" "best-so-far f(x)" "current af(x)+b"  "best af(x)+b"
1 30.1467 30.1467 76.4867 76.4867
6 25.8768 25.8768 72.2168 72.2168
7 14.8744 14.8744 61.2144 61.2144
68 12.9656 12.9656 59.3056 59.3056
408 10.8907 10.8907 57.2307 57.2307
485 10.7025 10.7025 57.0425 57.0425
805 9.94159 9.94159 56.2816 56.2816
926 8.36248 8.36248 54.7025 54.7025
1383 8.35957 8.35957 54.6996 54.6996
1506 8.08524 8.08524 54.4252 54.4252
1515 7.66317 7.66317 54.0032 54.0032
1520 7.63272 7.63272 53.9727 53.9727
1673 6.95061 6.95061 53.2906 53.2906
1866 6.17296 6.17296 52.513 52.513
1911 6.10152 6.10152 52.4415 52.4415
2150 16.7798 6.10152 63.1198 52.4415
"function evaluation" "current f(x)" "best-so-far f(x)" "current af(x)+b"  "best af(x)+b"
1 64.6104 64.6104 -176.48 -176.48
2 49.9027 49.9027 -191.187 -191.187
3 31.4412 31.4412 -209.649 -209.649
4 30.6683 30.6683 -210.422 -210.422
7 22.2832 22.2832 -218.807 -218.807
8 21.9238 21.9238 -219.166 -219.166
21 18.8024 18.8024 -222.288 -222.288
37 18.7469 18.7469 -222.343 -222.343
53 16.7783 16.7783 -224.312 -224.312
54 15.6099 15.6099 -225.48 -225.48
76 11.7375 11.7375 -229.352 -229.352
410 10.4111 10.4111 -230.679 -230.679
494 8.79548 8.79548 -232.295 -232.295
714 8.79519 8.79519 -232.295 -232.295
858 8.72882 8.72882 -232.361 -232.361
1037 8.34453 8.34453 -232.745 -232.745
1113 7.38621 7.38621 -233.704 -233.704
1123 6.41378 6.41378 -234.676 -234.676
1497 5.91595 5.91595 -235.174 -235.174
1621 5.58993 5.58993 -235.5 -235.5
1946 5.38909 5.38909 -235.701 -235.701
2150 29.5684 5.38909 -211.522 -235.701
"function evaluation" "current f(x)" "best-so-far f(x)" "current af(x)+b"  "best af(x)+b"
1 34.0312 34.0312 -132.849 -132.849
6 31.0475 31.0475 -135.833 -135.833
12 14.3652 14.3652 -152.515 -152.515
58 13.9111 13.9111 -152.969 -152.969
154 13.5819 13.5819 -153.298 -153.298
575 12.7834 12.7834 -154.097 -154.097
604 11.9413 11.9413 -154.939 -154.939
633 11.3129 11.3129 -155.567 -155.567
754 10.1926 10.1926 -156.687 -156.687
794 9.33024 9.33024 -157.55 -157.55
812 8.58361 8.58361 -158.296 -158.296
929 8.29212 8.29212 -158.588 -158.588
962 8.16516 8.16516 -158.715 -158.715
997 6.77109 6.77109 -160.109 -160.109
1028 6.52844 6.52844 -160.352 -160.352
1127 5.97699 5.97699 -160.903 -160.903
1498 5.36884 5.36884 -161.511 -161.511
1655 5.17343 5.17343 -161.707 -161.707
1773 5.11803 5.11803 -161.762 -161.762
1861 4.80432 4.80432 -162.076 -162.076
1926 4.7786 4.7786 -162.101 -162.101
1990 4.31836 4.31836 -162.562 -162.562
2109 4.0982 4.0982 -162.782 -162.782
2150 41.6304 4.0982 -125.25 -162.782
"function evaluation" "current f(x)" "best-so-far f(x)" "current af(x)+b"  "best af(x)+b"
1 66.3567 66.3567 -280.053 -280.053
4 23.3095 23.3095 -323.1 -323.1
61 22.1348 22.1348 -324.275 -324.275
88 14.3796 14.3796 -332.03 -332.03
304 13.8618 13.8618 -332.548 -332.548
555 13.76 13.76 -332.65 -332.65
649 12.1837 12.1837 -334.226 -334.226
762 10.1228 10.1228 -336.287 -336.287
1188 9.91901 9.91901 -336.491 -336.491
1192 6.44264 6.44264 -339.967 -339.967
1506 5.79078 5.79078 -340.619 -340.619
1843 5.16018 5.16018 -341.25 -341.25
2150 99.9142 5.16018 -246.496 -341.25
