"function evaluation" "current f(x)" "best-so-far f(x)" "current af(x)+b"  "best af(x)+b"
1 11.5865 11.5865 18.4565 18.4565
4 9.75792 9.75792 16.6279 16.6279
8 7.75135 7.75135 14.6213 14.6213
35 6.92663 6.92663 13.7966 13.7966
121 6.38979 6.38979 13.2598 13.2598
125 5.96151 5.96151 12.8315 12.8315
177 5.3875 5.3875 12.2575 12.2575
217 5.30436 5.30436 12.1744 12.1744
604 4.62542 4.62542 11.4954 11.4954
1026 4.17399 4.17399 11.044 11.044
1178 4.11814 4.11814 10.9881 10.9881
2050 12.6596 4.11814 19.5296 10.9881
"function evaluation" "current f(x)" "best-so-far f(x)" "current af(x)+b"  "best af(x)+b"
1 20.2213 20.2213 20.2313 20.2313
2 17.7288 17.7288 17.7388 17.7388
3 6.28313 6.28313 6.29313 6.29313
41 6.17178 6.17178 6.18178 6.18178
123 5.46497 5.46497 5.47497 5.47497
245 3.69143 3.69143 3.70143 3.70143
1703 3.21972 3.21972 3.22972 3.22972
2050 9.37693 3.21972 9.38693 3.22972
"function evaluation" "current f(x)" "best-so-far f(x)" "current af(x)+b"  "best af(x)+b"
1 20.2716 20.2716 -110.338 -110.338
2 12.8757 12.8757 -117.734 -117.734
8 10.9953 10.9953 -119.615 -119.615
15 8.28139 8.28139 -122.329 -122.329
19 7.12198 7.12198 -123.488 -123.488
43 5.52431 5.52431 -125.086 -125.086
226 5.12715 5.12715 -125.483 -125.483
515 2.95423 2.95423 -127.656 -127.656
2050 14.1194 2.95423 -116.491 -127.656
"function evaluation" "current f(x)" "best-so-far f(x)" "current af(x)+b"  "best af(x)+b"
1 8.87137 8.87137 -214.249 -214.249
3 6.49867 6.49867 -216.621 -216.621
9 4.91927 4.91927 -218.201 -218.201
259 3.70671 3.70671 -219.413 -219.413
1218 3.50054 3.50054 -219.619 -219.619
2050 4.03344 3.50054 -219.087 -219.619
"function evaluation" "current f(x)" "best-so-far f(x)" "current af(x)+b"  "best af(x)+b"
1 13.7695 13.7695 -30.6605 -30.6605
4 9.43428 9.43428 -34.9957 -34.9957
9 7.15566 7.15566 -37.2743 -37.2743
108 7.02335 7.02335 -37.4066 -37.4066
119 6.30303 6.30303 -38.127 -38.127
211 5.91055 5.91055 -38.5195 -38.5195
228 4.73761 4.73761 -39.6924 -39.6924
249 4.56433 4.56433 -39.8657 -39.8657
428 4.32444 4.32444 -40.1056 -40.1056
525 3.71901 3.71901 -40.711 -40.711
826 2.8977 2.8977 -41.5323 -41.5323
2050 17.5478 2.8977 -26.8822 -41.5323
"function evaluation" "current f(x)" "best-so-far f(x)" "current af(x)+b"  "best af(x)+b"
1 20.8626 20.8626 106.253 106.253
2 16.7882 16.7882 102.178 102.178
3 12.8299 12.8299 98.2199 98.2199
4 11.3631 11.3631 96.7531 96.7531
6 8.3675 8.3675 93.7575 93.7575
8 7.24314 7.24314 92.6331 92.6331
125 7.23046 7.23046 92.6205 92.6205
174 5.23631 5.23631 90.6263 90.6263
590 3.89785 3.89785 89.2879 89.2879
1775 3.63705 3.63705 89.027 89.027
2050 10.3369 3.63705 95.7269 89.027
"function evaluation" "current f(x)" "best-so-far f(x)" "current af(x)+b"  "best af(x)+b"
1 20.6923 20.6923 -966.598 -966.598
2 9.63761 9.63761 -977.652 -977.652
3 9.41604 9.41604 -977.874 -977.874
11 9.37694 9.37694 -977.913 -977.913
16 5.01778 5.01778 -982.272 -982.272
119 3.63944 3.63944 -983.651 -983.651
758 2.97501 2.97501 -984.315 -984.315
2050 10.6805 2.97501 -976.61 -984.315
"function evaluation" "current f(x)" "best-so-far f(x)" "current af(x)+b"  "best af(x)+b"
1 22.6649 22.6649 -129.095 -129.095
2 21.2381 21.2381 -130.522 -130.522
3 13.2658 13.2658 -138.494 -138.494
5 5.24959 5.24959 -146.51 -146.51
206 4.3858 4.3858 -147.374 -147.374
513 3.95302 3.95302 -147.807 -147.807
2050 8.33599 3.95302 -143.424 -147.807
"function evaluation" "current f(x)" "best-so-far f(x)" "current af(x)+b"  "best af(x)+b"
1 20.8884 20.8884 87.6884 87.6884
2 18.6824 18.6824 85.4824 85.4824
3 14.8516 14.8516 81.6516 81.6516
6 9.34096 9.34096 76.141 76.141
45 6.67703 6.67703 73.477 73.477
105 6.03098 6.03098 72.831 72.831
190 5.72477 5.72477 72.5248 72.5248
291 3.43838 3.43838 70.2384 70.2384
530 2.85334 2.85334 69.6533 69.6533
2050 15.9585 2.85334 82.7585 69.6533
"function evaluation" "current f(x)" "best-so-far f(x)" "current af(x)+b"  "best af(x)+b"
1 14.5637 14.5637 110.814 110.814
2 6.53845 6.53845 102.788 102.788
46 5.89571 5.89571 102.146 102.146
152 3.9774 3.9774 100.227 100.227
363 3.9338 3.9338 100.184 100.184
934 2.39261 2.39261 98.6426 98.6426
2050 12.002 2.39261 108.252 98.6426
"function evaluation" "current f(x)" "best-so-far f(x)" "current af(x)+b"  "best af(x)+b"
1 13.6267 13.6267 160.347 160.347
7 11.6998 11.6998 158.42 158.42
10 5.73108 5.73108 152.451 152.451
14 5.37391 5.37391 152.094 152.094
319 5.00517 5.00517 151.725 151.725
376 4.37874 4.37874 151.099 151.099
505 4.20523 4.20523 150.925 150.925
1337 3.79907 3.79907 150.519 150.519
2050 11.698 3.79907 158.418 150.519
"function evaluation" "current f(x)" "best-so-far f(x)" "current af(x)+b"  "best af(x)+b"
1 20.2382 20.2382 -571.742 -571.742
2 18.7897 18.7897 -573.19 -573.19
5 13.768 13.768 -578.212 -578.212
8 11.4252 11.4252 -580.555 -580.555
9 9.56695 9.56695 -582.413 -582.413
21 9.18327 9.18327 -582.797 -582.797
101 8.73846 8.73846 -583.242 -583.242
105 6.21666 6.21666 -585.763 -585.763
139 4.99634 4.99634 -586.984 -586.984
535 3.82946 3.82946 -588.151 -588.151
677 3.03671 3.03671 -588.943 -588.943
2050 20.0115 3.03671 -571.969 -588.943
"function evaluation" "current f(x)" "best-so-far f(x)" "current af(x)+b"  "best af(x)+b"
1 22.5106 22.5106 96.8006 96.8006
2 6.7449 6.7449 81.0349 81.0349
197 6.43851 6.43851 80.7285 80.7285
216 6.37234 6.37234 80.6623 80.6623
410 5.59372 5.59372 79.8837 79.8837
502 5.44736 5.44736 79.7374 79.7374
673 4.71419 4.71419 79.0042 79.0042
717 3.85131 3.85131 78.1413 78.1413
823 3.72711 3.72711 78.0171 78.0171
2050 17.3869 3.72711 91.6769 78.0171
"function evaluation" "current f(x)" "best-so-far f(x)" "current af(x)+b"  "best af(x)+b"
1 10.9593 10.9593 7.46932 7.46932
5 9.89173 9.89173 6.40173 6.40173
6 6.79604 6.79604 3.30604 3.30604
18 6.23538 6.23538 2.74538 2.74538
35 5.56657 5.56657 2.07657 2.07657
115 5.211 5.211 1.721 1.721
287 3.94538 3.94538 0.455385 0.455385
614 3.45203 3.45203 -0.037967 -0.037967
1991 2.40612 2.40612 -1.08388 -1.08388
2050 18.4369 2.40612 14.9469 -1.08388
"function evaluation" "current f(x)" "best-so-far f(x)" "current af(x)+b"  "best af(x)+b"
1 10.0864 10.0864 -2.74357 -2.74357
3 7.22977 7.22977 -5.60023 -5.60023
10 7.22678 7.22678 -5.60322 -5.60322
46 7.06073 7.06073 -5.76927 -5.76927
48 5.95113 5.95113 -6.87887 -6.87887
109 4.36936 4.36936 -8.46064 -8.46064
218 3.89437 3.89437 -8.93563 -8.93563
713 3.39301 3.39301 -9.43699 -9.43699
1190 2.26753 2.26753 -10.5625 -10.5625
2050 22.3393 2.26753 9.50927 -10.5625
"function evaluation" "current f(x)" "best-so-far f(x)" "current af(x)+b"  "best af(x)+b"
1 15.8584 15.8584 -181.262 -181.262
3 9.66063 9.66063 -187.459 -187.459
12 6.39074 6.39074 -190.729 -190.729
20 6.27003 6.27003 -190.85 -190.85
306 4.9179 4.9179 -192.202 -192.202
1016 4.86748 4.86748 -192.253 -192.253
1328 4.48712 4.48712 -192.633 -192.633
1338 4.28461 4.28461 -192.835 -192.835
2050 24.1973 4.28461 -172.923 -192.835
"function evaluation" "current f(x)" "best-so-far f(x)" "current af(x)+b"  "best af(x)+b"
1 12.9222 12.9222 -466.448 -466.448
2 12.4812 12.4812 -466.889 -466.889
5 11.5343 11.5343 -467.836 -467.836
6 10.6696 10.6696 -468.7 -468.7
8 8.35745 8.35745 -471.013 -471.013
15 6.34552 6.34552 -473.024 -473.024
22 5.97129 5.97129 -473.399 -473.399
120 5.1485 5.1485 -474.221 -474.221
510 5.03297 5.03297 -474.337 -474.337
522 4.90802 4.90802 -474.462 -474.462
607 3.78311 3.78311 -475.587 -475.587
1548 3.36019 3.36019 -476.01 -476.01
2050 17.147 3.36019 -462.223 -476.01
"function evaluation" "current f(x)" "best-so-far f(x)" "current af(x)+b"  "best af(x)+b"
1 14.0614 14.0614 866.471 866.471
3 11.6305 11.6305 864.04 864.04
5 8.1176 8.1176 860.528 860.528
44 5.19883 5.19883 857.609 857.609
263 3.80393 3.80393 856.214 856.214
995 2.56045 2.56045 854.97 854.97
2050 12.4095 2.56045 864.819 854.97
"function evaluation" "current f(x)" "best-so-far f(x)" "current af(x)+b"  "best af(x)+b"
1 24.0107 24.0107 -975.989 -975.989
2 9.48271 9.48271 -990.517 -990.517
3 6.59331 6.59331 -993.407 -993.407
10 3.43355 3.43355 -996.566 -996.566
2050 21.4155 3.43355 -978.585 -996.566
"function evaluation" "current f(x)" "best-so-far f(x)" "current af(x)+b"  "best af(x)+b"
1 19.5733 19.5733 93.7433 93.7433
3 8.53276 8.53276 82.7028 82.7028
13 6.73433 6.73433 80.9043 80.9043
113 6.69225 6.69225 80.8623 80.8623
248 5.56321 5.56321 79.7332 79.7332
391 4.57714 4.57714 78.7471 78.7471
544 4.55731 4.55731 78.7273 78.7273
584 4.53907 4.53907 78.7091 78.7091
590 4.03734 4.03734 78.2073 78.2073
954 2.70325 2.70325 76.8733 76.8733
1427 2.60873 2.60873 76.7787 76.7787
2050 2.60873 2.60873 76.7787 76.7787
"function evaluation" "current f(x)" "best-so-far f(x)" "current af(x)+b"  "best af(x)+b"
1 5.39736 5.39736 -506.533 -506.533
282 4.81114 4.81114 -507.119 -507.119
755 3.05924 3.05924 -508.871 -508.871
2050 9.69238 3.05924 -502.238 -508.871
"function evaluation" "current f(x)" "best-so-far f(x)" "current af(x)+b"  "best af(x)+b"
1 9.48596 9.48596 -554.574 -554.574
4 9.27113 9.27113 -554.789 -554.789
6 5.96847 5.96847 -558.092 -558.092
215 5.70342 5.70342 -558.357 -558.357
446 5.299 5.299 -558.761 -558.761
510 4.48197 4.48197 -559.578 -559.578
718 3.32509 3.32509 -560.735 -560.735
1029 3.06068 3.06068 -560.999 -560.999
1157 2.9713 2.9713 -561.089 -561.089
2050 18.1781 2.9713 -545.882 -561.089
"function evaluation" "current f(x)" "best-so-far f(x)" "current af(x)+b"  "best af(x)+b"
1 14.8184 14.8184 -19.5516 -19.5516
3 11.0421 11.0421 -23.3279 -23.3279
11 10.3664 10.3664 -24.0036 -24.0036
16 8.32863 8.32863 -26.0414 -26.0414
18 7.50419 7.50419 -26.8658 -26.8658
24 4.20945 4.20945 -30.1605 -30.1605
759 3.72056 3.72056 -30.6494 -30.6494
1221 3.12704 3.12704 -31.243 -31.243
2050 18.0881 3.12704 -16.2819 -31.243
"function evaluation" "current f(x)" "best-so-far f(x)" "current af(x)+b"  "best af(x)+b"
1 20.5054 20.5054 70.5454 70.5454
2 14.4126 14.4126 64.4526 64.4526
3 7.94413 7.94413 57.9841 57.9841
34 6.5343 6.5343 56.5743 56.5743
175 5.89648 5.89648 55.9365 55.9365
218 5.38944 5.38944 55.4294 55.4294
294 4.82481 4.82481 54.8648 54.8648
699 4.62177 4.62177 54.6618 54.6618
1472 4.52963 4.52963 54.5696 54.5696
1604 4.33687 4.33687 54.3769 54.3769
2050 18.2175 4.33687 68.2575 54.3769
"function evaluation" "current f(x)" "best-so-far f(x)" "current af(x)+b"  "best af(x)+b"
1 8.52527 8.52527 -325.645 -325.645
3 7.17837 7.17837 -326.992 -326.992
28 6.22558 6.22558 -327.944 -327.944
43 6.1437 6.1437 -328.026 -328.026
101 5.02919 5.02919 -329.141 -329.141
236 3.90422 3.90422 -330.266 -330.266
798 2.98763 2.98763 -331.182 -331.182
1344 2.55518 2.55518 -331.615 -331.615
2050 13.981 2.55518 -320.189 -331.615
