"function evaluation" "current f(x)" "best-so-far f(x)" "current af(x)+b"  "best af(x)+b"
1 85.6233 85.6233 126.403 126.403
2 85.2566 85.2566 126.037 126.037
5 80.0339 80.0339 120.814 120.814
101 79.3793 79.3793 120.159 120.159
104 77.792 77.792 118.572 118.572
125 76.6236 76.6236 117.404 117.404
127 74.2314 74.2314 115.011 115.011
167 73.4044 73.4044 114.184 114.184
237 70.4754 70.4754 111.255 111.255
689 45.8912 45.8912 86.6712 86.6712
2050 81.7174 45.8912 122.497 86.6712
"function evaluation" "current f(x)" "best-so-far f(x)" "current af(x)+b"  "best af(x)+b"
1 85.0647 85.0647 83.4647 83.4647
4 84.3407 84.3407 82.7407 82.7407
6 83.7498 83.7498 82.1498 82.1498
9 75.1935 75.1935 73.5935 73.5935
122 64.6291 64.6291 63.0291 63.0291
643 64.223 64.223 62.623 62.623
695 63.4339 63.4339 61.8339 61.8339
933 58.7692 58.7692 57.1692 57.1692
939 54.1907 54.1907 52.5907 52.5907
1005 36.2529 36.2529 34.6529 34.6529
1773 34.7562 34.7562 33.1562 33.1562
2050 117.775 34.7562 116.175 33.1562
"function evaluation" "current f(x)" "best-so-far f(x)" "current af(x)+b"  "best af(x)+b"
1 85.0301 85.0301 -285.81 -285.81
2 84.6764 84.6764 -286.164 -286.164
3 83.9288 83.9288 -286.911 -286.911
6 82.6436 82.6436 -288.196 -288.196
20 78.1325 78.1325 -292.708 -292.708
108 70.3692 70.3692 -300.471 -300.471
559 69.2015 69.2015 -301.638 -301.638
778 67.9001 67.9001 -302.94 -302.94
825 63.5158 63.5158 -307.324 -307.324
1644 62.9 62.9 -307.94 -307.94
1705 56.97 56.97 -313.87 -313.87
1939 51.0604 51.0604 -319.78 -319.78
2050 77.2923 51.0604 -293.548 -319.78
"function evaluation" "current f(x)" "best-so-far f(x)" "current af(x)+b"  "best af(x)+b"
1 84.1708 84.1708 51.6108 51.6108
5 79.708 79.708 47.148 47.148
119 79.2824 79.2824 46.7224 46.7224
123 72.9333 72.9333 40.3733 40.3733
172 72.2781 72.2781 39.7181 39.7181
297 65.3186 65.3186 32.7586 32.7586
1619 64.4269 64.4269 31.8669 31.8669
2050 81.7226 64.4269 49.1626 31.8669
"function evaluation" "current f(x)" "best-so-far f(x)" "current af(x)+b"  "best af(x)+b"
1 85.6687 85.6687 601.069 601.069
2 84.2746 84.2746 599.675 599.675
3 82.7246 82.7246 598.125 598.125
9 82.4329 82.4329 597.833 597.833
10 82.2189 82.2189 597.619 597.619
15 81.0647 81.0647 596.465 596.465
48 77.4554 77.4554 592.855 592.855
104 77.1391 77.1391 592.539 592.539
108 74.7831 74.7831 590.183 590.183
129 73.54 73.54 588.94 588.94
130 72.225 72.225 587.625 587.625
149 71.9674 71.9674 587.367 587.367
171 70.7746 70.7746 586.175 586.175
178 69.4593 69.4593 584.859 584.859
348 68.5599 68.5599 583.96 583.96
705 67.0858 67.0858 582.486 582.486
906 66.2387 66.2387 581.639 581.639
967 55.8672 55.8672 571.267 571.267
2050 140.997 55.8672 656.397 571.267
"function evaluation" "current f(x)" "best-so-far f(x)" "current af(x)+b"  "best af(x)+b"
1 79.6384 79.6384 1065.87 1065.87
44 75.7203 75.7203 1061.95 1061.95
115 71.5756 71.5756 1057.81 1057.81
148 64.9455 64.9455 1051.18 1051.18
696 63.9543 63.9543 1050.18 1050.18
903 62.9879 62.9879 1049.22 1049.22
1033 61.3193 61.3193 1047.55 1047.55
1454 57.3334 57.3334 1043.56 1043.56
2050 106.17 57.3334 1092.4 1043.56
"function evaluation" "current f(x)" "best-so-far f(x)" "current af(x)+b"  "best af(x)+b"
1 81.848 81.848 205.928 205.928
9 80.0494 80.0494 204.129 204.129
109 74.9257 74.9257 199.006 199.006
213 70.1365 70.1365 194.217 194.217
278 70.1172 70.1172 194.197 194.197
552 70.0622 70.0622 194.142 194.142
601 65.7318 65.7318 189.812 189.812
812 64.0388 64.0388 188.119 188.119
2050 124.422 64.0388 248.502 188.119
"function evaluation" "current f(x)" "best-so-far f(x)" "current af(x)+b"  "best af(x)+b"
1 82.4035 82.4035 -385.907 -385.907
7 82.314 82.314 -385.996 -385.996
8 76.8214 76.8214 -391.489 -391.489
125 75.0397 75.0397 -393.27 -393.27
137 74.2834 74.2834 -394.027 -394.027
166 72.2136 72.2136 -396.096 -396.096
275 64.8888 64.8888 -403.421 -403.421
2050 617.663 64.8888 149.353 -403.421
"function evaluation" "current f(x)" "best-so-far f(x)" "current af(x)+b"  "best af(x)+b"
1 85.5432 85.5432 24.9232 24.9232
3 79.9842 79.9842 19.3642 19.3642
11 74.1043 74.1043 13.4843 13.4843
28 72.3523 72.3523 11.7323 11.7323
252 71.782 71.782 11.162 11.162
337 71.1221 71.1221 10.5021 10.5021
357 70.051 70.051 9.431 9.431
394 67.8691 67.8691 7.24915 7.24915
2050 140.473 67.8691 79.8529 7.24915
"function evaluation" "current f(x)" "best-so-far f(x)" "current af(x)+b"  "best af(x)+b"
1 86.2591 86.2591 372.719 372.719
2 85.3034 85.3034 371.763 371.763
5 84.4885 84.4885 370.948 370.948
18 83.3826 83.3826 369.843 369.843
20 82.0335 82.0335 368.493 368.493
25 80.4557 80.4557 366.916 366.916
27 78.3331 78.3331 364.793 364.793
103 77.061 77.061 363.521 363.521
121 75.4573 75.4573 361.917 361.917
157 70.2494 70.2494 356.709 356.709
220 70.0375 70.0375 356.497 356.497
725 65.9805 65.9805 352.441 352.441
960 49.2179 49.2179 335.678 335.678
1393 43.1129 43.1129 329.573 329.573
1948 34.6606 34.6606 321.121 321.121
2050 82.7426 34.6606 369.203 321.121
"function evaluation" "current f(x)" "best-so-far f(x)" "current af(x)+b"  "best af(x)+b"
1 83.7733 83.7733 197.193 197.193
5 83.7158 83.7158 197.136 197.136
7 83.4406 83.4406 196.861 196.861
18 75.3398 75.3398 188.76 188.76
109 64.7144 64.7144 178.134 178.134
384 62.0257 62.0257 175.446 175.446
571 50.4059 50.4059 163.826 163.826
1111 49.959 49.959 163.379 163.379
1211 46.8946 46.8946 160.315 160.315
1250 44.402 44.402 157.822 157.822
1407 38.2958 38.2958 151.716 151.716
1546 28.3801 28.3801 141.8 141.8
2050 213.476 28.3801 326.896 141.8
"function evaluation" "current f(x)" "best-so-far f(x)" "current af(x)+b"  "best af(x)+b"
1 85.5365 85.5365 -110.324 -110.324
2 84.9828 84.9828 -110.877 -110.877
3 83.0225 83.0225 -112.837 -112.837
5 82.2651 82.2651 -113.595 -113.595
19 81.3182 81.3182 -114.542 -114.542
24 76.5685 76.5685 -119.291 -119.291
264 74.5865 74.5865 -121.274 -121.274
337 73.4813 73.4813 -122.379 -122.379
426 72.2605 72.2605 -123.599 -123.599
430 71.2348 71.2348 -124.625 -124.625
764 68.3202 68.3202 -127.54 -127.54
2050 163.224 68.3202 -32.6357 -127.54
"function evaluation" "current f(x)" "best-so-far f(x)" "current af(x)+b"  "best af(x)+b"
1 85.7429 85.7429 79.9829 79.9829
2 85.2683 85.2683 79.5083 79.5083
3 84.7468 84.7468 78.9868 78.9868
7 82.4655 82.4655 76.7055 76.7055
14 82.4196 82.4196 76.6596 76.6596
30 80.4326 80.4326 74.6726 74.6726
39 78.4576 78.4576 72.6976 72.6976
106 76.8693 76.8693 71.1093 71.1093
113 75.5476 75.5476 69.7876 69.7876
211 74.6981 74.6981 68.9381 68.9381
355 73.7482 73.7482 67.9882 67.9882
376 73.2977 73.2977 67.5377 67.5377
680 70.2295 70.2295 64.4695 64.4695
999 69.8817 69.8817 64.1217 64.1217
1160 67.2895 67.2895 61.5295 61.5295
1780 63.402 63.402 57.642 57.642
2050 81.3194 63.402 75.5594 57.642
"function evaluation" "current f(x)" "best-so-far f(x)" "current af(x)+b"  "best af(x)+b"
1 85.8302 85.8302 -412.82 -412.82
3 85.7671 85.7671 -412.883 -412.883
5 84.4089 84.4089 -414.241 -414.241
10 82.7053 82.7053 -415.945 -415.945
42 80.0238 80.0238 -418.626 -418.626
109 78.415 78.415 -420.235 -420.235
113 74.3317 74.3317 -424.318 -424.318
146 72.3449 72.3449 -426.305 -426.305
255 72.2749 72.2749 -426.375 -426.375
358 66.7916 66.7916 -431.858 -431.858
1016 46.507 46.507 -452.143 -452.143
2050 102.272 46.507 -396.378 -452.143
"function evaluation" "current f(x)" "best-so-far f(x)" "current af(x)+b"  "best af(x)+b"
1 85.2047 85.2047 42.3447 42.3447
6 78.1039 78.1039 35.2439 35.2439
26 76.7881 76.7881 33.9281 33.9281
112 71.4388 71.4388 28.5788 28.5788
163 71.044 71.044 28.184 28.184
520 66.7314 66.7314 23.8714 23.8714
948 65.7117 65.7117 22.8517 22.8517
982 63.3005 63.3005 20.4405 20.4405
1117 57.7308 57.7308 14.8708 14.8708
1175 50.9144 50.9144 8.05436 8.05436
1803 50.4198 50.4198 7.55979 7.55979
1955 42.3435 42.3435 -0.516465 -0.516465
2042 22.3184 22.3184 -20.5416 -20.5416
2050 73.5197 22.3184 30.6597 -20.5416
"function evaluation" "current f(x)" "best-so-far f(x)" "current af(x)+b"  "best af(x)+b"
1 83.7056 83.7056 111.276 111.276
4 83.2119 83.2119 110.782 110.782
14 81.4954 81.4954 109.065 109.065
40 81.4376 81.4376 109.008 109.008
49 76.4948 76.4948 104.065 104.065
118 75.4708 75.4708 103.041 103.041
121 75.0237 75.0237 102.594 102.594
126 72.4135 72.4135 99.9835 99.9835
173 66.1133 66.1133 93.6833 93.6833
340 64.0686 64.0686 91.6386 91.6386
567 57.0264 57.0264 84.5964 84.5964
775 52.195 52.195 79.765 79.765
1088 48.6764 48.6764 76.2464 76.2464
1739 43.5336 43.5336 71.1036 71.1036
1853 40.0149 40.0149 67.5849 67.5849
2050 91.7335 40.0149 119.304 67.5849
"function evaluation" "current f(x)" "best-so-far f(x)" "current af(x)+b"  "best af(x)+b"
1 85.1913 85.1913 97.9613 97.9613
2 85.1909 85.1909 97.9609 97.9609
3 83.0248 83.0248 95.7948 95.7948
8 79.5777 79.5777 92.3477 92.3477
9 74.3066 74.3066 87.0766 87.0766
102 74.2209 74.2209 86.9909 86.9909
151 73.158 73.158 85.928 85.928
170 67.9895 67.9895 80.7595 80.7595
561 64.9212 64.9212 77.6912 77.6912
1119 63.6475 63.6475 76.4175 76.4175
1411 34.989 34.989 47.759 47.759
2050 98.1867 34.989 110.957 47.759
"function evaluation" "current f(x)" "best-so-far f(x)" "current af(x)+b"  "best af(x)+b"
1 84.5273 84.5273 -740.543 -740.543
6 81.5574 81.5574 -743.513 -743.513
7 77.2185 77.2185 -747.851 -747.851
130 76.4755 76.4755 -748.595 -748.595
134 75.5469 75.5469 -749.523 -749.523
141 73.9333 73.9333 -751.137 -751.137
166 67.7143 67.7143 -757.356 -757.356
534 66.1447 66.1447 -758.925 -758.925
2050 142.494 66.1447 -682.576 -758.925
"function evaluation" "current f(x)" "best-so-far f(x)" "current af(x)+b"  "best af(x)+b"
1 82.5423 82.5423 1082.54 1082.54
8 81.4577 81.4577 1081.46 1081.46
35 78.1208 78.1208 1078.12 1078.12
117 78.0069 78.0069 1078.01 1078.01
128 72.8676 72.8676 1072.87 1072.87
264 70.7917 70.7917 1070.79 1070.79
647 69.378 69.378 1069.38 1069.38
816 63.9006 63.9006 1063.9 1063.9
2050 88.0267 63.9006 1088.03 1063.9
"function evaluation" "current f(x)" "best-so-far f(x)" "current af(x)+b"  "best af(x)+b"
1 85.3165 85.3165 -57.8035 -57.8035
4 83.9222 83.9222 -59.1978 -59.1978
5 83.7591 83.7591 -59.3609 -59.3609
11 83.4597 83.4597 -59.6603 -59.6603
17 82.6281 82.6281 -60.4919 -60.4919
19 82.4584 82.4584 -60.6616 -60.6616
38 82.3955 82.3955 -60.7245 -60.7245
49 81.0875 81.0875 -62.0325 -62.0325
102 80.2101 80.2101 -62.9099 -62.9099
108 79.9016 79.9016 -63.2184 -63.2184
114 78.0193 78.0193 -65.1007 -65.1007
130 76.1599 76.1599 -66.9601 -66.9601
159 74.8711 74.8711 -68.2489 -68.2489
282 72.9818 72.9818 -70.1382 -70.1382
437 70.7281 70.7281 -72.3919 -72.3919
603 69.1136 69.1136 -74.0064 -74.0064
743 67.3884 67.3884 -75.7316 -75.7316
1209 67.0843 67.0843 -76.0357 -76.0357
2050 97.9745 67.0843 -45.1455 -76.0357
"function evaluation" "current f(x)" "best-so-far f(x)" "current af(x)+b"  "best af(x)+b"
1 83.5897 83.5897 -131 -131
3 83.2803 83.2803 -131.31 -131.31
5 82.5968 82.5968 -131.993 -131.993
10 82.3726 82.3726 -132.217 -132.217
21 81.2229 81.2229 -133.367 -133.367
30 77.7366 77.7366 -136.853 -136.853
103 71.6199 71.6199 -142.97 -142.97
107 71.0824 71.0824 -143.508 -143.508
112 63.3698 63.3698 -151.22 -151.22
228 55.8927 55.8927 -158.697 -158.697
361 48.6275 48.6275 -165.963 -165.963
903 32.6214 32.6214 -181.969 -181.969
1038 32.3378 32.3378 -182.252 -182.252
1154 29.8387 29.8387 -184.751 -184.751
1164 25.7159 25.7159 -188.874 -188.874
1308 25.6026 25.6026 -188.987 -188.987
1326 24.4096 24.4096 -190.18 -190.18
1503 22.2137 22.2137 -192.376 -192.376
1811 21.3647 21.3647 -193.225 -193.225
1984 20.1217 20.1217 -194.468 -194.468
2028 19.7784 19.7784 -194.812 -194.812
2050 46.7526 19.7784 -167.837 -194.812
"function evaluation" "current f(x)" "best-so-far f(x)" "current af(x)+b"  "best af(x)+b"
1 83.0139 83.0139 355.724 355.724
2 82.4745 82.4745 355.184 355.184
4 81.7429 81.7429 354.453 354.453
24 80.637 80.637 353.347 353.347
31 78.4359 78.4359 351.146 351.146
141 75.2607 75.2607 347.971 347.971
2050 249.574 75.2607 522.284 347.971
"function evaluation" "current f(x)" "best-so-far f(x)" "current af(x)+b"  "best af(x)+b"
1 86.2886 86.2886 26.0286 26.0286
2 84.2764 84.2764 24.0164 24.0164
4 80.957 80.957 20.697 20.697
36 75.59 75.59 15.33 15.33
137 74.8036 74.8036 14.5436 14.5436
162 74.6441 74.6441 14.3841 14.3841
249 72.1389 72.1389 11.8789 11.8789
355 70.3435 70.3435 10.0835 10.0835
367 66.852 66.852 6.59199 6.59199
2050 109.943 66.852 49.6834 6.59199
"function evaluation" "current f(x)" "best-so-far f(x)" "current af(x)+b"  "best af(x)+b"
1 86.1695 86.1695 50.9195 50.9195
2 85.4244 85.4244 50.1744 50.1744
3 85.3905 85.3905 50.1405 50.1405
9 85.0814 85.0814 49.8314 49.8314
10 84.5904 84.5904 49.3404 49.3404
14 84.4466 84.4466 49.1966 49.1966
17 80.216 80.216 44.966 44.966
19 79.3578 79.3578 44.1078 44.1078
20 73.3512 73.3512 38.1012 38.1012
114 70.6983 70.6983 35.4483 35.4483
187 69.7632 69.7632 34.5132 34.5132
576 67.2373 67.2373 31.9873 31.9873
1320 50.9569 50.9569 15.7069 15.7069
1498 50.5075 50.5075 15.2575 15.2575
2050 89.992 50.5075 54.742 15.2575
"function evaluation" "current f(x)" "best-so-far f(x)" "current af(x)+b"  "best af(x)+b"
1 85.2072 85.2072 -189.903 -189.903
4 83.2318 83.2318 -191.878 -191.878
11 82.9615 82.9615 -192.149 -192.149
27 76.5107 76.5107 -198.599 -198.599
101 72.352 72.352 -202.758 -202.758
237 63.1245 63.1245 -211.985 -211.985
1901 52.9254 52.9254 -222.185 -222.185
2050 125.431 52.9254 -149.679 -222.185
