"function evaluation" "current f(x)" "best-so-far f(x)" "current af(x)+b"  "best af(x)+b"
1 313.874 313.874 296.934 296.934
2 81.3317 81.3317 64.3917 64.3917
34 49.0161 49.0161 32.0761 32.0761
51 44.5817 44.5817 27.6417 27.6417
96 44.3496 44.3496 27.4096 27.4096
275 41.399 41.399 24.459 24.459
416 37.1521 37.1521 20.2121 20.2121
520 31.9664 31.9664 15.0264 15.0264
668 24.6247 24.6247 7.68475 7.68475
1132 21.5409 21.5409 4.60095 4.60095
1345 20.4395 20.4395 3.49946 3.49946
1467 19.9744 19.9744 3.03437 3.03437
1842 19.5804 19.5804 2.64043 2.64043
2150 33.0777 19.5804 16.1377 2.64043
"function evaluation" "current f(x)" "best-so-far f(x)" "current af(x)+b"  "best af(x)+b"
1 102.599 102.599 121.409 121.409
9 67.0814 67.0814 85.8914 85.8914
43 64.3011 64.3011 83.1111 83.1111
89 55.9774 55.9774 74.7874 74.7874
207 55.5475 55.5475 74.3575 74.3575
294 48.315 48.315 67.125 67.125
361 44.5724 44.5724 63.3824 63.3824
367 42.3791 42.3791 61.1891 61.1891
404 40.3582 40.3582 59.1682 59.1682
452 32.9449 32.9449 51.7549 51.7549
472 32.6752 32.6752 51.4852 51.4852
503 30.0881 30.0881 48.8981 48.8981
806 27.5671 27.5671 46.3771 46.3771
1646 26.899 26.899 45.709 45.709
1858 25.8609 25.8609 44.6709 44.6709
2150 185.259 25.8609 204.069 44.6709
"function evaluation" "current f(x)" "best-so-far f(x)" "current af(x)+b"  "best af(x)+b"
1 207.868 207.868 481.018 481.018
5 198.934 198.934 472.084 472.084
12 188.316 188.316 461.466 461.466
26 112.672 112.672 385.822 385.822
44 83.5498 83.5498 356.7 356.7
349 80.9443 80.9443 354.094 354.094
373 80.0789 80.0789 353.229 353.229
408 52.4316 52.4316 325.582 325.582
755 48.0456 48.0456 321.196 321.196
788 43.8471 43.8471 316.997 316.997
2150 93.9947 43.8471 367.145 316.997
"function evaluation" "current f(x)" "best-so-far f(x)" "current af(x)+b"  "best af(x)+b"
1 100.594 100.594 137.774 137.774
2 82.2745 82.2745 119.454 119.454
4 81.8891 81.8891 119.069 119.069
8 74.9553 74.9553 112.135 112.135
9 63.1202 63.1202 100.3 100.3
43 40.6294 40.6294 77.8094 77.8094
94 35.7282 35.7282 72.9082 72.9082
424 35.4214 35.4214 72.6014 72.6014
431 34.2603 34.2603 71.4403 71.4403
494 32.7555 32.7555 69.9355 69.9355
533 32.2863 32.2863 69.4663 69.4663
708 28.0193 28.0193 65.1993 65.1993
720 27.2372 27.2372 64.4172 64.4172
939 24.2029 24.2029 61.3829 61.3829
947 20.5987 20.5987 57.7787 57.7787
2071 19.6959 19.6959 56.8759 56.8759
2150 43.3905 19.6959 80.5705 56.8759
"function evaluation" "current f(x)" "best-so-far f(x)" "current af(x)+b"  "best af(x)+b"
1 210.617 210.617 62.7168 62.7168
2 150.247 150.247 2.34681 2.34681
3 124.706 124.706 -23.1943 -23.1943
5 113.041 113.041 -34.8594 -34.8594
7 74.8308 74.8308 -73.0692 -73.0692
10 56.8382 56.8382 -91.0618 -91.0618
27 51.0391 51.0391 -96.8609 -96.8609
69 48.8372 48.8372 -99.0628 -99.0628
78 35.3451 35.3451 -112.555 -112.555
233 28.346 28.346 -119.554 -119.554
934 26.6388 26.6388 -121.261 -121.261
1189 24.9222 24.9222 -122.978 -122.978
1397 21.801 21.801 -126.099 -126.099
2150 28.152 21.801 -119.748 -126.099
"function evaluation" "current f(x)" "best-so-far f(x)" "current af(x)+b"  "best af(x)+b"
1 152.2 152.2 -69.6904 -69.6904
2 79.9506 79.9506 -141.939 -141.939
20 61.2398 61.2398 -160.65 -160.65
21 60.0926 60.0926 -161.797 -161.797
30 56.6681 56.6681 -165.222 -165.222
47 37.5929 37.5929 -184.297 -184.297
275 30.0559 30.0559 -191.834 -191.834
377 27.5236 27.5236 -194.366 -194.366
757 25.7508 25.7508 -196.139 -196.139
779 25.214 25.214 -196.676 -196.676
901 24.6702 24.6702 -197.22 -197.22
1229 24.6043 24.6043 -197.286 -197.286
1620 23.3321 23.3321 -198.558 -198.558
2150 39.9816 23.3321 -181.908 -198.558
"function evaluation" "current f(x)" "best-so-far f(x)" "current af(x)+b"  "best af(x)+b"
1 161.515 161.515 281.055 281.055
2 81.2376 81.2376 200.778 200.778
4 54.5582 54.5582 174.098 174.098
25 54.5489 54.5489 174.089 174.089
28 38.6416 38.6416 158.182 158.182
195 34.7419 34.7419 154.282 154.282
198 32.7367 32.7367 152.277 152.277
416 32.3601 32.3601 151.9 151.9
426 29.5571 29.5571 149.097 149.097
439 29.1026 29.1026 148.643 148.643
592 27.1361 27.1361 146.676 146.676
757 27.119 27.119 146.659 146.659
824 25.2833 25.2833 144.823 144.823
874 25.2069 25.2069 144.747 144.747
1096 24.1255 24.1255 143.665 143.665
1108 23.2651 23.2651 142.805 142.805
1109 19.133 19.133 138.673 138.673
2102 18.7681 18.7681 138.308 138.308
2150 982.506 18.7681 1102.05 138.308
"function evaluation" "current f(x)" "best-so-far f(x)" "current af(x)+b"  "best af(x)+b"
1 60.0509 60.0509 129.881 129.881
16 59.198 59.198 129.028 129.028
24 57.6076 57.6076 127.438 127.438
91 56.3752 56.3752 126.205 126.205
260 50.6133 50.6133 120.443 120.443
336 46.5992 46.5992 116.429 116.429
428 41.3645 41.3645 111.194 111.194
486 38.6554 38.6554 108.485 108.485
693 36.8289 36.8289 106.659 106.659
1180 36.5644 36.5644 106.394 106.394
1338 30.4478 30.4478 100.278 100.278
2150 45.9787 30.4478 115.809 100.278
"function evaluation" "current f(x)" "best-so-far f(x)" "current af(x)+b"  "best af(x)+b"
1 185.702 185.702 185.772 185.772
3 157.743 157.743 157.813 157.813
5 70.8171 70.8171 70.8871 70.8871
25 69.1406 69.1406 69.2106 69.2106
66 67.3589 67.3589 67.4289 67.4289
67 38.4799 38.4799 38.5499 38.5499
419 38.3156 38.3156 38.3856 38.3856
427 32.5037 32.5037 32.5737 32.5737
521 32.142 32.142 32.212 32.212
815 30.4933 30.4933 30.5633 30.5633
833 26.4625 26.4625 26.5325 26.5325
1206 24.5341 24.5341 24.6041 24.6041
1542 21.5967 21.5967 21.6667 21.6667
2150 37.5441 21.5967 37.6141 21.6667
"function evaluation" "current f(x)" "best-so-far f(x)" "current af(x)+b"  "best af(x)+b"
1 518.057 518.057 523.017 523.017
3 346.812 346.812 351.772 351.772
4 145.599 145.599 150.559 150.559
11 72.6313 72.6313 77.5913 77.5913
88 64.6628 64.6628 69.6228 69.6228
410 59.3116 59.3116 64.2716 64.2716
439 47.8172 47.8172 52.7772 52.7772
797 46.5446 46.5446 51.5046 51.5046
1281 45.4052 45.4052 50.3652 50.3652
1522 43.3105 43.3105 48.2705 48.2705
1776 40.05 40.05 45.01 45.01
2150 75.9686 40.05 80.9286 45.01
"function evaluation" "current f(x)" "best-so-far f(x)" "current af(x)+b"  "best af(x)+b"
1 91.736 91.736 284.036 284.036
5 89.3492 89.3492 281.649 281.649
20 68.823 68.823 261.123 261.123
28 64.738 64.738 257.038 257.038
103 61.6142 61.6142 253.914 253.914
125 41.4562 41.4562 233.756 233.756
318 36.9278 36.9278 229.228 229.228
823 36.0876 36.0876 228.388 228.388
832 35.3075 35.3075 227.607 227.607
993 34.695 34.695 226.995 226.995
1069 34.3185 34.3185 226.618 226.618
1465 33.1253 33.1253 225.425 225.425
1509 31.4979 31.4979 223.798 223.798
2150 53.9373 31.4979 246.237 223.798
"function evaluation" "current f(x)" "best-so-far f(x)" "current af(x)+b"  "best af(x)+b"
1 220.028 220.028 269.738 269.738
2 154.942 154.942 204.652 204.652
4 106.058 106.058 155.768 155.768
12 95.6034 95.6034 145.313 145.313
24 88.1466 88.1466 137.857 137.857
45 71.0609 71.0609 120.771 120.771
62 61.6485 61.6485 111.358 111.358
266 60.2123 60.2123 109.922 109.922
414 56.3018 56.3018 106.012 106.012
425 37.1266 37.1266 86.8366 86.8366
655 33.6485 33.6485 83.3585 83.3585
791 30.7771 30.7771 80.4871 80.4871
1886 27.0624 27.0624 76.7724 76.7724
2150 48.0908 27.0624 97.8008 76.7724
"function evaluation" "current f(x)" "best-so-far f(x)" "current af(x)+b"  "best af(x)+b"
1 295.862 295.862 500.982 500.982
2 114.913 114.913 320.033 320.033
9 79.1041 79.1041 284.224 284.224
18 78.7556 78.7556 283.876 283.876
25 74.3909 74.3909 279.511 279.511
36 61.1117 61.1117 266.232 266.232
53 56.864 56.864 261.984 261.984
94 53.9061 53.9061 259.026 259.026
130 53.2484 53.2484 258.368 258.368
131 51.1608 51.1608 256.281 256.281
148 50.0586 50.0586 255.179 255.179
184 49.6549 49.6549 254.775 254.775
257 39.2257 39.2257 244.346 244.346
484 35.242 35.242 240.362 240.362
733 34.6979 34.6979 239.818 239.818
777 31.7888 31.7888 236.909 236.909
794 28.784 28.784 233.904 233.904
1034 25.0992 25.0992 230.219 230.219
1660 24.4894 24.4894 229.609 229.609
2106 23.8763 23.8763 228.996 228.996
2150 209.639 23.8763 414.759 228.996
"function evaluation" "current f(x)" "best-so-far f(x)" "current af(x)+b"  "best af(x)+b"
1 250.459 250.459 77.5591 77.5591
2 224.36 224.36 51.4602 51.4602
6 134.728 134.728 -38.1725 -38.1725
7 131.611 131.611 -41.2888 -41.2888
9 106.369 106.369 -66.5311 -66.5311
13 94.0947 94.0947 -78.8053 -78.8053
36 57.4185 57.4185 -115.481 -115.481
125 54.3882 54.3882 -118.512 -118.512
129 53.1786 53.1786 -119.721 -119.721
157 49.6054 49.6054 -123.295 -123.295
373 45.2793 45.2793 -127.621 -127.621
404 31.4267 31.4267 -141.473 -141.473
768 30.4063 30.4063 -142.494 -142.494
871 28.8079 28.8079 -144.092 -144.092
1153 26.7229 26.7229 -146.177 -146.177
1640 26.562 26.562 -146.338 -146.338
1651 25.7569 25.7569 -147.143 -147.143
1789 25.6353 25.6353 -147.265 -147.265
2150 275.595 25.6353 102.695 -147.265
"function evaluation" "current f(x)" "best-so-far f(x)" "current af(x)+b"  "best af(x)+b"
1 420.548 420.548 69.9278 69.9278
2 281.269 281.269 -69.3508 -69.3508
3 233.02 233.02 -117.6 -117.6
7 192.474 192.474 -158.146 -158.146
8 114.033 114.033 -236.587 -236.587
27 113.267 113.267 -237.353 -237.353
32 112.224 112.224 -238.396 -238.396
64 91.7126 91.7126 -258.907 -258.907
117 91.1554 91.1554 -259.465 -259.465
126 80.6778 80.6778 -269.942 -269.942
255 80.3397 80.3397 -270.28 -270.28
286 75.8009 75.8009 -274.819 -274.819
293 59.0796 59.0796 -291.54 -291.54
489 57.0855 57.0855 -293.535 -293.535
523 54.5306 54.5306 -296.089 -296.089
582 51.9944 51.9944 -298.626 -298.626
783 51.7418 51.7418 -298.878 -298.878
816 50.6014 50.6014 -300.019 -300.019
820 50.5622 50.5622 -300.058 -300.058
882 44.5093 44.5093 -306.111 -306.111
975 44.3503 44.3503 -306.27 -306.27
1100 40.452 40.452 -310.168 -310.168
1475 37.7503 37.7503 -312.87 -312.87
1548 37.3915 37.3915 -313.228 -313.228
2150 56.3983 37.3915 -294.222 -313.228
"function evaluation" "current f(x)" "best-so-far f(x)" "current af(x)+b"  "best af(x)+b"
1 104.414 104.414 275.494 275.494
5 73.9823 73.9823 245.062 245.062
48 67.7504 67.7504 238.83 238.83
69 53.9816 53.9816 225.062 225.062
199 49.3546 49.3546 220.435 220.435
294 48.9807 48.9807 220.061 220.061
431 48.3988 48.3988 219.479 219.479
443 44.3585 44.3585 215.439 215.439
673 44.1797 44.1797 215.26 215.26
676 35.236 35.236 206.316 206.316
1111 35.0208 35.0208 206.101 206.101
1327 34.7871 34.7871 205.867 205.867
1626 34.5903 34.5903 205.67 205.67
1648 33.5934 33.5934 204.673 204.673
1659 30.656 30.656 201.736 201.736
2150 37.7808 30.656 208.861 201.736
"function evaluation" "current f(x)" "best-so-far f(x)" "current af(x)+b"  "best af(x)+b"
1 114.438 114.438 208.118 208.118
7 112.024 112.024 205.704 205.704
8 89.86 89.86 183.54 183.54
9 84.0825 84.0825 177.763 177.763
22 83.9087 83.9087 177.589 177.589
23 73.4546 73.4546 167.135 167.135
29 51.6168 51.6168 145.297 145.297
201 41.4616 41.4616 135.142 135.142
247 33.6705 33.6705 127.351 127.351
376 32.6812 32.6812 126.361 126.361
527 30.7591 30.7591 124.439 124.439
753 27.2354 27.2354 120.915 120.915
760 24.2992 24.2992 117.979 117.979
770 22.941 22.941 116.621 116.621
1146 20.6739 20.6739 114.354 114.354
1648 19.4491 19.4491 113.129 113.129
1713 18.5242 18.5242 112.204 112.204
2150 51.854 18.5242 145.534 112.204
"function evaluation" "current f(x)" "best-so-far f(x)" "current af(x)+b"  "best af(x)+b"
1 71.9393 71.9393 -167.231 -167.231
14 59.659 59.659 -179.511 -179.511
20 56.919 56.919 -182.251 -182.251
23 53.9344 53.9344 -185.236 -185.236
55 48.9544 48.9544 -190.216 -190.216
68 48.508 48.508 -190.662 -190.662
185 48.4864 48.4864 -190.684 -190.684
195 42.0709 42.0709 -197.099 -197.099
234 37.3298 37.3298 -201.84 -201.84
340 36.3818 36.3818 -202.788 -202.788
405 31.7625 31.7625 -207.408 -207.408
451 28.9097 28.9097 -210.26 -210.26
1147 25.7912 25.7912 -213.379 -213.379
1397 22.1026 22.1026 -217.067 -217.067
2150 36.8954 22.1026 -202.275 -217.067
"function evaluation" "current f(x)" "best-so-far f(x)" "current af(x)+b"  "best af(x)+b"
1 92.8972 92.8972 214.587 214.587
7 74.3554 74.3554 196.045 196.045
8 74.0113 74.0113 195.701 195.701
18 39.3581 39.3581 161.048 161.048
144 38.7959 38.7959 160.486 160.486
183 32.2341 32.2341 153.924 153.924
469 28.1854 28.1854 149.875 149.875
471 26.7089 26.7089 148.399 148.399
760 24.9069 24.9069 146.597 146.597
778 23.6645 23.6645 145.354 145.354
783 23.5902 23.5902 145.28 145.28
825 23.2058 23.2058 144.896 144.896
847 20.3006 20.3006 141.991 141.991
919 20.0193 20.0193 141.709 141.709
1357 19.4284 19.4284 141.118 141.118
1600 18.7189 18.7189 140.409 140.409
2062 17.3895 17.3895 139.079 139.079
2150 348.148 17.3895 469.838 139.079
"function evaluation" "current f(x)" "best-so-far f(x)" "current af(x)+b"  "best af(x)+b"
1 190.373 190.373 200.503 200.503
11 185.292 185.292 195.422 195.422
13 144.605 144.605 154.735 154.735
19 112.605 112.605 122.735 122.735
85 111.19 111.19 121.32 121.32
120 111.124 111.124 121.254 121.254
125 108.954 108.954 119.084 119.084
131 103.029 103.029 113.159 113.159
153 102.322 102.322 112.452 112.452
209 92.1727 92.1727 102.303 102.303
223 68.8781 68.8781 79.0081 79.0081
538 67.0619 67.0619 77.1919 77.1919
658 58.4806 58.4806 68.6106 68.6106
749 55.2866 55.2866 65.4166 65.4166
769 55.0877 55.0877 65.2177 65.2177
776 47.713 47.713 57.843 57.843
1641 44.0654 44.0654 54.1954 54.1954
1938 40.6481 40.6481 50.7781 50.7781
2150 63.4796 40.6481 73.6096 50.7781
"function evaluation" "current f(x)" "best-so-far f(x)" "current af(x)+b"  "best af(x)+b"
1 134.749 134.749 175.349 175.349
2 93.8806 93.8806 134.481 134.481
4 81.4633 81.4633 122.063 122.063
19 77.2267 77.2267 117.827 117.827
40 63.6775 63.6775 104.278 104.278
65 59.8567 59.8567 100.457 100.457
91 55.297 55.297 95.897 95.897
95 35.0148 35.0148 75.6148 75.6148
404 25.3319 25.3319 65.9319 65.9319
1186 25.1763 25.1763 65.7763 65.7763
1278 23.469 23.469 64.069 64.069
1553 23.2632 23.2632 63.8632 63.8632
2150 40.0076 23.2632 80.6076 63.8632
"function evaluation" "current f(x)" "best-so-far f(x)" "current af(x)+b"  "best af(x)+b"
1 157.036 157.036 203.376 203.376
5 145.597 145.597 191.937 191.937
7 93.8528 93.8528 140.193 140.193
8 81.1453 81.1453 127.485 127.485
59 72.9413 72.9413 119.281 119.281
85 67.0696 67.0696 113.41 113.41
142 54.1638 54.1638 100.504 100.504
401 40.2815 40.2815 86.6215 86.6215
410 38.3626 38.3626 84.7026 84.7026
497 33.0941 33.0941 79.4341 79.4341
650 32.9319 32.9319 79.2719 79.2719
662 29.9241 29.9241 76.2641 76.2641
665 28.5554 28.5554 74.8954 74.8954
704 24.0395 24.0395 70.3795 70.3795
1212 22.9489 22.9489 69.2889 69.2889
1511 22.8821 22.8821 69.2221 69.2221
1684 22.6401 22.6401 68.9801 68.9801
1822 20.1686 20.1686 66.5086 66.5086
2016 18.7851 18.7851 65.1251 65.1251
2150 99.7139 18.7851 146.054 65.1251
"function evaluation" "current f(x)" "best-so-far f(x)" "current af(x)+b"  "best af(x)+b"
1 208.787 208.787 -32.3032 -32.3032
3 90.9375 90.9375 -150.153 -150.153
10 69.2021 69.2021 -171.888 -171.888
28 56.9062 56.9062 -184.184 -184.184
79 48.7424 48.7424 -192.348 -192.348
123 48.3035 48.3035 -192.786 -192.786
375 46.1873 46.1873 -194.903 -194.903
417 42.5097 42.5097 -198.58 -198.58
438 39.2918 39.2918 -201.798 -201.798
444 38.9461 38.9461 -202.144 -202.144
585 37.194 37.194 -203.896 -203.896
680 35.8305 35.8305 -205.26 -205.26
759 33.8267 33.8267 -207.263 -207.263
951 31.3041 31.3041 -209.786 -209.786
1039 29.9698 29.9698 -211.12 -211.12
1104 29.4802 29.4802 -211.61 -211.61
1492 29.2665 29.2665 -211.824 -211.824
1714 26.2217 26.2217 -214.868 -214.868
2150 46.9175 26.2217 -194.173 -214.868
"function evaluation" "current f(x)" "best-so-far f(x)" "current af(x)+b"  "best af(x)+b"
1 203.05 203.05 36.17 36.17
4 156.5 156.5 -10.3803 -10.3803
5 147.417 147.417 -19.4626 -19.4626
10 135.787 135.787 -31.0933 -31.0933
11 74.729 74.729 -92.151 -92.151
26 74.1634 74.1634 -92.7166 -92.7166
63 63.2421 63.2421 -103.638 -103.638
110 48.0953 48.0953 -118.785 -118.785
175 46.9852 46.9852 -119.895 -119.895
176 44.2328 44.2328 -122.647 -122.647
265 42.4928 42.4928 -124.387 -124.387
420 40.5646 40.5646 -126.315 -126.315
422 38.0268 38.0268 -128.853 -128.853
434 28.249 28.249 -138.631 -138.631
463 24.5403 24.5403 -142.34 -142.34
633 24.2499 24.2499 -142.63 -142.63
776 19.8642 19.8642 -147.016 -147.016
801 18.3975 18.3975 -148.482 -148.482
1039 18.173 18.173 -148.707 -148.707
1114 16.7896 16.7896 -150.09 -150.09
1288 16.5385 16.5385 -150.342 -150.342
1296 14.8034 14.8034 -152.077 -152.077
1497 13.5302 13.5302 -153.35 -153.35
1824 12.8473 12.8473 -154.033 -154.033
1861 12.2564 12.2564 -154.624 -154.624
2150 19.7405 12.2564 -147.14 -154.624
"function evaluation" "current f(x)" "best-so-far f(x)" "current af(x)+b"  "best af(x)+b"
1 148.121 148.121 -198.289 -198.289
5 146.541 146.541 -199.869 -199.869
9 105.528 105.528 -240.882 -240.882
26 100.754 100.754 -245.656 -245.656
30 85.0498 85.0498 -261.36 -261.36
74 82.6429 82.6429 -263.767 -263.767
80 80.2863 80.2863 -266.124 -266.124
82 66.8617 66.8617 -279.548 -279.548
104 60.8485 60.8485 -285.562 -285.562
223 53.984 53.984 -292.426 -292.426
442 45.0151 45.0151 -301.395 -301.395
834 41.9765 41.9765 -304.434 -304.434
860 40.9436 40.9436 -305.466 -305.466
902 37.3095 37.3095 -309.1 -309.1
1524 36.9684 36.9684 -309.442 -309.442
1656 34.6191 34.6191 -311.791 -311.791
1878 29.6327 29.6327 -316.777 -316.777
2150 68.5095 29.6327 -277.9 -316.777
