"function evaluation" "current f(x)" "best-so-far f(x)" "current af(x)+b"  "best af(x)+b"
1 366301 366301 366425 366425
3 297108 297108 297232 297232
7 265417 265417 265541 265541
14 186569 186569 186692 186692
15 163726 163726 163850 163850
39 159330 159330 159454 159454
102 69248.4 69248.4 69372.2 69372.2
108 48049.7 48049.7 48173.5 48173.5
147 23293.5 23293.5 23417.3 23417.3
306 11461.7 11461.7 11585.5 11585.5
313 7626.85 7626.85 7750.68 7750.68
200050 9.50533e+79 7626.85 9.50533e+79 7750.68
"function evaluation" "current f(x)" "best-so-far f(x)" "current af(x)+b"  "best af(x)+b"
1 308296 308296 308343 308343
2 307139 307139 307187 307187
7 135755 135755 135803 135803
13 131998 131998 132046 132046
19 120509 120509 120556 120556
44 119732 119732 119780 119780
46 89011.1 89011.1 89058.6 89058.6
102 60103.3 60103.3 60150.9 60150.9
108 45976.5 45976.5 46024 46024
119 23517.4 23517.4 23564.9 23564.9
321 16156.6 16156.6 16204.1 16204.1
428 5652.1 5652.1 5699.61 5699.61
623 3670.39 3670.39 3717.9 3717.9
803 3602.52 3602.52 3650.03 3650.03
832 2696.99 2696.99 2744.5 2744.5
904 2295.6 2295.6 2343.11 2343.11
200050 2.67171e+49 2295.6 2.67171e+49 2343.11
"function evaluation" "current f(x)" "best-so-far f(x)" "current af(x)+b"  "best af(x)+b"
1 335766 335766 335821 335821
3 318572 318572 318628 318628
5 202981 202981 203036 203036
8 188668 188668 188723 188723
9 187587 187587 187643 187643
21 66004.2 66004.2 66059.6 66059.6
105 25012.9 25012.9 25068.2 25068.2
136 19100.2 19100.2 19155.6 19155.6
148 18582.3 18582.3 18637.6 18637.6
302 13487.8 13487.8 13543.1 13543.1
324 12367.6 12367.6 12422.9 12422.9
350 11838.5 11838.5 11893.8 11893.8
417 10584.8 10584.8 10640.2 10640.2
503 6169.31 6169.31 6224.65 6224.65
517 2287.3 2287.3 2342.64 2342.64
929 2209.45 2209.45 2264.79 2264.79
1138 1637.62 1637.62 1692.96 1692.96
1240 1557.95 1557.95 1613.29 1613.29
1347 1468.3 1468.3 1523.64 1523.64
200050 3.13449e+119 1468.3 3.13449e+119 1523.64
"function evaluation" "current f(x)" "best-so-far f(x)" "current af(x)+b"  "best af(x)+b"
1 478124 478124 478034 478034
2 306837 306837 306746 306746
5 176008 176008 175918 175918
13 149856 149856 149765 149765
15 137055 137055 136964 136964
24 135558 135558 135468 135468
40 109697 109697 109607 109607
45 62987 62987 62896.7 62896.7
122 58748.3 58748.3 58658 58658
138 38362.2 38362.2 38271.9 38271.9
206 27999.9 27999.9 27909.6 27909.6
507 26838.4 26838.4 26748.1 26748.1
525 9587.16 9587.16 9496.83 9496.83
635 9572.75 9572.75 9482.42 9482.42
805 6698.12 6698.12 6607.79 6607.79
911 5176.09 5176.09 5085.76 5085.76
1115 3685.19 3685.19 3594.86 3594.86
1446 2744.05 2744.05 2653.72 2653.72
200050 2.30596e+69 2744.05 2.30596e+69 2653.72
"function evaluation" "current f(x)" "best-so-far f(x)" "current af(x)+b"  "best af(x)+b"
1 351890 351890 351955 351955
5 291419 291419 291485 291485
18 162622 162622 162687 162687
23 92135.2 92135.2 92200.8 92200.8
108 48420.6 48420.6 48486.2 48486.2
216 15820.2 15820.2 15885.8 15885.8
644 10590.1 10590.1 10655.7 10655.7
200050 5.93084e+61 10590.1 5.93084e+61 10655.7
"function evaluation" "current f(x)" "best-so-far f(x)" "current af(x)+b"  "best af(x)+b"
1 334011 334011 333721 333721
3 314229 314229 313939 313939
6 248376 248376 248086 248086
7 211255 211255 210965 210965
10 162470 162470 162180 162180
31 145208 145208 144918 144918
101 28452.4 28452.4 28162.4 28162.4
226 26060.8 26060.8 25770.7 25770.7
236 24841.2 24841.2 24551.1 24551.1
306 12525.8 12525.8 12235.7 12235.7
330 11753.1 11753.1 11463 11463
534 10763.9 10763.9 10473.8 10473.8
609 9040.97 9040.97 8750.89 8750.89
612 3741.52 3741.52 3451.44 3451.44
836 1257.04 1257.04 966.962 966.962
904 1186.66 1186.66 896.583 896.583
200050 7.92713e+81 1186.66 7.92713e+81 896.583
"function evaluation" "current f(x)" "best-so-far f(x)" "current af(x)+b"  "best af(x)+b"
1 234249 234249 234274 234274
19 164199 164199 164224 164224
25 149749 149749 149775 149775
102 81184.1 81184.1 81209.2 81209.2
105 65478.7 65478.7 65503.8 65503.8
130 41907.4 41907.4 41932.5 41932.5
146 38803.3 38803.3 38828.4 38828.4
149 37862.9 37862.9 37888 37888
206 25145.5 25145.5 25170.6 25170.6
414 18262.3 18262.3 18287.4 18287.4
521 17504.8 17504.8 17529.9 17529.9
539 14989.7 14989.7 15014.8 15014.8
631 7116.23 7116.23 7141.33 7141.33
742 3570.91 3570.91 3596.01 3596.01
1107 3475.43 3475.43 3500.53 3500.53
200050 1.06773e+70 3475.43 1.06773e+70 3500.53
"function evaluation" "current f(x)" "best-so-far f(x)" "current af(x)+b"  "best af(x)+b"
1 261601 261601 261514 261514
2 125303 125303 125215 125215
101 12604.2 12604.2 12516.7 12516.7
535 8597.71 8597.71 8510.15 8510.15
538 4987.51 4987.51 4899.95 4899.95
929 3578.78 3578.78 3491.22 3491.22
1002 2988.75 2988.75 2901.19 2901.19
200050 7.67563e+52 2988.75 7.67563e+52 2901.19
"function evaluation" "current f(x)" "best-so-far f(x)" "current af(x)+b"  "best af(x)+b"
1 724505 724505 724565 724565
2 254053 254053 254113 254113
9 233684 233684 233744 233744
12 173762 173762 173822 173822
42 120375 120375 120435 120435
102 56708.8 56708.8 56768.8 56768.8
118 51479.2 51479.2 51539.2 51539.2
150 25265.7 25265.7 25325.8 25325.8
303 19552 19552 19612.1 19612.1
431 11926.5 11926.5 11986.6 11986.6
541 8659 8659 8719.07 8719.07
637 8156.23 8156.23 8216.3 8216.3
707 6498.75 6498.75 6558.82 6558.82
816 6048.71 6048.71 6108.78 6108.78
1303 3729.24 3729.24 3789.31 3789.31
2319 3615.76 3615.76 3675.83 3675.83
200050 2.16066e+69 3615.76 2.16066e+69 3675.83
"function evaluation" "current f(x)" "best-so-far f(x)" "current af(x)+b"  "best af(x)+b"
1 435288 435288 435151 435151
2 425045 425045 424909 424909
3 332559 332559 332423 332423
5 258554 258554 258418 258418
7 235696 235696 235559 235559
10 234006 234006 233870 233870
16 90588.2 90588.2 90451.5 90451.5
106 73959.6 73959.6 73823 73823
108 25376.8 25376.8 25240.2 25240.2
145 16659.4 16659.4 16522.7 16522.7
449 6930.3 6930.3 6793.67 6793.67
609 3028.61 3028.61 2891.98 2891.98
824 1738.76 1738.76 1602.13 1602.13
200050 1.33926e+86 1738.76 1.33926e+86 1602.13
"function evaluation" "current f(x)" "best-so-far f(x)" "current af(x)+b"  "best af(x)+b"
1 234088 234088 234252 234252
3 103514 103514 103678 103678
18 85669 85669 85832.9 85832.9
101 61005.2 61005.2 61169.1 61169.1
106 59991.5 59991.5 60155.4 60155.4
111 27136.9 27136.9 27300.8 27300.8
131 17629.2 17629.2 17793.1 17793.1
336 11705.6 11705.6 11869.6 11869.6
513 8084.56 8084.56 8248.49 8248.49
940 5569.92 5569.92 5733.85 5733.85
1001 5021.56 5021.56 5185.49 5185.49
200050 5.07274e+76 5021.56 5.07274e+76 5185.49
"function evaluation" "current f(x)" "best-so-far f(x)" "current af(x)+b"  "best af(x)+b"
1 268206 268206 268156 268156
2 115152 115152 115102 115102
104 40086.6 40086.6 40036.6 40036.6
111 21250.4 21250.4 21200.4 21200.4
420 17450 17450 17400 17400
433 6032.29 6032.29 5982.27 5982.27
200050 1.25659e+74 6032.29 1.25659e+74 5982.27
"function evaluation" "current f(x)" "best-so-far f(x)" "current af(x)+b"  "best af(x)+b"
1 458986 458986 459575 459575
3 247104 247104 247692 247692
14 106646 106646 107235 107235
101 96650.1 96650.1 97239 97239
102 19110.6 19110.6 19699.5 19699.5
233 13363.7 13363.7 13952.6 13952.6
509 10872.5 10872.5 11461.4 11461.4
540 5075.75 5075.75 5664.61 5664.61
802 3758.01 3758.01 4346.87 4346.87
804 2673.75 2673.75 3262.61 3262.61
927 2285.68 2285.68 2874.54 2874.54
1028 2173.35 2173.35 2762.21 2762.21
200050 4.98284e+55 2173.35 4.98284e+55 2762.21
"function evaluation" "current f(x)" "best-so-far f(x)" "current af(x)+b"  "best af(x)+b"
1 312612 312612 312579 312579
4 295339 295339 295306 295306
6 294765 294765 294732 294732
8 206682 206682 206649 206649
10 163810 163810 163777 163777
38 141128 141128 141095 141095
46 116214 116214 116181 116181
101 105628 105628 105595 105595
103 42817 42817 42784.1 42784.1
117 28617.1 28617.1 28584.2 28584.2
235 26953 26953 26920.1 26920.1
321 26548.2 26548.2 26515.3 26515.3
339 14268.3 14268.3 14235.3 14235.3
402 13353.6 13353.6 13320.6 13320.6
409 13057.5 13057.5 13024.6 13024.6
507 5569.12 5569.12 5536.18 5536.18
812 5482.27 5482.27 5449.33 5449.33
828 2814.29 2814.29 2781.35 2781.35
200050 1.12794e+72 2814.29 1.12794e+72 2781.35
"function evaluation" "current f(x)" "best-so-far f(x)" "current af(x)+b"  "best af(x)+b"
1 996993 996993 996882 996882
2 261299 261299 261188 261188
4 182282 182282 182170 182170
13 180630 180630 180519 180519
30 127179 127179 127067 127067
101 123688 123688 123577 123577
102 29430.4 29430.4 29318.8 29318.8
108 8834.81 8834.81 8723.19 8723.19
516 7772.05 7772.05 7660.43 7660.43
2038 4851.36 4851.36 4739.74 4739.74
200050 8.5989e+70 4851.36 8.5989e+70 4739.74
"function evaluation" "current f(x)" "best-so-far f(x)" "current af(x)+b"  "best af(x)+b"
1 185721 185721 185989 185989
7 183134 183134 183402 183402
14 147590 147590 147859 147859
103 114456 114456 114724 114724
107 32214.6 32214.6 32482.7 32482.7
120 10685.6 10685.6 10953.8 10953.8
334 9763.33 9763.33 10031.4 10031.4
611 5983.17 5983.17 6251.29 6251.29
718 4104.79 4104.79 4372.91 4372.91
816 2969.22 2969.22 3237.34 3237.34
1223 2539.93 2539.93 2808.05 2808.05
200050 1.14542e+60 2539.93 1.14542e+60 2808.05
"function evaluation" "current f(x)" "best-so-far f(x)" "current af(x)+b"  "best af(x)+b"
1 528438 528438 528259 528259
2 410276 410276 410097 410097
3 306309 306309 306130 306130
4 164432 164432 164253 164253
6 144896 144896 144717 144717
34 98417.6 98417.6 98238.5 98238.5
104 94968.2 94968.2 94789.1 94789.1
105 82771.4 82771.4 82592.3 82592.3
108 46592.3 46592.3 46413.2 46413.2
203 23773.1 23773.1 23593.9 23593.9
303 23428.6 23428.6 23249.5 23249.5
317 22454.9 22454.9 22275.7 22275.7
333 12572.9 12572.9 12393.8 12393.8
729 11141.8 11141.8 10962.7 10962.7
743 8528.67 8528.67 8349.56 8349.56
805 7266.82 7266.82 7087.71 7087.71
811 5957.51 5957.51 5778.4 5778.4
1013 3672.61 3672.61 3493.5 3493.5
1047 1733.89 1733.89 1554.78 1554.78
200050 1.81262e+103 1733.89 1.81262e+103 1554.78
"function evaluation" "current f(x)" "best-so-far f(x)" "current af(x)+b"  "best af(x)+b"
1 418787 418787 419055 419055
3 145461 145461 145729 145729
32 106172 106172 106440 106440
102 89116 89116 89383.8 89383.8
105 77367.2 77367.2 77635 77635
114 49965.3 49965.3 50233.1 50233.1
115 42542.1 42542.1 42809.9 42809.9
134 40495.5 40495.5 40763.3 40763.3
320 23828.5 23828.5 24096.3 24096.3
334 9563.87 9563.87 9831.65 9831.65
335 8275.35 8275.35 8543.13 8543.13
521 7441.57 7441.57 7709.35 7709.35
547 6348.98 6348.98 6616.76 6616.76
716 6205.01 6205.01 6472.79 6472.79
742 3426.39 3426.39 3694.17 3694.17
200050 1.12894e+62 3426.39 1.12894e+62 3694.17
"function evaluation" "current f(x)" "best-so-far f(x)" "current af(x)+b"  "best af(x)+b"
1 166720 166720 166689 166689
102 158216 158216 158184 158184
105 91394.1 91394.1 91363 91363
108 54105.5 54105.5 54074.4 54074.4
123 38877.3 38877.3 38846.2 38846.2
203 38674.6 38674.6 38643.5 38643.5
224 24216.4 24216.4 24185.3 24185.3
225 10427.5 10427.5 10396.4 10396.4
505 5259.56 5259.56 5228.49 5228.49
602 3291.98 3291.98 3260.91 3260.91
738 2040.32 2040.32 2009.25 2009.25
200050 4.89689e+79 2040.32 4.89689e+79 2009.25
"function evaluation" "current f(x)" "best-so-far f(x)" "current af(x)+b"  "best af(x)+b"
1 273570 273570 273843 273843
2 254264 254264 254537 254537
3 233024 233024 233297 233297
7 205343 205343 205615 205615
8 176247 176247 176520 176520
9 168701 168701 168974 168974
10 100246 100246 100519 100519
101 50617.6 50617.6 50890.4 50890.4
110 40415.9 40415.9 40688.7 40688.7
133 25991.8 25991.8 26264.6 26264.6
210 21447 21447 21719.8 21719.8
213 14943.1 14943.1 15215.9 15215.9
323 14060.1 14060.1 14332.9 14332.9
506 12134.4 12134.4 12407.2 12407.2
510 10347.5 10347.5 10620.3 10620.3
540 7215.26 7215.26 7488.06 7488.06
633 7172.32 7172.32 7445.12 7445.12
637 4159.97 4159.97 4432.77 4432.77
819 3527.75 3527.75 3800.55 3800.55
200050 7.6162e+55 3527.75 7.6162e+55 3800.55
"function evaluation" "current f(x)" "best-so-far f(x)" "current af(x)+b"  "best af(x)+b"
1 436779 436779 436798 436798
2 231753 231753 231773 231773
4 148108 148108 148127 148127
27 141376 141376 141395 141395
32 136435 136435 136455 136455
101 46411.7 46411.7 46431.2 46431.2
114 36715 36715 36734.4 36734.4
140 14887.9 14887.9 14907.3 14907.3
429 5276.96 5276.96 5296.4 5296.4
515 3956.11 3956.11 3975.55 3975.55
714 1985.88 1985.88 2005.32 2005.32
200050 5.58445e+70 1985.88 5.58445e+70 2005.32
"function evaluation" "current f(x)" "best-so-far f(x)" "current af(x)+b"  "best af(x)+b"
1 335644 335644 335185 335185
2 198978 198978 198520 198520
10 136582 136582 136123 136123
102 130902 130902 130443 130443
104 130250 130250 129791 129791
112 62100.7 62100.7 61642.4 61642.4
124 55282.1 55282.1 54823.8 54823.8
125 39025.7 39025.7 38567.4 38567.4
206 27076.1 27076.1 26617.7 26617.7
316 24613.8 24613.8 24155.4 24155.4
418 7912.23 7912.23 7453.89 7453.89
432 7028.05 7028.05 6569.71 6569.71
546 2971.41 2971.41 2513.07 2513.07
200050 1.19712e+51 2971.41 1.19712e+51 2513.07
"function evaluation" "current f(x)" "best-so-far f(x)" "current af(x)+b"  "best af(x)+b"
1 388315 388315 388533 388533
2 87619.6 87619.6 87838.5 87838.5
104 80798.2 80798.2 81017 81017
105 49017.8 49017.8 49236.6 49236.6
111 17120.8 17120.8 17339.6 17339.6
324 16001.2 16001.2 16220 16220
404 7706.82 7706.82 7925.63 7925.63
546 7571.44 7571.44 7790.25 7790.25
706 5022.62 5022.62 5241.43 5241.43
805 2836.77 2836.77 3055.58 3055.58
929 2523.33 2523.33 2742.14 2742.14
935 2172.08 2172.08 2390.89 2390.89
1231 1397.97 1397.97 1616.78 1616.78
200050 6.74168e+69 1397.97 6.74168e+69 1616.78
"function evaluation" "current f(x)" "best-so-far f(x)" "current af(x)+b"  "best af(x)+b"
1 420819 420819 420658 420658
2 314123 314123 313961 313961
4 261030 261030 260869 260869
8 193551 193551 193390 193390
16 179498 179498 179336 179336
29 101527 101527 101365 101365
104 43919.2 43919.2 43757.9 43757.9
116 27096.1 27096.1 26934.8 26934.8
131 22742.4 22742.4 22581.1 22581.1
204 19248.4 19248.4 19087.1 19087.1
408 13180.9 13180.9 13019.6 13019.6
424 6729.45 6729.45 6568.14 6568.14
521 6391.11 6391.11 6229.8 6229.8
609 4377.67 4377.67 4216.36 4216.36
706 2418.5 2418.5 2257.19 2257.19
1421 2048.89 2048.89 1887.58 1887.58
200050 6.24341e+69 2048.89 6.24341e+69 1887.58
"function evaluation" "current f(x)" "best-so-far f(x)" "current af(x)+b"  "best af(x)+b"
1 518613 518613 517613 517613
3 407607 407607 406607 406607
4 290704 290704 289704 289704
9 81370.4 81370.4 80370.4 80370.4
30 80892.4 80892.4 79892.4 79892.4
103 66016.2 66016.2 65016.2 65016.2
113 51135.2 51135.2 50135.2 50135.2
124 30337.6 30337.6 29337.6 29337.6
207 19447.3 19447.3 18447.3 18447.3
302 9462.96 9462.96 8462.96 8462.96
618 8228.31 8228.31 7228.31 7228.31
712 5310.52 5310.52 4310.52 4310.52
748 1937.3 1937.3 937.303 937.303
200050 1.70985e+101 1937.3 1.70985e+101 937.303
