"function evaluation" "current f(x)" "best-so-far f(x)" "current af(x)+b"  "best af(x)+b"
1 2136.18 2136.18 1674.09 1674.09
2 389.815 389.815 -72.2747 -72.2747
6 93.303 93.303 -368.787 -368.787
205 76.1608 76.1608 -385.929 -385.929
293 59.4964 59.4964 -402.594 -402.594
513 59.1995 59.1995 -402.891 -402.891
667 44.9017 44.9017 -417.188 -417.188
753 38.1416 38.1416 -423.948 -423.948
850 130.163 38.1416 -331.927 -423.948
"function evaluation" "current f(x)" "best-so-far f(x)" "current af(x)+b"  "best af(x)+b"
1 3510.31 3510.31 3587.97 3587.97
2 488.748 488.748 566.408 566.408
4 117.751 117.751 195.411 195.411
132 98.0018 98.0018 175.662 175.662
201 64.9215 64.9215 142.581 142.581
512 48.3183 48.3183 125.978 125.978
850 214.233 48.3183 291.893 125.978
"function evaluation" "current f(x)" "best-so-far f(x)" "current af(x)+b"  "best af(x)+b"
1 6614.86 6614.86 6730.54 6730.54
2 412.641 412.641 528.321 528.321
8 175.504 175.504 291.184 291.184
49 92.5673 92.5673 208.247 208.247
189 84.6013 84.6013 200.281 200.281
391 60.7337 60.7337 176.414 176.414
763 60.2407 60.2407 175.921 175.921
850 284.685 60.2407 400.365 175.921
"function evaluation" "current f(x)" "best-so-far f(x)" "current af(x)+b"  "best af(x)+b"
1 2415.55 2415.55 2411.84 2411.84
2 1848.53 1848.53 1844.82 1844.82
4 705.967 705.967 702.257 702.257
5 378.928 378.928 375.218 375.218
6 196.079 196.079 192.369 192.369
7 123.352 123.352 119.642 119.642
258 106.763 106.763 103.053 103.053
414 67.0855 67.0855 63.3755 63.3755
568 65.0302 65.0302 61.3202 61.3202
850 244.341 65.0302 240.631 61.3202
"function evaluation" "current f(x)" "best-so-far f(x)" "current af(x)+b"  "best af(x)+b"
1 266.543 266.543 398.723 398.723
3 182.97 182.97 315.15 315.15
19 181.082 181.082 313.262 313.262
43 157.586 157.586 289.766 289.766
48 117.422 117.422 249.602 249.602
161 107.034 107.034 239.214 239.214
220 92.1525 92.1525 224.333 224.333
505 65.5558 65.5558 197.736 197.736
850 157.953 65.5558 290.133 197.736
"function evaluation" "current f(x)" "best-so-far f(x)" "current af(x)+b"  "best af(x)+b"
1 795.712 795.712 210.982 210.982
6 657.326 657.326 72.5961 72.5961
7 604.986 604.986 20.2559 20.2559
10 435.957 435.957 -148.773 -148.773
14 193.332 193.332 -391.398 -391.398
120 191.639 191.639 -393.091 -393.091
136 110.917 110.917 -473.813 -473.813
211 89.4865 89.4865 -495.244 -495.244
788 84.3964 84.3964 -500.334 -500.334
822 72.3184 72.3184 -512.412 -512.412
850 205.186 72.3184 -379.544 -512.412
"function evaluation" "current f(x)" "best-so-far f(x)" "current af(x)+b"  "best af(x)+b"
1 9573.44 9573.44 9536.9 9536.9
2 280.767 280.767 244.227 244.227
8 154.355 154.355 117.815 117.815
20 105.589 105.589 69.0489 69.0489
247 45.8482 45.8482 9.30817 9.30817
512 40.3604 40.3604 3.8204 3.8204
850 3823.4 40.3604 3786.86 3.8204
"function evaluation" "current f(x)" "best-so-far f(x)" "current af(x)+b"  "best af(x)+b"
1 531.896 531.896 1531.9 1531.9
4 351.387 351.387 1351.39 1351.39
10 318.876 318.876 1318.88 1318.88
14 282.856 282.856 1282.86 1282.86
17 199.94 199.94 1199.94 1199.94
28 119.604 119.604 1119.6 1119.6
48 107.854 107.854 1107.85 1107.85
191 104.365 104.365 1104.37 1104.37
215 74.3096 74.3096 1074.31 1074.31
349 68.857 68.857 1068.86 1068.86
351 55.1025 55.1025 1055.1 1055.1
675 51.8703 51.8703 1051.87 1051.87
850 599.628 51.8703 1599.63 1051.87
"function evaluation" "current f(x)" "best-so-far f(x)" "current af(x)+b"  "best af(x)+b"
1 286.037 286.037 332.647 332.647
10 200.086 200.086 246.696 246.696
21 113.441 113.441 160.051 160.051
39 47.0999 47.0999 93.7099 93.7099
850 121.461 47.0999 168.071 93.7099
"function evaluation" "current f(x)" "best-so-far f(x)" "current af(x)+b"  "best af(x)+b"
1 1083.16 1083.16 818.853 818.853
2 196.958 196.958 -67.3518 -67.3518
16 95.7467 95.7467 -168.563 -168.563
44 83.5482 83.5482 -180.762 -180.762
210 70.4175 70.4175 -193.893 -193.893
586 60.726 60.726 -203.584 -203.584
850 332.504 60.726 68.1937 -203.584
"function evaluation" "current f(x)" "best-so-far f(x)" "current af(x)+b"  "best af(x)+b"
1 10456.2 10456.2 10528.9 10528.9
2 10010 10010 10082.7 10082.7
3 510.008 510.008 582.738 582.738
4 231.593 231.593 304.323 304.323
7 169.845 169.845 242.575 242.575
111 155.007 155.007 227.737 227.737
139 143.506 143.506 216.236 216.236
161 138.099 138.099 210.829 210.829
165 86.8744 86.8744 159.604 159.604
561 86.1118 86.1118 158.842 158.842
614 68.078 68.078 140.808 140.808
615 50.1272 50.1272 122.857 122.857
850 240.951 50.1272 313.681 122.857
"function evaluation" "current f(x)" "best-so-far f(x)" "current af(x)+b"  "best af(x)+b"
1 266.905 266.905 403.775 403.775
9 179.494 179.494 316.364 316.364
47 101.749 101.749 238.619 238.619
173 86.385 86.385 223.255 223.255
231 54.4382 54.4382 191.308 191.308
850 6250.92 54.4382 6387.79 191.308
"function evaluation" "current f(x)" "best-so-far f(x)" "current af(x)+b"  "best af(x)+b"
1 525.068 525.068 547.028 547.028
6 435.694 435.694 457.654 457.654
7 242.145 242.145 264.105 264.105
9 149.586 149.586 171.546 171.546
17 119.134 119.134 141.094 141.094
46 79.3754 79.3754 101.335 101.335
169 65.08 65.08 87.04 87.04
518 48.8627 48.8627 70.8227 70.8227
554 45.2456 45.2456 67.2056 67.2056
595 40.3821 40.3821 62.3421 62.3421
722 36.8596 36.8596 58.8196 58.8196
850 7264.28 36.8596 7286.24 58.8196
"function evaluation" "current f(x)" "best-so-far f(x)" "current af(x)+b"  "best af(x)+b"
1 7059.52 7059.52 7038.13 7038.13
2 602.722 602.722 581.332 581.332
4 601.255 601.255 579.865 579.865
5 308.986 308.986 287.596 287.596
10 260.717 260.717 239.327 239.327
12 181.986 181.986 160.596 160.596
39 168.48 168.48 147.09 147.09
103 141.804 141.804 120.414 120.414
118 133.466 133.466 112.076 112.076
124 117.217 117.217 95.827 95.827
183 108.292 108.292 86.9016 86.9016
219 76.521 76.521 55.131 55.131
596 55.004 55.004 33.614 33.614
850 92.5879 55.004 71.1979 33.614
"function evaluation" "current f(x)" "best-so-far f(x)" "current af(x)+b"  "best af(x)+b"
1 11185.8 11185.8 11703.5 11703.5
2 195.511 195.511 713.171 713.171
17 165.177 165.177 682.837 682.837
123 143.728 143.728 661.388 661.388
348 100.793 100.793 618.453 618.453
571 84.1538 84.1538 601.814 601.814
580 67.3657 67.3657 585.026 585.026
643 52.8701 52.8701 570.53 570.53
850 305.21 52.8701 822.87 570.53
"function evaluation" "current f(x)" "best-so-far f(x)" "current af(x)+b"  "best af(x)+b"
1 3627.37 3627.37 3489.82 3489.82
2 441.14 441.14 303.59 303.59
7 211.38 211.38 73.8298 73.8298
9 191.453 191.453 53.9033 53.9033
14 164.715 164.715 27.1652 27.1652
48 94.94 94.94 -42.61 -42.61
119 87.1259 87.1259 -50.4241 -50.4241
179 71.7532 71.7532 -65.7968 -65.7968
537 70.817 70.817 -66.733 -66.733
570 64.0446 64.0446 -73.5054 -73.5054
672 60.4303 60.4303 -77.1197 -77.1197
850 2249.06 60.4303 2111.51 -77.1197
"function evaluation" "current f(x)" "best-so-far f(x)" "current af(x)+b"  "best af(x)+b"
1 211.609 211.609 110.629 110.629
6 182.458 182.458 81.4776 81.4776
32 171.18 171.18 70.1998 70.1998
39 150.318 150.318 49.3377 49.3377
130 142.534 142.534 41.5537 41.5537
213 129.86 129.86 28.8796 28.8796
229 96.3819 96.3819 -4.59805 -4.59805
265 71.3001 71.3001 -29.6799 -29.6799
311 50.3104 50.3104 -50.6696 -50.6696
501 44.8889 44.8889 -56.0911 -56.0911
850 104.902 44.8889 3.92186 -56.0911
"function evaluation" "current f(x)" "best-so-far f(x)" "current af(x)+b"  "best af(x)+b"
1 9948.88 9948.88 9981.22 9981.22
2 5658.29 5658.29 5690.63 5690.63
3 503.249 503.249 535.589 535.589
4 340.015 340.015 372.355 372.355
7 332.779 332.779 365.119 365.119
8 243.41 243.41 275.75 275.75
9 197.106 197.106 229.446 229.446
12 143.96 143.96 176.3 176.3
16 134.903 134.903 167.243 167.243
38 125.271 125.271 157.611 157.611
126 121.983 121.983 154.323 154.323
128 119.666 119.666 152.006 152.006
138 99.085 99.085 131.425 131.425
205 89.3633 89.3633 121.703 121.703
408 87.3153 87.3153 119.655 119.655
421 83.071 83.071 115.411 115.411
511 30.5889 30.5889 62.9289 62.9289
850 139.373 30.5889 171.713 62.9289
"function evaluation" "current f(x)" "best-so-far f(x)" "current af(x)+b"  "best af(x)+b"
1 420.044 420.044 1031.02 1031.02
8 180.364 180.364 791.344 791.344
16 145.467 145.467 756.447 756.447
38 108.658 108.658 719.638 719.638
507 96.0918 96.0918 707.072 707.072
550 74.132 74.132 685.112 685.112
850 752.485 74.132 1363.47 685.112
"function evaluation" "current f(x)" "best-so-far f(x)" "current af(x)+b"  "best af(x)+b"
1 8797.48 8797.48 8858.65 8858.65
2 2538.41 2538.41 2599.58 2599.58
5 927.501 927.501 988.671 988.671
6 623.7 623.7 684.87 684.87
11 550.404 550.404 611.574 611.574
12 225.725 225.725 286.895 286.895
22 223.243 223.243 284.413 284.413
108 185.982 185.982 247.152 247.152
110 112.569 112.569 173.739 173.739
263 94.409 94.409 155.579 155.579
656 86.9422 86.9422 148.112 148.112
667 69.0069 69.0069 130.177 130.177
756 62.8797 62.8797 124.05 124.05
850 6788.09 62.8797 6849.26 124.05
"function evaluation" "current f(x)" "best-so-far f(x)" "current af(x)+b"  "best af(x)+b"
1 9188.01 9188.01 9209.7 9209.7
2 275.07 275.07 296.76 296.76
10 221.34 221.34 243.03 243.03
47 155.618 155.618 177.308 177.308
49 126.817 126.817 148.507 148.507
115 83.2904 83.2904 104.98 104.98
159 78.4124 78.4124 100.102 100.102
377 73.7479 73.7479 95.4379 95.4379
524 51.3403 51.3403 73.0303 73.0303
820 45.809 45.809 67.499 67.499
830 36.0215 36.0215 57.7115 57.7115
850 194.698 36.0215 216.388 57.7115
"function evaluation" "current f(x)" "best-so-far f(x)" "current af(x)+b"  "best af(x)+b"
1 242.176 242.176 324.496 324.496
2 208.694 208.694 291.014 291.014
3 160.652 160.652 242.972 242.972
12 107.927 107.927 190.247 190.247
103 104.14 104.14 186.46 186.46
135 57.4828 57.4828 139.803 139.803
144 57.0604 57.0604 139.38 139.38
399 49.2247 49.2247 131.545 131.545
547 45.9533 45.9533 128.273 128.273
850 50678.5 45.9533 50760.8 128.273
"function evaluation" "current f(x)" "best-so-far f(x)" "current af(x)+b"  "best af(x)+b"
1 907.635 907.635 1111.1 1111.1
2 739.622 739.622 943.082 943.082
4 171.268 171.268 374.728 374.728
41 167.647 167.647 371.107 371.107
50 111.718 111.718 315.178 315.178
113 67.9572 67.9572 271.417 271.417
506 66.2865 66.2865 269.746 269.746
573 53.1071 53.1071 256.567 256.567
589 51.1067 51.1067 254.567 254.567
850 851.74 51.1067 1055.2 254.567
"function evaluation" "current f(x)" "best-so-far f(x)" "current af(x)+b"  "best af(x)+b"
1 405.114 405.114 -594.886 -594.886
15 334.849 334.849 -665.151 -665.151
18 95.9477 95.9477 -904.052 -904.052
21 94.3465 94.3465 -905.653 -905.653
134 90.7019 90.7019 -909.298 -909.298
202 87.654 87.654 -912.346 -912.346
346 73.4399 73.4399 -926.56 -926.56
508 59.3215 59.3215 -940.678 -940.678
850 249.886 59.3215 -750.114 -940.678
"function evaluation" "current f(x)" "best-so-far f(x)" "current af(x)+b"  "best af(x)+b"
1 1531.39 1531.39 1510.48 1510.48
2 165.067 165.067 144.157 144.157
7 109.571 109.571 88.6607 88.6607
120 52.2848 52.2848 31.3748 31.3748
550 32.2107 32.2107 11.3007 11.3007
850 866.73 32.2107 845.82 11.3007
