"function evaluation" "current f(x)" "best-so-far f(x)" "current af(x)+b"  "best af(x)+b"
1 562225 562225 562170 562170
13 225409 225409 225354 225354
310 208051 208051 207996 207996
313 195243 195243 195188 195188
344 70249.9 70249.9 70194.9 70194.9
629 20254.6 20254.6 20199.7 20199.7
1715 16022.6 16022.6 15967.7 15967.7
3246 15278.7 15278.7 15223.8 15223.8
10618 9147.08 9147.08 9092.14 9092.14
16602 7690.26 7690.26 7635.32 7635.32
16607 6033.83 6033.83 5978.89 5978.89
16616 5346.47 5346.47 5291.53 5291.53
16647 5159.11 5159.11 5104.17 5104.17
21118 4336.01 4336.01 4281.07 4281.07
34805 4198.39 4198.39 4143.45 4143.45
39831 3295.21 3295.21 3240.27 3240.27
39849 2211.42 2211.42 2156.48 2156.48
50050 7.22003e+07 2211.42 7.22002e+07 2156.48
"function evaluation" "current f(x)" "best-so-far f(x)" "current af(x)+b"  "best af(x)+b"
1 1.0714e+07 1.0714e+07 1.0714e+07 1.0714e+07
3 3.396e+06 3.396e+06 3.39606e+06 3.39606e+06
4 2.93089e+06 2.93089e+06 2.93095e+06 2.93095e+06
5 703909 703909 703968 703968
11 94965.4 94965.4 95024.5 95024.5
1302 92083.1 92083.1 92142.3 92142.3
1307 32712.1 32712.1 32771.2 32771.2
1310 11378.3 11378.3 11437.4 11437.4
1334 8598.23 8598.23 8657.36 8657.36
1403 4626.3 4626.3 4685.43 4685.43
3905 4437.65 4437.65 4496.78 4496.78
3912 4388.38 4388.38 4447.51 4447.51
7001 526.316 526.316 585.446 585.446
7024 327.527 327.527 386.657 386.657
9526 284.535 284.535 343.665 343.665
50050 3.91371e+07 284.535 3.91371e+07 343.665
"function evaluation" "current f(x)" "best-so-far f(x)" "current af(x)+b"  "best af(x)+b"
1 2.70381e+07 2.70381e+07 2.70376e+07 2.70376e+07
2 799701 799701 799209 799209
3 589344 589344 588852 588852
4 533251 533251 532759 532759
15 335856 335856 335365 335365
30 171137 171137 170645 170645
104 19058 19058 18566.4 18566.4
223 13490 13490 12998.5 12998.5
1322 7548.74 7548.74 7057.21 7057.21
3835 5739.42 5739.42 5247.89 5247.89
3843 5339.48 5339.48 4847.95 4847.95
5741 3229.83 3229.83 2738.3 2738.3
11605 2475.14 2475.14 1983.61 1983.61
20334 797.715 797.715 306.185 306.185
20424 625.032 625.032 133.502 133.502
20428 314.11 314.11 -177.42 -177.42
20731 239.943 239.943 -251.587 -251.587
30425 101.756 101.756 -389.774 -389.774
50050 976433 101.756 975941 -389.774
"function evaluation" "current f(x)" "best-so-far f(x)" "current af(x)+b"  "best af(x)+b"
1 1.52638e+07 1.52638e+07 1.52636e+07 1.52636e+07
2 1.19383e+07 1.19383e+07 1.19381e+07 1.19381e+07
7 7.95836e+06 7.95836e+06 7.95819e+06 7.95819e+06
8 3.59561e+06 3.59561e+06 3.59544e+06 3.59544e+06
9 115880 115880 115709 115709
19 102944 102944 102773 102773
403 94115 94115 93944.8 93944.8
426 16853.3 16853.3 16683.1 16683.1
1133 12328.7 12328.7 12158.5 12158.5
1211 9825.55 9825.55 9655.35 9655.35
1612 1440.41 1440.41 1270.21 1270.21
4049 1255.02 1255.02 1084.82 1084.82
9303 511.499 511.499 341.299 341.299
18703 124.801 124.801 -45.3987 -45.3987
45111 123.517 123.517 -46.6825 -46.6825
50050 383732 123.517 383562 -46.6825
"function evaluation" "current f(x)" "best-so-far f(x)" "current af(x)+b"  "best af(x)+b"
1 1.81435e+07 1.81435e+07 1.8143e+07 1.8143e+07
3 580408 580408 579938 579938
50 395097 395097 394628 394628
322 280373 280373 279903 279903
403 155991 155991 155521 155521
544 113176 113176 112706 112706
546 47687.3 47687.3 47217.5 47217.5
2433 36527.5 36527.5 36057.7 36057.7
2531 32996.4 32996.4 32526.6 32526.6
3123 21929.6 21929.6 21459.9 21459.9
3142 6482.94 6482.94 6013.19 6013.19
10201 3783.8 3783.8 3314.05 3314.05
50050 2.54693e+07 3783.8 2.54688e+07 3314.05
"function evaluation" "current f(x)" "best-so-far f(x)" "current af(x)+b"  "best af(x)+b"
1 267012 267012 266999 266999
13 244258 244258 244246 244246
16 26620.6 26620.6 26607.8 26607.8
527 10208.1 10208.1 10195.3 10195.3
910 8066.44 8066.44 8053.64 8053.64
3239 5892.3 5892.3 5879.5 5879.5
3303 5776.1 5776.1 5763.3 5763.3
3306 3750.38 3750.38 3737.58 3737.58
7416 1930.16 1930.16 1917.36 1917.36
7447 1736.7 1736.7 1723.9 1723.9
11602 1543.14 1543.14 1530.34 1530.34
11648 463.092 463.092 450.292 450.292
50050 8.42216e+06 463.092 8.42214e+06 450.292
"function evaluation" "current f(x)" "best-so-far f(x)" "current af(x)+b"  "best af(x)+b"
1 3.41736e+07 3.41736e+07 3.41732e+07 3.41732e+07
2 2.0944e+06 2.0944e+06 2.09401e+06 2.09401e+06
11 716049 716049 715664 715664
17 184096 184096 183710 183710
804 134982 134982 134596 134596
819 134958 134958 134572 134572
824 57807.4 57807.4 57421.7 57421.7
1202 28641.5 28641.5 28255.8 28255.8
1227 21002.3 21002.3 20616.6 20616.6
1249 19083.9 19083.9 18698.2 18698.2
1545 15756.8 15756.8 15371.1 15371.1
3010 863.524 863.524 477.834 477.834
24102 850.001 850.001 464.311 464.311
25412 579.787 579.787 194.097 194.097
50050 9.56187e+07 579.787 9.56183e+07 194.097
"function evaluation" "current f(x)" "best-so-far f(x)" "current af(x)+b"  "best af(x)+b"
1 4.11421e+06 4.11421e+06 4.11425e+06 4.11425e+06
2 749430 749430 749470 749470
3 576724 576724 576764 576764
17 481603 481603 481643 481643
27 368442 368442 368482 368482
35 119023 119023 119063 119063
101 89511 89511 89551 89551
103 63960.5 63960.5 64000.5 64000.5
605 58063.9 58063.9 58103.9 58103.9
609 35238.4 35238.4 35278.4 35278.4
611 27955.2 27955.2 27995.2 27995.2
630 22302.2 22302.2 22342.2 22342.2
632 19648.7 19648.7 19688.7 19688.7
634 12614.4 12614.4 12654.4 12654.4
33916 11827.9 11827.9 11867.9 11867.9
45307 8886.92 8886.92 8926.92 8926.92
45346 8691.93 8691.93 8731.93 8731.93
50050 1.14361e+07 8691.93 1.14362e+07 8731.93
"function evaluation" "current f(x)" "best-so-far f(x)" "current af(x)+b"  "best af(x)+b"
1 2.02505e+06 2.02505e+06 2.02517e+06 2.02517e+06
2 805761 805761 805876 805876
12 634606 634606 634720 634720
18 36728 36728 36842.3 36842.3
137 26149.7 26149.7 26264 26264
801 8259.93 8259.93 8374.19 8374.19
5102 798.56 798.56 912.82 912.82
50050 2.45872e+06 798.56 2.45883e+06 912.82
"function evaluation" "current f(x)" "best-so-far f(x)" "current af(x)+b"  "best af(x)+b"
1 340132 340132 340146 340146
13 303912 303912 303926 303926
22 238408 238408 238422 238422
24 38133.4 38133.4 38147.4 38147.4
32 21247.5 21247.5 21261.4 21261.4
3501 7603.47 7603.47 7617.4 7617.4
7025 3566.74 3566.74 3580.67 3580.67
8116 2284.15 2284.15 2298.08 2298.08
35440 1218.89 1218.89 1232.82 1232.82
50050 998744 1218.89 998758 1232.82
"function evaluation" "current f(x)" "best-so-far f(x)" "current af(x)+b"  "best af(x)+b"
1 2.36201e+07 2.36201e+07 2.362e+07 2.362e+07
3 2.19147e+07 2.19147e+07 2.19146e+07 2.19146e+07
4 1.40285e+07 1.40285e+07 1.40285e+07 1.40285e+07
6 1.7529e+06 1.7529e+06 1.75286e+06 1.75286e+06
9 459307 459307 459275 459275
30 329180 329180 329149 329149
33 194791 194791 194759 194759
38 154030 154030 153998 153998
410 108630 108630 108598 108598
412 67880.4 67880.4 67848.6 67848.6
1901 35534.1 35534.1 35502.3 35502.3
1944 32910.5 32910.5 32878.8 32878.8
13242 29301.7 29301.7 29269.9 29269.9
15801 26749.1 26749.1 26717.3 26717.3
15815 18248.8 18248.8 18217.1 18217.1
15825 11242.9 11242.9 11211.2 11211.2
20421 10827.9 10827.9 10796.1 10796.1
33912 8691.45 8691.45 8659.7 8659.7
33922 8631.94 8631.94 8600.19 8600.19
39635 5383.02 5383.02 5351.27 5351.27
47318 4168.23 4168.23 4136.48 4136.48
50050 168128 4168.23 168096 4136.48
"function evaluation" "current f(x)" "best-so-far f(x)" "current af(x)+b"  "best af(x)+b"
1 475319 475319 475373 475373
2 451973 451973 452027 452027
3 348307 348307 348361 348361
9 196663 196663 196717 196717
16 83255.7 83255.7 83310 83310
22 31762.4 31762.4 31816.7 31816.7
922 7753.41 7753.41 7807.73 7807.73
1012 5651.35 5651.35 5705.67 5705.67
1019 4972.67 4972.67 5026.99 5026.99
1022 4204.22 4204.22 4258.54 4258.54
3108 1749.87 1749.87 1804.19 1804.19
3117 781.475 781.475 835.795 835.795
9513 730.948 730.948 785.268 785.268
17443 339.433 339.433 393.753 393.753
50050 3.58684e+07 339.433 3.58684e+07 393.753
"function evaluation" "current f(x)" "best-so-far f(x)" "current af(x)+b"  "best af(x)+b"
1 539810 539810 539851 539851
8 168257 168257 168298 168298
220 87982.8 87982.8 88023.3 88023.3
439 72607 72607 72647.5 72647.5
608 42997.9 42997.9 43038.4 43038.4
2401 26452.2 26452.2 26492.8 26492.8
2402 25077.7 25077.7 25118.2 25118.2
2407 24152.8 24152.8 24193.3 24193.3
2426 15825.7 15825.7 15866.3 15866.3
2442 15413.2 15413.2 15453.8 15453.8
3512 3713.95 3713.95 3754.47 3754.47
3521 888.408 888.408 928.928 928.928
22143 754.389 754.389 794.909 794.909
50050 2.02262e+07 754.389 2.02262e+07 794.909
"function evaluation" "current f(x)" "best-so-far f(x)" "current af(x)+b"  "best af(x)+b"
1 1.23261e+07 1.23261e+07 1.23259e+07 1.23259e+07
2 2.26651e+06 2.26651e+06 2.2664e+06 2.2664e+06
3 2.06005e+06 2.06005e+06 2.05994e+06 2.05994e+06
8 519851 519851 519732 519732
10 476810 476810 476691 476691
27 85415.6 85415.6 85297.1 85297.1
45 53614.6 53614.6 53496.1 53496.1
102 38055.7 38055.7 37937.2 37937.2
426 32565.6 32565.6 32447.1 32447.1
1302 25625.2 25625.2 25506.7 25506.7
1325 17822.2 17822.2 17703.8 17703.8
1346 9996.73 9996.73 9878.24 9878.24
2711 8963.72 8963.72 8845.23 8845.23
2744 2839.52 2839.52 2721.03 2721.03
12815 714.997 714.997 596.507 596.507
12830 450.944 450.944 332.454 332.454
28708 400.676 400.676 282.186 282.186
50050 2.22766e+06 400.676 2.22754e+06 282.186
"function evaluation" "current f(x)" "best-so-far f(x)" "current af(x)+b"  "best af(x)+b"
1 9.55283e+06 9.55283e+06 9.55286e+06 9.55286e+06
2 2.84158e+06 2.84158e+06 2.84161e+06 2.84161e+06
4 2.64844e+06 2.64844e+06 2.64847e+06 2.64847e+06
8 1.41687e+06 1.41687e+06 1.41689e+06 1.41689e+06
18 134464 134464 134492 134492
146 75246 75246 75274.1 75274.1
301 63647.8 63647.8 63675.9 63675.9
428 30624.8 30624.8 30652.9 30652.9
505 18813 18813 18841.1 18841.1
1444 17512 17512 17540.1 17540.1
1905 1307.11 1307.11 1335.21 1335.21
50050 1.91227e+06 1307.11 1.9123e+06 1335.21
"function evaluation" "current f(x)" "best-so-far f(x)" "current af(x)+b"  "best af(x)+b"
1 7.40372e+06 7.40372e+06 7.40368e+06 7.40368e+06
2 2.49294e+06 2.49294e+06 2.49289e+06 2.49289e+06
4 1.56307e+06 1.56307e+06 1.56303e+06 1.56303e+06
7 1.43521e+06 1.43521e+06 1.43517e+06 1.43517e+06
8 1.22069e+06 1.22069e+06 1.22065e+06 1.22065e+06
12 1.0022e+06 1.0022e+06 1.00216e+06 1.00216e+06
23 234230 234230 234190 234190
433 113673 113673 113633 113633
624 67340.4 67340.4 67299.9 67299.9
708 11729.1 11729.1 11688.7 11688.7
6313 5277.83 5277.83 5237.34 5237.34
9936 1511.53 1511.53 1471.04 1471.04
29204 1287.37 1287.37 1246.88 1246.88
29233 555.323 555.323 514.833 514.833
50050 8.78989e+07 555.323 8.78989e+07 514.833
"function evaluation" "current f(x)" "best-so-far f(x)" "current af(x)+b"  "best af(x)+b"
1 5.13893e+07 5.13893e+07 5.13892e+07 5.13892e+07
2 51803.7 51803.7 51656.7 51656.7
841 29819 29819 29672 29672
1403 24559.9 24559.9 24412.9 24412.9
1840 21533.7 21533.7 21386.6 21386.6
2101 8728.59 8728.59 8581.56 8581.56
3330 4748.81 4748.81 4601.78 4601.78
12627 2691.72 2691.72 2544.69 2544.69
13713 1525.52 1525.52 1378.49 1378.49
13743 703.47 703.47 556.44 556.44
19301 487.859 487.859 340.829 340.829
19318 359.098 359.098 212.068 212.068
34708 201.055 201.055 54.0249 54.0249
50050 1.6789e+08 201.055 1.6789e+08 54.0249
"function evaluation" "current f(x)" "best-so-far f(x)" "current af(x)+b"  "best af(x)+b"
1 444024 444024 444055 444055
9 244922 244922 244953 244953
26 157951 157951 157983 157983
43 32957 32957 32988.1 32988.1
1433 27901.5 27901.5 27932.7 27932.7
1501 7949.2 7949.2 7980.31 7980.31
1507 6620.03 6620.03 6651.14 6651.14
3015 3407.46 3407.46 3438.57 3438.57
8104 1637.53 1637.53 1668.64 1668.64
8108 1032.3 1032.3 1063.41 1063.41
50050 2.17977e+06 1032.3 2.1798e+06 1063.41
"function evaluation" "current f(x)" "best-so-far f(x)" "current af(x)+b"  "best af(x)+b"
1 1.05603e+07 1.05603e+07 1.05593e+07 1.05593e+07
2 202256 202256 201256 201256
4 172073 172073 171073 171073
43 60421.1 60421.1 59421.1 59421.1
225 20174.7 20174.7 19174.7 19174.7
613 10694.1 10694.1 9694.1 9694.1
644 2305.89 2305.89 1305.89 1305.89
19325 2232.96 2232.96 1232.96 1232.96
26614 1736.01 1736.01 736.008 736.008
50050 4.3827e+07 1736.01 4.3826e+07 736.008
"function evaluation" "current f(x)" "best-so-far f(x)" "current af(x)+b"  "best af(x)+b"
1 1.82783e+07 1.82783e+07 1.82791e+07 1.82791e+07
4 6.92511e+06 6.92511e+06 6.92586e+06 6.92586e+06
5 225761 225761 226515 226515
7 92953.5 92953.5 93707 93707
524 30300 30300 31053.5 31053.5
536 26664.2 26664.2 27417.7 27417.7
1301 5975.66 5975.66 6729.15 6729.15
2407 2995.15 2995.15 3748.64 3748.64
2440 1177.79 1177.79 1931.28 1931.28
50050 1.74918e+07 1177.79 1.74926e+07 1931.28
"function evaluation" "current f(x)" "best-so-far f(x)" "current af(x)+b"  "best af(x)+b"
1 658615 658615 658397 658397
6 327186 327186 326969 326969
17 253855 253855 253637 253637
31 61558.2 61558.2 61340.4 61340.4
528 22481.4 22481.4 22263.5 22263.5
550 19533.7 19533.7 19315.9 19315.9
1205 16187.6 16187.6 15969.8 15969.8
1934 13789.9 13789.9 13572.1 13572.1
1945 3921.58 3921.58 3703.76 3703.76
2032 3644.79 3644.79 3426.97 3426.97
5724 1506.08 1506.08 1288.26 1288.26
32606 1235.94 1235.94 1018.12 1018.12
32636 906.22 906.22 688.4 688.4
50050 279971 906.22 279753 688.4
"function evaluation" "current f(x)" "best-so-far f(x)" "current af(x)+b"  "best af(x)+b"
1 3.11196e+07 3.11196e+07 3.11196e+07 3.11196e+07
2 651593 651593 651571 651571
8 568853 568853 568831 568831
16 107779 107779 107757 107757
529 90937.2 90937.2 90915.4 90915.4
531 88620.9 88620.9 88599.1 88599.1
806 15859.3 15859.3 15837.5 15837.5
4628 15048.7 15048.7 15026.9 15026.9
6211 11605.3 11605.3 11583.5 11583.5
6220 10105.2 10105.2 10083.4 10083.4
6314 5639.2 5639.2 5617.4 5617.4
6349 3717.97 3717.97 3696.17 3696.17
7723 1012.7 1012.7 990.905 990.905
20412 909.638 909.638 887.838 887.838
22835 826.479 826.479 804.679 804.679
36801 661.985 661.985 640.185 640.185
43525 554.894 554.894 533.094 533.094
50050 2.6334e+07 554.894 2.6334e+07 533.094
"function evaluation" "current f(x)" "best-so-far f(x)" "current af(x)+b"  "best af(x)+b"
1 2.12601e+06 2.12601e+06 2.1261e+06 2.1261e+06
15 904595 904595 904682 904682
16 442543 442543 442630 442630
29 184057 184057 184144 184144
37 100824 100824 100911 100911
106 47798.2 47798.2 47885.3 47885.3
132 46797.7 46797.7 46884.8 46884.8
145 46141.5 46141.5 46228.6 46228.6
146 33784.9 33784.9 33872.1 33872.1
416 17093.9 17093.9 17181.1 17181.1
1901 15154.6 15154.6 15241.8 15241.8
1912 9503.14 9503.14 9590.28 9590.28
3736 8450.15 8450.15 8537.29 8537.29
3737 2787.44 2787.44 2874.58 2874.58
10712 714.131 714.131 801.271 801.271
26701 606.938 606.938 694.078 694.078
26736 453.717 453.717 540.857 540.857
46609 405.505 405.505 492.645 492.645
46621 381.707 381.707 468.847 468.847
46630 286.162 286.162 373.302 373.302
46633 151.247 151.247 238.387 238.387
50050 556891 151.247 556978 238.387
"function evaluation" "current f(x)" "best-so-far f(x)" "current af(x)+b"  "best af(x)+b"
1 1.80707e+06 1.80707e+06 1.80706e+06 1.80706e+06
3 471926 471926 471921 471921
11 240911 240911 240906 240906
431 82018.1 82018.1 82013.4 82013.4
444 68376.6 68376.6 68371.9 68371.9
706 47271.9 47271.9 47267.2 47267.2
725 32291.8 32291.8 32287.1 32287.1
1306 19167.8 19167.8 19163.1 19163.1
2732 13704.4 13704.4 13699.7 13699.7
2750 3338.14 3338.14 3333.45 3333.45
13446 2880.47 2880.47 2875.78 2875.78
25834 1842.64 1842.64 1837.95 1837.95
35750 1724.51 1724.51 1719.82 1719.82
45906 744.807 744.807 740.117 740.117
48101 261.595 261.595 256.905 256.905
50050 6.85376e+08 261.595 6.85376e+08 256.905
"function evaluation" "current f(x)" "best-so-far f(x)" "current af(x)+b"  "best af(x)+b"
1 122627 122627 122625 122625
25 92159.1 92159.1 92157.3 92157.3
421 77858.8 77858.8 77857 77857
808 69291.7 69291.7 69289.9 69289.9
849 28119.2 28119.2 28117.4 28117.4
1104 19474.6 19474.6 19472.8 19472.8
1138 6532.37 6532.37 6530.57 6530.57
3804 4860.28 4860.28 4858.48 4858.48
3827 4580.1 4580.1 4578.3 4578.3
4011 241.834 241.834 240.034 240.034
36010 188.085 188.085 186.285 186.285
50050 2.0384e+06 188.085 2.0384e+06 186.285
