"function evaluation" "current f(x)" "best-so-far f(x)" "current af(x)+b"  "best af(x)+b"
1 3.08747e+07 3.08747e+07 3.08745e+07 3.08745e+07
2 2.29676e+07 2.29676e+07 2.29674e+07 2.29674e+07
3 7.17004e+06 7.17004e+06 7.16983e+06 7.16983e+06
6 169960 169960 169750 169750
14 47630.9 47630.9 47421 47421
417 21176.2 21176.2 20966.4 20966.4
742 10867.6 10867.6 10657.8 10657.8
750 1.15063e+06 10867.6 1.15042e+06 10657.8
"function evaluation" "current f(x)" "best-so-far f(x)" "current af(x)+b"  "best af(x)+b"
1 2.21837e+07 2.21837e+07 2.21836e+07 2.21836e+07
2 2.83685e+06 2.83685e+06 2.83676e+06 2.83676e+06
4 1.37247e+06 1.37247e+06 1.37238e+06 1.37238e+06
5 742740 742740 742648 742648
6 267173 267173 267081 267081
38 152302 152302 152210 152210
55 39204 39204 39112 39112
262 33938.9 33938.9 33846.8 33846.8
371 6121.78 6121.78 6029.69 6029.69
520 5292.47 5292.47 5200.38 5200.38
528 5174.52 5174.52 5082.43 5082.43
569 3757.7 3757.7 3665.61 3665.61
750 6.21302e+06 3757.7 6.21292e+06 3665.61
"function evaluation" "current f(x)" "best-so-far f(x)" "current af(x)+b"  "best af(x)+b"
1 4.64432e+06 4.64432e+06 4.64423e+06 4.64423e+06
6 2.86605e+06 2.86605e+06 2.86596e+06 2.86596e+06
13 239829 239829 239741 239741
89 224898 224898 224810 224810
155 114976 114976 114888 114888
250 72147.9 72147.9 72060 72060
378 3493.09 3493.09 3405.2 3405.2
750 1.90558e+06 3493.09 1.90549e+06 3405.2
"function evaluation" "current f(x)" "best-so-far f(x)" "current af(x)+b"  "best af(x)+b"
1 1.32148e+07 1.32148e+07 1.32151e+07 1.32151e+07
4 3.68244e+06 3.68244e+06 3.68276e+06 3.68276e+06
7 3.58266e+06 3.58266e+06 3.58298e+06 3.58298e+06
10 28151 28151 28471.2 28471.2
142 25345.6 25345.6 25665.8 25665.8
432 21643.7 21643.7 21963.9 21963.9
450 9069.13 9069.13 9389.32 9389.32
616 3490.4 3490.4 3810.59 3810.59
750 285114 3490.4 285434 3810.59
"function evaluation" "current f(x)" "best-so-far f(x)" "current af(x)+b"  "best af(x)+b"
1 5.32799e+06 5.32799e+06 5.32789e+06 5.32789e+06
2 577513 577513 577409 577409
14 427299 427299 427195 427195
19 94239.3 94239.3 94135.1 94135.1
111 71526.5 71526.5 71422.3 71422.3
183 5985.46 5985.46 5881.22 5881.22
550 5982.35 5982.35 5878.11 5878.11
750 50384.5 5982.35 50280.2 5878.11
"function evaluation" "current f(x)" "best-so-far f(x)" "current af(x)+b"  "best af(x)+b"
1 8.73158e+06 8.73158e+06 8.73155e+06 8.73155e+06
2 3.77612e+06 3.77612e+06 3.77608e+06 3.77608e+06
5 268777 268777 268741 268741
36 114012 114012 113977 113977
119 55964.8 55964.8 55929.1 55929.1
139 22699.6 22699.6 22663.9 22663.9
436 15619.5 15619.5 15583.8 15583.8
677 11415.7 11415.7 11380 11380
750 926616 11415.7 926580 11380
"function evaluation" "current f(x)" "best-so-far f(x)" "current af(x)+b"  "best af(x)+b"
1 5.07084e+07 5.07084e+07 5.07084e+07 5.07084e+07
2 4.05056e+07 4.05056e+07 4.05056e+07 4.05056e+07
3 3.31222e+06 3.31222e+06 3.31224e+06 3.31224e+06
5 1.71404e+06 1.71404e+06 1.71406e+06 1.71406e+06
11 767222 767222 767242 767242
23 103569 103569 103589 103589
84 70180.4 70180.4 70201.1 70201.1
162 34484.1 34484.1 34504.8 34504.8
328 22653.6 22653.6 22674.3 22674.3
384 7081.78 7081.78 7102.48 7102.48
750 9.93922e+06 7081.78 9.93924e+06 7102.48
"function evaluation" "current f(x)" "best-so-far f(x)" "current af(x)+b"  "best af(x)+b"
1 6.43014e+06 6.43014e+06 6.43018e+06 6.43018e+06
4 813664 813664 813702 813702
10 367557 367557 367595 367595
11 239753 239753 239791 239791
26 143946 143946 143984 143984
74 34246.9 34246.9 34285 34285
78 20935.4 20935.4 20973.5 20973.5
417 12122.6 12122.6 12160.7 12160.7
502 8556.46 8556.46 8594.53 8594.53
750 2.29087e+06 8556.46 2.2909e+06 8594.53
"function evaluation" "current f(x)" "best-so-far f(x)" "current af(x)+b"  "best af(x)+b"
1 9.27484e+06 9.27484e+06 9.27479e+06 9.27479e+06
2 1.07128e+06 1.07128e+06 1.07123e+06 1.07123e+06
10 664300 664300 664255 664255
11 445259 445259 445213 445213
42 161428 161428 161382 161382
59 116402 116402 116357 116357
86 43590.7 43590.7 43545.3 43545.3
175 38953.9 38953.9 38908.5 38908.5
223 29422.7 29422.7 29377.3 29377.3
441 14584.4 14584.4 14539 14539
671 1082.24 1082.24 1036.82 1036.82
750 1.15999e+07 1082.24 1.15998e+07 1036.82
"function evaluation" "current f(x)" "best-so-far f(x)" "current af(x)+b"  "best af(x)+b"
1 4.14695e+07 4.14695e+07 4.14696e+07 4.14696e+07
2 788414 788414 788481 788481
14 367296 367296 367363 367363
43 344794 344794 344861 344861
62 23843.2 23843.2 23910.1 23910.1
541 2212.34 2212.34 2279.29 2279.29
750 1.95662e+07 2212.34 1.95662e+07 2279.29
"function evaluation" "current f(x)" "best-so-far f(x)" "current af(x)+b"  "best af(x)+b"
1 2.99629e+07 2.99629e+07 2.99629e+07 2.99629e+07
2 2.75906e+06 2.75906e+06 2.75912e+06 2.75912e+06
4 1.65436e+06 1.65436e+06 1.65441e+06 1.65441e+06
10 871097 871097 871155 871155
16 572260 572260 572318 572318
32 244587 244587 244646 244646
79 81354.2 81354.2 81412.5 81412.5
330 38883.3 38883.3 38941.6 38941.6
401 25138.4 25138.4 25196.7 25196.7
405 12518 12518 12576.3 12576.3
527 8478.53 8478.53 8536.85 8536.85
572 6015.27 6015.27 6073.59 6073.59
750 2.20996e+06 6015.27 2.21002e+06 6073.59
"function evaluation" "current f(x)" "best-so-far f(x)" "current af(x)+b"  "best af(x)+b"
1 2.35195e+06 2.35195e+06 2.35214e+06 2.35214e+06
3 554703 554703 554896 554896
37 37218.4 37218.4 37411.7 37411.7
45 22148.7 22148.7 22341.9 22341.9
650 9675.85 9675.85 9869.12 9869.12
750 9.05506e+06 9675.85 9.05525e+06 9869.12
"function evaluation" "current f(x)" "best-so-far f(x)" "current af(x)+b"  "best af(x)+b"
1 4.3746e+07 4.3746e+07 4.37456e+07 4.37456e+07
2 1.41005e+07 1.41005e+07 1.41001e+07 1.41001e+07
3 2.07588e+06 2.07588e+06 2.07546e+06 2.07546e+06
6 564683 564683 564264 564264
7 453183 453183 452764 452764
22 373997 373997 373578 373578
83 261966 261966 261547 261547
98 187064 187064 186645 186645
144 24961.4 24961.4 24542.4 24542.4
612 12331.8 12331.8 11912.8 11912.8
625 9202.26 9202.26 8783.25 8783.25
628 7505.73 7505.73 7086.72 7086.72
750 2.99621e+06 7505.73 2.99579e+06 7086.72
"function evaluation" "current f(x)" "best-so-far f(x)" "current af(x)+b"  "best af(x)+b"
1 1.97789e+06 1.97789e+06 1.9783e+06 1.9783e+06
5 1.88335e+06 1.88335e+06 1.88375e+06 1.88375e+06
15 1.8672e+06 1.8672e+06 1.86761e+06 1.86761e+06
21 1.66099e+06 1.66099e+06 1.6614e+06 1.6614e+06
22 35965.6 35965.6 36373.2 36373.2
194 30529.8 30529.8 30937.4 30937.4
351 20756.5 20756.5 21164.1 21164.1
692 14152.4 14152.4 14560 14560
750 5.05712e+06 14152.4 5.05753e+06 14560
"function evaluation" "current f(x)" "best-so-far f(x)" "current af(x)+b"  "best af(x)+b"
1 1.35035e+06 1.35035e+06 1.35038e+06 1.35038e+06
5 818834 818834 818863 818863
7 581527 581527 581556 581556
16 552747 552747 552776 552776
22 240774 240774 240803 240803
41 50794.9 50794.9 50823.7 50823.7
46 34508.9 34508.9 34537.6 34537.6
293 32452 32452 32480.7 32480.7
427 30653.9 30653.9 30682.7 30682.7
431 25844.7 25844.7 25873.4 25873.4
480 25593.7 25593.7 25622.4 25622.4
508 11010.4 11010.4 11039.2 11039.2
750 647744 11010.4 647773 11039.2
"function evaluation" "current f(x)" "best-so-far f(x)" "current af(x)+b"  "best af(x)+b"
1 5.2454e+07 5.2454e+07 5.24539e+07 5.24539e+07
2 1.20514e+06 1.20514e+06 1.20505e+06 1.20505e+06
7 365149 365149 365060 365060
99 72379.7 72379.7 72290.5 72290.5
102 59400.2 59400.2 59311 59311
127 37585.8 37585.8 37496.5 37496.5
440 37505.8 37505.8 37416.6 37416.6
514 10808 10808 10718.8 10718.8
750 4.21137e+06 10808 4.21128e+06 10718.8
"function evaluation" "current f(x)" "best-so-far f(x)" "current af(x)+b"  "best af(x)+b"
1 320740 320740 320798 320798
5 174673 174673 174731 174731
104 117048 117048 117107 117107
186 84526.7 84526.7 84585 84585
288 33569.9 33569.9 33628.2 33628.2
335 24752.1 24752.1 24810.4 24810.4
431 4368.68 4368.68 4427 4427
750 2.12069e+06 4368.68 2.12075e+06 4427
"function evaluation" "current f(x)" "best-so-far f(x)" "current af(x)+b"  "best af(x)+b"
1 4.42708e+07 4.42708e+07 4.42711e+07 4.42711e+07
2 3.58903e+07 3.58903e+07 3.58906e+07 3.58906e+07
4 2.81686e+07 2.81686e+07 2.81689e+07 2.81689e+07
5 1.0978e+07 1.0978e+07 1.09783e+07 1.09783e+07
12 3.12393e+06 3.12393e+06 3.12425e+06 3.12425e+06
13 2.10077e+06 2.10077e+06 2.10108e+06 2.10108e+06
21 587861 587861 588173 588173
153 110034 110034 110345 110345
185 103274 103274 103586 103586
416 27808.2 27808.2 28120 28120
593 26604.8 26604.8 26916.7 26916.7
750 2.09175e+06 26604.8 2.09207e+06 26916.7
"function evaluation" "current f(x)" "best-so-far f(x)" "current af(x)+b"  "best af(x)+b"
1 1.5941e+07 1.5941e+07 1.5941e+07 1.5941e+07
2 58979.8 58979.8 58994.7 58994.7
369 41159.5 41159.5 41174.4 41174.4
417 38972.3 38972.3 38987.2 38987.2
515 8546.84 8546.84 8561.74 8561.74
733 4456.45 4456.45 4471.35 4471.35
750 4.38976e+06 4456.45 4.38978e+06 4471.35
"function evaluation" "current f(x)" "best-so-far f(x)" "current af(x)+b"  "best af(x)+b"
1 2.85684e+07 2.85684e+07 2.85683e+07 2.85683e+07
2 3.81799e+06 3.81799e+06 3.81793e+06 3.81793e+06
3 559512 559512 559449 559449
7 139482 139482 139420 139420
70 86431 86431 86368.7 86368.7
120 39679.5 39679.5 39617.3 39617.3
281 23534.5 23534.5 23472.3 23472.3
454 16073.2 16073.2 16011 16011
750 2.52108e+06 16073.2 2.52102e+06 16011
"function evaluation" "current f(x)" "best-so-far f(x)" "current af(x)+b"  "best af(x)+b"
1 4.94742e+07 4.94742e+07 4.94743e+07 4.94743e+07
2 912178 912178 912242 912242
6 839803 839803 839866 839866
8 551568 551568 551632 551632
11 43552.8 43552.8 43616.4 43616.4
296 39616.4 39616.4 39680 39680
341 23324.4 23324.4 23388 23388
731 19953.1 19953.1 20016.7 20016.7
750 171318 19953.1 171382 20016.7
"function evaluation" "current f(x)" "best-so-far f(x)" "current af(x)+b"  "best af(x)+b"
1 2.82121e+06 2.82121e+06 2.82063e+06 2.82063e+06
6 1.12035e+06 1.12035e+06 1.11978e+06 1.11978e+06
9 827627 827627 827056 827056
23 621389 621389 620817 620817
28 427109 427109 426538 426538
34 376915 376915 376344 376344
42 85819.1 85819.1 85247.8 85247.8
117 85548.8 85548.8 84977.5 84977.5
176 41701.8 41701.8 41130.5 41130.5
318 24077.8 24077.8 23506.5 23506.5
473 3504.81 3504.81 2933.52 2933.52
750 5.83281e+06 3504.81 5.83224e+06 2933.52
"function evaluation" "current f(x)" "best-so-far f(x)" "current af(x)+b"  "best af(x)+b"
1 2.21024e+06 2.21024e+06 2.21019e+06 2.21019e+06
4 344702 344702 344649 344649
41 214874 214874 214821 214821
58 108912 108912 108859 108859
62 84255.3 84255.3 84202.7 84202.7
118 62749.8 62749.8 62697.2 62697.2
147 27719.8 27719.8 27667.2 27667.2
266 27329.1 27329.1 27276.5 27276.5
435 13077.4 13077.4 13024.8 13024.8
511 6977.28 6977.28 6924.68 6924.68
515 3053.9 3053.9 3001.3 3001.3
750 7.66448e+06 3053.9 7.66443e+06 3001.3
"function evaluation" "current f(x)" "best-so-far f(x)" "current af(x)+b"  "best af(x)+b"
1 6.05432e+06 6.05432e+06 6.0542e+06 6.0542e+06
3 5.01045e+06 5.01045e+06 5.01032e+06 5.01032e+06
11 494611 494611 494485 494485
14 31192.4 31192.4 31066.7 31066.7
208 17511.5 17511.5 17385.8 17385.8
442 701.037 701.037 575.337 575.337
750 1.49016e+07 701.037 1.49014e+07 575.337
"function evaluation" "current f(x)" "best-so-far f(x)" "current af(x)+b"  "best af(x)+b"
1 2.76598e+07 2.76598e+07 2.76588e+07 2.76588e+07
2 1.83772e+06 1.83772e+06 1.83672e+06 1.83672e+06
5 293263 293263 292263 292263
14 161813 161813 160813 160813
38 89957.9 89957.9 88957.9 88957.9
51 56351.6 56351.6 55351.6 55351.6
81 24145.3 24145.3 23145.3 23145.3
167 24045.3 24045.3 23045.3 23045.3
321 9538.35 9538.35 8538.35 8538.35
476 7816.95 7816.95 6816.95 6816.95
662 4847.27 4847.27 3847.27 3847.27
750 125649 4847.27 124649 3847.27
