"function evaluation" "current f(x)" "best-so-far f(x)" "current af(x)+b"  "best af(x)+b"
1 262309 262309 262458 262458
3 121384 121384 121533 121533
51 67092.7 67092.7 67241.8 67241.8
91 60249.1 60249.1 60398.2 60398.2
168 42717.2 42717.2 42866.4 42866.4
482 32176.1 32176.1 32325.2 32325.2
652 30977.8 30977.8 31127 31127
802 27351.8 27351.8 27500.9 27500.9
807 25331 25331 25480.2 25480.2
888 9998.54 9998.54 10147.7 10147.7
1805 7944.27 7944.27 8093.42 8093.42
2150 198536 7944.27 198685 8093.42
"function evaluation" "current f(x)" "best-so-far f(x)" "current af(x)+b"  "best af(x)+b"
1 934375 934375 933375 933375
3 350197 350197 349197 349197
4 331496 331496 330496 330496
16 320100 320100 319100 319100
17 314417 314417 313417 313417
26 235412 235412 234412 234412
44 174152 174152 173152 173152
68 137124 137124 136124 136124
125 101318 101318 100318 100318
219 80219.2 80219.2 79219.2 79219.2
403 77677.6 77677.6 76677.6 76677.6
444 62785 62785 61785 61785
445 52240.6 52240.6 51240.6 51240.6
508 49642.9 49642.9 48642.9 48642.9
517 20906.2 20906.2 19906.2 19906.2
1033 20204.3 20204.3 19204.3 19204.3
1101 13474.8 13474.8 12474.8 12474.8
1177 6207.83 6207.83 5207.83 5207.83
2150 257704 6207.83 256704 5207.83
"function evaluation" "current f(x)" "best-so-far f(x)" "current af(x)+b"  "best af(x)+b"
1 595585 595585 595684 595684
4 320977 320977 321075 321075
27 300426 300426 300524 300524
33 279946 279946 280044 280044
67 252172 252172 252270 252270
73 175634 175634 175733 175733
86 101372 101372 101471 101471
234 80984.1 80984.1 81082.7 81082.7
556 31401 31401 31499.6 31499.6
1112 22021.6 22021.6 22120.3 22120.3
1331 21367.5 21367.5 21466.1 21466.1
1470 6479.22 6479.22 6577.84 6577.84
1897 6036.45 6036.45 6135.07 6135.07
2150 30896.2 6036.45 30994.9 6135.07
"function evaluation" "current f(x)" "best-so-far f(x)" "current af(x)+b"  "best af(x)+b"
1 903697 903697 903650 903650
2 375939 375939 375891 375891
16 132745 132745 132698 132698
87 128874 128874 128827 128827
124 72658.4 72658.4 72611.2 72611.2
288 65338.1 65338.1 65291 65291
404 34679.2 34679.2 34632 34632
701 22171.8 22171.8 22124.7 22124.7
1494 21068.6 21068.6 21021.5 21021.5
1511 19214.8 19214.8 19167.6 19167.6
2033 8364.31 8364.31 8317.16 8317.16
2095 7897.21 7897.21 7850.06 7850.06
2150 21575.7 7897.21 21528.5 7850.06
"function evaluation" "current f(x)" "best-so-far f(x)" "current af(x)+b"  "best af(x)+b"
1 474687 474687 474725 474725
6 138195 138195 138233 138233
56 132836 132836 132873 132873
90 127068 127068 127105 127105
94 93781.6 93781.6 93819.1 93819.1
402 92519.1 92519.1 92556.6 92556.6
416 79015.7 79015.7 79053.2 79053.2
457 61168.9 61168.9 61206.5 61206.5
568 58960.7 58960.7 58998.2 58998.2
574 40896.7 40896.7 40934.3 40934.3
647 35774.2 35774.2 35811.7 35811.7
1079 34426 34426 34463.5 34463.5
1161 24021.7 24021.7 24059.2 24059.2
1367 22062.1 22062.1 22099.6 22099.6
1804 19303.4 19303.4 19340.9 19340.9
1854 16477.8 16477.8 16515.3 16515.3
1921 16377.3 16377.3 16414.8 16414.8
2094 12605.6 12605.6 12643.1 12643.1
2150 40624.9 12605.6 40662.4 12643.1
"function evaluation" "current f(x)" "best-so-far f(x)" "current af(x)+b"  "best af(x)+b"
1 676401 676401 675975 675975
3 633790 633790 633365 633365
6 287939 287939 287514 287514
11 69222.9 69222.9 68797.1 68797.1
339 47822.9 47822.9 47397.2 47397.2
448 13901 13901 13475.2 13475.2
966 13695 13695 13269.3 13269.3
1067 6140.02 6140.02 5714.27 5714.27
1333 5937.04 5937.04 5511.29 5511.29
2150 82860.3 5937.04 82434.5 5511.29
"function evaluation" "current f(x)" "best-so-far f(x)" "current af(x)+b"  "best af(x)+b"
1 274731 274731 274510 274510
3 224541 224541 224320 224320
4 170570 170570 170349 170349
5 129330 129330 129109 129109
126 71077.8 71077.8 70856.9 70856.9
194 70966.9 70966.9 70746 70746
309 58587.1 58587.1 58366.2 58366.2
480 25709.5 25709.5 25488.6 25488.6
806 25164.9 25164.9 24944 24944
1038 19329.6 19329.6 19108.7 19108.7
1102 12858.1 12858.1 12637.2 12637.2
1569 11473.4 11473.4 11252.5 11252.5
2150 147367 11473.4 147147 11252.5
"function evaluation" "current f(x)" "best-so-far f(x)" "current af(x)+b"  "best af(x)+b"
1 238900 238900 238540 238540
51 206420 206420 206061 206061
70 205686 205686 205326 205326
83 197549 197549 197189 197189
101 188413 188413 188053 188053
175 169770 169770 169410 169410
195 84014.8 84014.8 83655.3 83655.3
332 45851.8 45851.8 45492.3 45492.3
421 44377.1 44377.1 44017.7 44017.7
513 30386.8 30386.8 30027.3 30027.3
754 27560.3 27560.3 27200.8 27200.8
803 14044.8 14044.8 13685.3 13685.3
1120 10692.7 10692.7 10333.2 10333.2
2150 116499 10692.7 116140 10333.2
"function evaluation" "current f(x)" "best-so-far f(x)" "current af(x)+b"  "best af(x)+b"
1 474755 474755 474783 474783
2 378362 378362 378389 378389
9 319653 319653 319681 319681
32 57069.4 57069.4 57096.9 57096.9
509 39664.3 39664.3 39691.8 39691.8
995 34921.4 34921.4 34948.9 34948.9
1104 34099.7 34099.7 34127.2 34127.2
1107 33041.7 33041.7 33069.1 33069.1
1127 23440.5 23440.5 23467.9 23467.9
1173 10183.3 10183.3 10210.8 10210.8
1286 9279.98 9279.98 9307.46 9307.46
2125 8257.73 8257.73 8285.21 8285.21
2150 49236.6 8257.73 49264.1 8285.21
"function evaluation" "current f(x)" "best-so-far f(x)" "current af(x)+b"  "best af(x)+b"
1 1.34218e+06 1.34218e+06 1.34222e+06 1.34222e+06
2 985612 985612 985649 985649
3 718292 718292 718328 718328
4 491079 491079 491115 491115
5 362272 362272 362308 362308
19 243732 243732 243769 243769
42 229610 229610 229646 229646
54 206424 206424 206460 206460
59 155750 155750 155786 155786
68 97581.3 97581.3 97617.4 97617.4
402 85889 85889 85925.1 85925.1
410 30362 30362 30398.1 30398.1
554 27939.9 27939.9 27975.9 27975.9
682 19198.3 19198.3 19234.4 19234.4
1342 18569.9 18569.9 18606 18606
1479 18070.5 18070.5 18106.5 18106.5
1827 11552.1 11552.1 11588.2 11588.2
1935 9833.91 9833.91 9870 9870
1992 7417.12 7417.12 7453.21 7453.21
2015 4673.75 4673.75 4709.84 4709.84
2150 137115 4673.75 137151 4709.84
"function evaluation" "current f(x)" "best-so-far f(x)" "current af(x)+b"  "best af(x)+b"
1 622407 622407 622349 622349
2 588520 588520 588462 588462
3 439118 439118 439060 439060
7 420235 420235 420177 420177
8 238953 238953 238895 238895
15 109852 109852 109794 109794
209 88172.9 88172.9 88114.9 88114.9
238 39123.2 39123.2 39065.3 39065.3
653 33499.8 33499.8 33441.9 33441.9
760 31375.8 31375.8 31317.9 31317.9
763 25624.8 25624.8 25566.9 25566.9
779 19568.1 19568.1 19510.2 19510.2
953 18844.1 18844.1 18786.1 18786.1
1260 11776.6 11776.6 11718.6 11718.6
1503 10707.3 10707.3 10649.4 10649.4
1521 9034.24 9034.24 8976.33 8976.33
1830 6662.41 6662.41 6604.5 6604.5
2030 2682.47 2682.47 2624.56 2624.56
2150 156245 2682.47 156187 2624.56
"function evaluation" "current f(x)" "best-so-far f(x)" "current af(x)+b"  "best af(x)+b"
1 371037 371037 370702 370702
2 294577 294577 294242 294242
8 150127 150127 149792 149792
49 136768 136768 136433 136433
50 60563.5 60563.5 60228.6 60228.6
306 57449.4 57449.4 57114.5 57114.5
425 50529.2 50529.2 50194.3 50194.3
481 44194.6 44194.6 43859.6 43859.6
496 26809.4 26809.4 26474.5 26474.5
673 26252.8 26252.8 25917.8 25917.8
746 12752.1 12752.1 12417.2 12417.2
764 8197.82 8197.82 7862.91 7862.91
1616 6614.9 6614.9 6279.99 6279.99
2150 456120 6614.9 455786 6279.99
"function evaluation" "current f(x)" "best-so-far f(x)" "current af(x)+b"  "best af(x)+b"
1 391421 391421 391375 391375
7 356405 356405 356358 356358
12 99392.8 99392.8 99346.1 99346.1
372 58245.2 58245.2 58198.5 58198.5
540 49203.1 49203.1 49156.4 49156.4
665 38146.8 38146.8 38100.1 38100.1
729 35411.9 35411.9 35365.2 35365.2
785 23240.1 23240.1 23193.4 23193.4
1239 13574.5 13574.5 13527.8 13527.8
2150 112335 13574.5 112288 13527.8
"function evaluation" "current f(x)" "best-so-far f(x)" "current af(x)+b"  "best af(x)+b"
1 516908 516908 516815 516815
4 444412 444412 444319 444319
10 332256 332256 332163 332163
11 260252 260252 260159 260159
15 236817 236817 236724 236724
19 226310 226310 226217 226217
52 202626 202626 202533 202533
118 149740 149740 149647 149647
350 122319 122319 122225 122225
408 88995.5 88995.5 88902.4 88902.4
410 87210.8 87210.8 87117.7 87117.7
449 37861.2 37861.2 37768.1 37768.1
1084 26190.6 26190.6 26097.6 26097.6
1131 14535.3 14535.3 14442.2 14442.2
1989 9627.15 9627.15 9534.07 9534.07
2150 88351.9 9627.15 88258.8 9534.07
"function evaluation" "current f(x)" "best-so-far f(x)" "current af(x)+b"  "best af(x)+b"
1 569824 569824 569866 569866
5 314067 314067 314109 314109
39 211349 211349 211391 211391
74 207974 207974 208016 208016
80 164453 164453 164495 164495
84 122315 122315 122357 122357
147 102709 102709 102751 102751
208 52468 52468 52509.6 52509.6
718 51806.9 51806.9 51848.6 51848.6
753 49093 49093 49134.6 49134.6
837 40092.3 40092.3 40134 40134
848 36385.1 36385.1 36426.8 36426.8
947 25464.8 25464.8 25506.4 25506.4
953 20597 20597 20638.6 20638.6
1186 17108.7 17108.7 17150.4 17150.4
1265 15432.2 15432.2 15473.8 15473.8
1898 11861.2 11861.2 11902.9 11902.9
2150 30840 11861.2 30881.7 11902.9
"function evaluation" "current f(x)" "best-so-far f(x)" "current af(x)+b"  "best af(x)+b"
1 979870 979870 979580 979580
2 264095 264095 263806 263806
55 255910 255910 255621 255621
59 242019 242019 241730 241730
65 181546 181546 181257 181257
90 95257.2 95257.2 94967.8 94967.8
324 89553.4 89553.4 89264 89264
423 61697.3 61697.3 61407.9 61407.9
442 44707.2 44707.2 44417.9 44417.9
451 40553.3 40553.3 40263.9 40263.9
808 30567.8 30567.8 30278.5 30278.5
867 29952.4 29952.4 29663.1 29663.1
965 29572.9 29572.9 29283.5 29283.5
1124 27589.1 27589.1 27299.7 27299.7
1160 7746.63 7746.63 7457.27 7457.27
2150 254655 7746.63 254366 7457.27
"function evaluation" "current f(x)" "best-so-far f(x)" "current af(x)+b"  "best af(x)+b"
1 952117 952117 952304 952304
3 596142 596142 596329 596329
4 349662 349662 349849 349849
5 166653 166653 166840 166840
84 123661 123661 123848 123848
269 77366.4 77366.4 77553.3 77553.3
340 50972.1 50972.1 51158.9 51158.9
657 39119.4 39119.4 39306.3 39306.3
716 35908.1 35908.1 36095 36095
788 29844.8 29844.8 30031.6 30031.6
1223 17755.2 17755.2 17942.1 17942.1
1616 16059 16059 16245.9 16245.9
2044 14153.3 14153.3 14340.1 14340.1
2150 79583.9 14153.3 79770.8 14340.1
"function evaluation" "current f(x)" "best-so-far f(x)" "current af(x)+b"  "best af(x)+b"
1 1.32888e+06 1.32888e+06 1.32823e+06 1.32823e+06
2 674052 674052 673404 673404
5 280291 280291 279644 279644
10 204047 204047 203399 203399
41 192289 192289 191642 191642
50 182758 182758 182110 182110
114 97974.7 97974.7 97326.9 97326.9
402 75590.9 75590.9 74943.1 74943.1
444 39218.9 39218.9 38571.2 38571.2
757 26456 26456 25808.2 25808.2
798 24709.5 24709.5 24061.8 24061.8
1306 13690.2 13690.2 13042.4 13042.4
1512 8317.42 8317.42 7669.66 7669.66
1560 7314.26 7314.26 6666.5 6666.5
2150 127832 7314.26 127184 6666.5
"function evaluation" "current f(x)" "best-so-far f(x)" "current af(x)+b"  "best af(x)+b"
1 891703 891703 891702 891702
2 616764 616764 616763 616763
3 436817 436817 436816 436816
10 381394 381394 381393 381393
17 354819 354819 354818 354818
18 233053 233053 233052 233052
36 225938 225938 225936 225936
37 194029 194029 194027 194027
42 146110 146110 146109 146109
74 128084 128084 128082 128082
153 124842 124842 124840 124840
170 100518 100518 100516 100516
191 90585.2 90585.2 90583.7 90583.7
199 82082.9 82082.9 82081.4 82081.4
265 19767.3 19767.3 19765.9 19765.9
824 18767.2 18767.2 18765.7 18765.7
826 10362.4 10362.4 10360.9 10360.9
2117 10315.8 10315.8 10314.3 10314.3
2141 9202.53 9202.53 9201.05 9201.05
2150 43682.9 9202.53 43681.4 9201.05
"function evaluation" "current f(x)" "best-so-far f(x)" "current af(x)+b"  "best af(x)+b"
1 791262 791262 791249 791249
2 733584 733584 733571 733571
3 579863 579863 579850 579850
4 533313 533313 533299 533299
7 529375 529375 529362 529362
10 371285 371285 371271 371271
13 363939 363939 363926 363926
14 227987 227987 227974 227974
48 227452 227452 227439 227439
51 140723 140723 140710 140710
63 90481.8 90481.8 90468.6 90468.6
65 67872.4 67872.4 67859.2 67859.2
70 45290.8 45290.8 45277.5 45277.5
150 39955.8 39955.8 39942.6 39942.6
440 39181.8 39181.8 39168.6 39168.6
457 33141.9 33141.9 33128.7 33128.7
505 23194.7 23194.7 23181.4 23181.4
516 21469.9 21469.9 21456.7 21456.7
689 18935.4 18935.4 18922.2 18922.2
772 12461.7 12461.7 12448.5 12448.5
838 4754.81 4754.81 4741.59 4741.59
2144 3320.88 3320.88 3307.66 3307.66
2150 107652 3320.88 107639 3307.66
"function evaluation" "current f(x)" "best-so-far f(x)" "current af(x)+b"  "best af(x)+b"
1 1.39006e+06 1.39006e+06 1.39002e+06 1.39002e+06
2 979801 979801 979756 979756
3 928083 928083 928039 928039
4 462624 462624 462579 462579
5 425960 425960 425915 425915
7 383894 383894 383850 383850
11 349646 349646 349601 349601
29 309999 309999 309954 309954
45 247422 247422 247377 247377
50 209598 209598 209553 209553
77 167484 167484 167439 167439
199 112219 112219 112175 112175
367 92837.5 92837.5 92792.9 92792.9
401 50251.1 50251.1 50206.5 50206.5
456 48856.1 48856.1 48811.5 48811.5
549 26401.4 26401.4 26356.7 26356.7
776 24603.6 24603.6 24559 24559
786 17652.7 17652.7 17608.1 17608.1
974 9779.69 9779.69 9735.05 9735.05
2150 117858 9779.69 117814 9735.05
"function evaluation" "current f(x)" "best-so-far f(x)" "current af(x)+b"  "best af(x)+b"
1 545848 545848 545675 545675
3 409942 409942 409769 409769
5 327323 327323 327150 327150
9 203945 203945 203772 203772
45 168167 168167 167994 167994
47 109883 109883 109710 109710
70 78494.4 78494.4 78321.3 78321.3
277 74407 74407 74233.9 74233.9
409 54401.3 54401.3 54228.2 54228.2
711 54369.8 54369.8 54196.7 54196.7
763 45678.5 45678.5 45505.4 45505.4
766 30418.8 30418.8 30245.7 30245.7
846 26263.7 26263.7 26090.6 26090.6
988 15587.9 15587.9 15414.8 15414.8
1190 12865.2 12865.2 12692.1 12692.1
1253 9935.12 9935.12 9762.02 9762.02
2150 254755 9935.12 254582 9762.02
"function evaluation" "current f(x)" "best-so-far f(x)" "current af(x)+b"  "best af(x)+b"
1 1.09506e+06 1.09506e+06 1.09509e+06 1.09509e+06
2 501263 501263 501293 501293
3 456896 456896 456926 456926
4 91505.3 91505.3 91535.2 91535.2
58 84691.6 84691.6 84721.5 84721.5
144 59983.4 59983.4 60013.3 60013.3
225 45485.2 45485.2 45515.1 45515.1
254 41892.5 41892.5 41922.4 41922.4
301 36306.8 36306.8 36336.7 36336.7
401 24434.5 24434.5 24464.4 24464.4
461 18841.2 18841.2 18871.1 18871.1
595 17726.7 17726.7 17756.6 17756.6
1182 9704.94 9704.94 9734.84 9734.84
1296 8969.52 8969.52 8999.42 8999.42
2150 123461 8969.52 123491 8999.42
"function evaluation" "current f(x)" "best-so-far f(x)" "current af(x)+b"  "best af(x)+b"
1 652130 652130 652514 652514
3 569942 569942 570326 570326
6 239125 239125 239509 239509
49 177936 177936 178320 178320
77 164068 164068 164452 164452
86 142350 142350 142735 142735
92 36168.5 36168.5 36552.8 36552.8
540 35145.2 35145.2 35529.5 35529.5
752 27479.6 27479.6 27863.9 27863.9
780 16900.8 16900.8 17285.1 17285.1
858 16381.9 16381.9 16766.2 16766.2
862 15402 15402 15786.3 15786.3
1100 6107.4 6107.4 6491.7 6491.7
2150 535221 6107.4 535605 6491.7
"function evaluation" "current f(x)" "best-so-far f(x)" "current af(x)+b"  "best af(x)+b"
1 245087 245087 245262 245262
31 200989 200989 201164 201164
34 195954 195954 196129 196129
51 161783 161783 161958 161958
64 74954.5 74954.5 75129.7 75129.7
237 70783.9 70783.9 70959.1 70959.1
396 30550 30550 30725.2 30725.2
469 30046.8 30046.8 30222 30222
791 17057.2 17057.2 17232.4 17232.4
1113 16828.5 16828.5 17003.7 17003.7
1222 16454.7 16454.7 16629.9 16629.9
1248 15117.2 15117.2 15292.4 15292.4
1977 12926.1 12926.1 13101.3 13101.3
2064 12232.2 12232.2 12407.4 12407.4
2150 36681.8 12232.2 36856.9 12407.4
