"function evaluation" "current f(x)" "best-so-far f(x)" "current af(x)+b"  "best af(x)+b"
1 208905 208905 209054 209054
2 20356.7 20356.7 20505.9 20505.9
4 9468.46 9468.46 9617.61 9617.61
9 5831.71 5831.71 5980.86 5980.86
14 3600.24 3600.24 3749.39 3749.39
27 3308.69 3308.69 3457.84 3457.84
43 338.93 338.93 488.08 488.08
269 247.729 247.729 396.879 396.879
477 227.549 227.549 376.699 376.699
518 178.497 178.497 327.647 327.647
750 12697.8 178.497 12846.9 327.647
"function evaluation" "current f(x)" "best-so-far f(x)" "current af(x)+b"  "best af(x)+b"
1 212276 212276 211276 211276
2 94117.1 94117.1 93117.1 93117.1
5 28112.3 28112.3 27112.3 27112.3
9 16621.9 16621.9 15621.9 15621.9
11 11933.3 11933.3 10933.3 10933.3
23 5361.43 5361.43 4361.43 4361.43
66 3160.5 3160.5 2160.5 2160.5
211 332.216 332.216 -667.784 -667.784
750 13870 332.216 12870 -667.784
"function evaluation" "current f(x)" "best-so-far f(x)" "current af(x)+b"  "best af(x)+b"
1 343202 343202 343300 343300
2 104867 104867 104965 104965
3 33554.1 33554.1 33652.7 33652.7
4 7629.37 7629.37 7727.99 7727.99
12 1281.73 1281.73 1380.35 1380.35
144 571.423 571.423 670.043 670.043
399 408.364 408.364 506.984 506.984
437 204.287 204.287 302.907 302.907
750 41502.1 204.287 41600.7 302.907
"function evaluation" "current f(x)" "best-so-far f(x)" "current af(x)+b"  "best af(x)+b"
1 241987 241987 241940 241940
2 230471 230471 230424 230424
3 19697.6 19697.6 19650.4 19650.4
14 2146.43 2146.43 2099.28 2099.28
124 1418.12 1418.12 1370.97 1370.97
175 409.765 409.765 362.615 362.615
492 401.804 401.804 354.654 354.654
493 120.468 120.468 73.3182 73.3182
596 104.619 104.619 57.4688 57.4688
750 19561.5 104.619 19514.3 57.4688
"function evaluation" "current f(x)" "best-so-far f(x)" "current af(x)+b"  "best af(x)+b"
1 182776 182776 182813 182813
2 132578 132578 132616 132616
3 128101 128101 128139 128139
4 79044.2 79044.2 79081.8 79081.8
7 9405.53 9405.53 9443.05 9443.05
44 1214.21 1214.21 1251.73 1251.73
449 863.613 863.613 901.133 901.133
488 248.436 248.436 285.956 285.956
504 243.466 243.466 280.986 280.986
523 151.065 151.065 188.585 188.585
686 59.6613 59.6613 97.1813 97.1813
750 54314.1 59.6613 54351.6 97.1813
"function evaluation" "current f(x)" "best-so-far f(x)" "current af(x)+b"  "best af(x)+b"
1 109588 109588 109163 109163
3 31102.7 31102.7 30677 30677
5 13647.5 13647.5 13221.7 13221.7
24 561.021 561.021 135.271 135.271
155 347.164 347.164 -78.5864 -78.5864
230 309.569 309.569 -116.181 -116.181
273 124.141 124.141 -301.609 -301.609
750 755848 124.141 755422 -301.609
"function evaluation" "current f(x)" "best-so-far f(x)" "current af(x)+b"  "best af(x)+b"
1 86485.1 86485.1 86264.2 86264.2
2 40181.1 40181.1 39960.2 39960.2
13 7827.49 7827.49 7606.59 7606.59
16 264.261 264.261 43.361 43.361
474 195.769 195.769 -25.1313 -25.1313
750 5955.71 195.769 5734.81 -25.1313
"function evaluation" "current f(x)" "best-so-far f(x)" "current af(x)+b"  "best af(x)+b"
1 33684.9 33684.9 33325.4 33325.4
28 1594.09 1594.09 1234.61 1234.61
398 193.711 193.711 -165.769 -165.769
750 14816 193.711 14456.5 -165.769
"function evaluation" "current f(x)" "best-so-far f(x)" "current af(x)+b"  "best af(x)+b"
1 64884 64884 64911.5 64911.5
6 1734.73 1734.73 1762.21 1762.21
45 1110.08 1110.08 1137.56 1137.56
92 853.054 853.054 880.534 880.534
101 767.597 767.597 795.077 795.077
151 142.626 142.626 170.106 170.106
474 97.3334 97.3334 124.813 124.813
750 100698 97.3334 100725 124.813
"function evaluation" "current f(x)" "best-so-far f(x)" "current af(x)+b"  "best af(x)+b"
1 355327 355327 355363 355363
2 249147 249147 249183 249183
3 120459 120459 120495 120495
4 68132.4 68132.4 68168.5 68168.5
5 17245.9 17245.9 17282 17282
13 7195.73 7195.73 7231.82 7231.82
26 6064.56 6064.56 6100.65 6100.65
28 3709.16 3709.16 3745.25 3745.25
147 349.258 349.258 385.348 385.348
596 107.714 107.714 143.804 143.804
750 744375 107.714 744411 143.804
"function evaluation" "current f(x)" "best-so-far f(x)" "current af(x)+b"  "best af(x)+b"
1 315979 315979 315921 315921
2 16429.1 16429.1 16371.2 16371.2
5 4625.76 4625.76 4567.85 4567.85
26 1290.86 1290.86 1232.95 1232.95
32 946.894 946.894 888.984 888.984
80 851.493 851.493 793.583 793.583
90 469.49 469.49 411.58 411.58
198 318.945 318.945 261.035 261.035
349 273.197 273.197 215.287 215.287
386 246.421 246.421 188.511 188.511
587 170.622 170.622 112.712 112.712
719 170.421 170.421 112.511 112.511
740 127.957 127.957 70.0468 70.0468
750 6914.76 127.957 6856.85 70.0468
"function evaluation" "current f(x)" "best-so-far f(x)" "current af(x)+b"  "best af(x)+b"
1 37009.3 37009.3 36674.4 36674.4
3 8116.27 8116.27 7781.36 7781.36
46 3524.44 3524.44 3189.53 3189.53
59 746.178 746.178 411.268 411.268
162 569.222 569.222 234.312 234.312
177 366.998 366.998 32.0881 32.0881
489 276.636 276.636 -58.2739 -58.2739
632 115.806 115.806 -219.104 -219.104
750 14176.8 115.806 13841.9 -219.104
"function evaluation" "current f(x)" "best-so-far f(x)" "current af(x)+b"  "best af(x)+b"
1 175459 175459 175412 175412
2 169802 169802 169755 169755
5 43415.5 43415.5 43368.8 43368.8
10 17525.3 17525.3 17478.6 17478.6
26 10019.6 10019.6 9972.89 9972.89
33 5963.66 5963.66 5916.96 5916.96
80 5650.09 5650.09 5603.39 5603.39
90 4363.77 4363.77 4317.07 4317.07
143 3197.88 3197.88 3151.18 3151.18
193 2618.54 2618.54 2571.84 2571.84
205 1063.1 1063.1 1016.4 1016.4
440 838.737 838.737 792.037 792.037
458 785.649 785.649 738.949 738.949
460 723.169 723.169 676.469 676.469
487 328.639 328.639 281.939 281.939
593 199.493 199.493 152.793 152.793
664 143.231 143.231 96.5307 96.5307
750 5557.11 143.231 5510.41 96.5307
"function evaluation" "current f(x)" "best-so-far f(x)" "current af(x)+b"  "best af(x)+b"
1 34880.5 34880.5 34787.5 34787.5
9 14469.9 14469.9 14376.8 14376.8
18 9158 9158 9064.92 9064.92
19 8129.73 8129.73 8036.65 8036.65
27 462.602 462.602 369.522 369.522
63 188.751 188.751 95.6706 95.6706
463 175.572 175.572 82.4924 82.4924
470 149.767 149.767 56.687 56.687
516 136.995 136.995 43.9146 43.9146
611 49.6551 49.6551 -43.4249 -43.4249
750 6493.66 49.6551 6400.58 -43.4249
"function evaluation" "current f(x)" "best-so-far f(x)" "current af(x)+b"  "best af(x)+b"
1 75445.3 75445.3 75486.9 75486.9
4 45571.2 45571.2 45612.9 45612.9
5 41229.1 41229.1 41270.8 41270.8
9 28004.7 28004.7 28046.4 28046.4
13 14745.6 14745.6 14787.3 14787.3
15 14354.2 14354.2 14395.9 14395.9
16 6587.02 6587.02 6628.7 6628.7
39 1390 1390 1431.68 1431.68
105 307.849 307.849 349.529 349.529
750 171918 307.849 171960 349.529
"function evaluation" "current f(x)" "best-so-far f(x)" "current af(x)+b"  "best af(x)+b"
1 336627 336627 336338 336338
2 23905.4 23905.4 23616 23616
6 18000.9 18000.9 17711.6 17711.6
19 980.98 980.98 691.62 691.62
322 956.093 956.093 666.733 666.733
425 331.911 331.911 42.5511 42.5511
449 152.902 152.902 -136.458 -136.458
581 128.442 128.442 -160.918 -160.918
619 107.858 107.858 -181.502 -181.502
722 105.971 105.971 -183.389 -183.389
750 20315.2 105.971 20025.9 -183.389
"function evaluation" "current f(x)" "best-so-far f(x)" "current af(x)+b"  "best af(x)+b"
1 98173.6 98173.6 98360.5 98360.5
2 15622.8 15622.8 15809.7 15809.7
5 9947.16 9947.16 10134 10134
24 4480.62 4480.62 4667.49 4667.49
41 1417.1 1417.1 1603.97 1603.97
106 618.931 618.931 805.801 805.801
173 573.785 573.785 760.655 760.655
298 225.587 225.587 412.457 412.457
738 183.623 183.623 370.493 370.493
750 74164 183.623 74350.8 370.493
"function evaluation" "current f(x)" "best-so-far f(x)" "current af(x)+b"  "best af(x)+b"
1 4587.11 4587.11 3939.35 3939.35
16 356.968 356.968 -290.792 -290.792
422 271.044 271.044 -376.716 -376.716
446 260.784 260.784 -386.976 -386.976
750 38582.3 260.784 37934.6 -386.976
"function evaluation" "current f(x)" "best-so-far f(x)" "current af(x)+b"  "best af(x)+b"
1 52531.2 52531.2 52529.8 52529.8
5 43669.4 43669.4 43667.9 43667.9
12 30896 30896 30894.6 30894.6
14 7584.48 7584.48 7583 7583
51 4758.02 4758.02 4756.54 4756.54
52 2141.89 2141.89 2140.41 2140.41
60 239.345 239.345 237.865 237.865
280 137.913 137.913 136.433 136.433
750 3387.65 137.913 3386.17 136.433
"function evaluation" "current f(x)" "best-so-far f(x)" "current af(x)+b"  "best af(x)+b"
1 172557 172557 172544 172544
2 133106 133106 133092 133092
4 79920.9 79920.9 79907.6 79907.6
5 14227.7 14227.7 14214.5 14214.5
13 9707.73 9707.73 9694.51 9694.51
21 6858.22 6858.22 6845 6845
34 6354 6354 6340.78 6340.78
74 403.44 403.44 390.22 390.22
184 298.93 298.93 285.71 285.71
282 31.7213 31.7213 18.5013 18.5013
750 20339.5 31.7213 20326.3 18.5013
"function evaluation" "current f(x)" "best-so-far f(x)" "current af(x)+b"  "best af(x)+b"
1 158972 158972 158928 158928
2 8828.64 8828.64 8784 8784
11 3825.76 3825.76 3781.12 3781.12
17 799.938 799.938 755.298 755.298
46 290.419 290.419 245.779 245.779
257 195.388 195.388 150.748 150.748
750 577473 195.388 577428 150.748
"function evaluation" "current f(x)" "best-so-far f(x)" "current af(x)+b"  "best af(x)+b"
1 361581 361581 361408 361408
2 90568.9 90568.9 90395.8 90395.8
3 8398.31 8398.31 8225.21 8225.21
23 8198.77 8198.77 8025.67 8025.67
35 2534.53 2534.53 2361.43 2361.43
42 471.956 471.956 298.856 298.856
140 445.388 445.388 272.288 272.288
267 245.953 245.953 72.8527 72.8527
341 220.701 220.701 47.6005 47.6005
418 61.737 61.737 -111.363 -111.363
750 67725.7 61.737 67552.6 -111.363
"function evaluation" "current f(x)" "best-so-far f(x)" "current af(x)+b"  "best af(x)+b"
1 53067.4 53067.4 53097.3 53097.3
3 50840 50840 50869.9 50869.9
8 36420.2 36420.2 36450.1 36450.1
9 7983.31 7983.31 8013.21 8013.21
15 5989.58 5989.58 6019.48 6019.48
36 5832.95 5832.95 5862.85 5862.85
37 2636.35 2636.35 2666.25 2666.25
57 963.527 963.527 993.427 993.427
104 874.655 874.655 904.555 904.555
154 822.874 822.874 852.774 852.774
418 374.569 374.569 404.469 404.469
420 374.157 374.157 404.057 404.057
527 204.063 204.063 233.963 233.963
750 35785.5 204.063 35815.4 233.963
"function evaluation" "current f(x)" "best-so-far f(x)" "current af(x)+b"  "best af(x)+b"
1 5896.28 5896.28 6280.58 6280.58
24 2580.59 2580.59 2964.89 2964.89
50 881.117 881.117 1265.42 1265.42
295 859.649 859.649 1243.95 1243.95
412 839.144 839.144 1223.44 1223.44
447 442.441 442.441 826.741 826.741
513 275.951 275.951 660.251 660.251
666 210.428 210.428 594.728 594.728
750 7430.36 210.428 7814.66 594.728
"function evaluation" "current f(x)" "best-so-far f(x)" "current af(x)+b"  "best af(x)+b"
1 10294.1 10294.1 10469.3 10469.3
3 6818.56 6818.56 6993.74 6993.74
30 5412.98 5412.98 5588.16 5588.16
52 3067.85 3067.85 3243.03 3243.03
79 547.183 547.183 722.363 722.363
162 43.9974 43.9974 219.177 219.177
698 26.4941 26.4941 201.674 201.674
750 4135.89 26.4941 4311.07 201.674
