"function evaluation" "current f(x)" "best-so-far f(x)" "current af(x)+b"  "best af(x)+b"
1 61.2143 61.2143 132.564 132.564
2 48.3174 48.3174 119.667 119.667
11 43.1449 43.1449 114.495 114.495
34 34.8016 34.8016 106.152 106.152
214 28.7486 28.7486 100.099 100.099
1530 25.6176 25.6176 96.9676 96.9676
2150 68.5129 25.6176 139.863 96.9676
"function evaluation" "current f(x)" "best-so-far f(x)" "current af(x)+b"  "best af(x)+b"
1 71.7478 71.7478 -283.472 -283.472
2 64.0681 64.0681 -291.152 -291.152
6 62.6356 62.6356 -292.584 -292.584
7 50.5839 50.5839 -304.636 -304.636
11 46.6108 46.6108 -308.609 -308.609
14 42.8429 42.8429 -312.377 -312.377
19 40.4479 40.4479 -314.772 -314.772
98 40.3806 40.3806 -314.839 -314.839
102 33.2181 33.2181 -322.002 -322.002
327 32.6572 32.6572 -322.563 -322.563
622 23.5575 23.5575 -331.662 -331.662
2150 100.605 23.5575 -254.615 -331.662
"function evaluation" "current f(x)" "best-so-far f(x)" "current af(x)+b"  "best af(x)+b"
1 64.1868 64.1868 163.357 163.357
2 52.5443 52.5443 151.714 151.714
3 44.8447 44.8447 144.015 144.015
176 34.0701 34.0701 133.24 133.24
790 33.9202 33.9202 133.09 133.09
1381 30.8423 30.8423 130.012 130.012
2150 61.263 30.8423 160.433 130.012
"function evaluation" "current f(x)" "best-so-far f(x)" "current af(x)+b"  "best af(x)+b"
1 79.0469 79.0469 -438.863 -438.863
3 63.1787 63.1787 -454.731 -454.731
11 59.8242 59.8242 -458.086 -458.086
16 47.2072 47.2072 -470.703 -470.703
25 46.4269 46.4269 -471.483 -471.483
55 43.158 43.158 -474.752 -474.752
72 37.38 37.38 -480.53 -480.53
226 29.592 29.592 -488.318 -488.318
642 29.0543 29.0543 -488.856 -488.856
2150 86.3915 29.0543 -431.518 -488.856
"function evaluation" "current f(x)" "best-so-far f(x)" "current af(x)+b"  "best af(x)+b"
1 103.185 103.185 45.9752 45.9752
2 66.6605 66.6605 9.4505 9.4505
5 55.4139 55.4139 -1.79615 -1.79615
8 52.6029 52.6029 -4.6071 -4.6071
20 42.1755 42.1755 -15.0345 -15.0345
64 40.5851 40.5851 -16.6249 -16.6249
90 39.7547 39.7547 -17.4553 -17.4553
359 27.2127 27.2127 -29.9973 -29.9973
1314 23.0459 23.0459 -34.1641 -34.1641
2150 43.5405 23.0459 -13.6695 -34.1641
"function evaluation" "current f(x)" "best-so-far f(x)" "current af(x)+b"  "best af(x)+b"
1 111.282 111.282 83.5015 83.5015
2 76.3497 76.3497 48.5697 48.5697
6 65.5458 65.5458 37.7658 37.7658
7 63.9126 63.9126 36.1326 36.1326
11 62.564 62.564 34.784 34.784
15 47.3266 47.3266 19.5466 19.5466
95 41.7436 41.7436 13.9636 13.9636
236 39.8034 39.8034 12.0234 12.0234
383 38.276 38.276 10.496 10.496
593 35.5846 35.5846 7.80464 7.80464
904 32.1442 32.1442 4.36419 4.36419
1006 28.9778 28.9778 1.19776 1.19776
1512 26.3493 26.3493 -1.43067 -1.43067
2150 66.2223 26.3493 38.4423 -1.43067
"function evaluation" "current f(x)" "best-so-far f(x)" "current af(x)+b"  "best af(x)+b"
1 115.806 115.806 67.0965 67.0965
2 49.454 49.454 0.743979 0.743979
11 45.1249 45.1249 -3.58512 -3.58512
97 25.7454 25.7454 -22.9646 -22.9646
2150 71.1878 25.7454 22.4778 -22.9646
"function evaluation" "current f(x)" "best-so-far f(x)" "current af(x)+b"  "best af(x)+b"
1 72.4028 72.4028 -94.3872 -94.3872
2 59.88 59.88 -106.91 -106.91
8 47.7713 47.7713 -119.019 -119.019
67 32.0665 32.0665 -134.724 -134.724
566 26.5303 26.5303 -140.26 -140.26
2150 97.0098 26.5303 -69.7802 -140.26
"function evaluation" "current f(x)" "best-so-far f(x)" "current af(x)+b"  "best af(x)+b"
1 84.8014 84.8014 1084.8 1084.8
2 23.5273 23.5273 1023.53 1023.53
1779 20.8843 20.8843 1020.88 1020.88
2150 85.9865 20.8843 1085.99 1020.88
"function evaluation" "current f(x)" "best-so-far f(x)" "current af(x)+b"  "best af(x)+b"
1 65.2089 65.2089 46.7389 46.7389
4 50.5568 50.5568 32.0868 32.0868
20 48.3346 48.3346 29.8646 29.8646
22 43.2401 43.2401 24.7701 24.7701
171 39.3326 39.3326 20.8626 20.8626
303 36.8615 36.8615 18.3915 18.3915
370 31.9949 31.9949 13.5249 13.5249
1012 31.23 31.23 12.76 12.76
1991 29.9447 29.9447 11.4747 11.4747
2083 29.0048 29.0048 10.5348 10.5348
2150 63.8485 29.0048 45.3785 10.5348
"function evaluation" "current f(x)" "best-so-far f(x)" "current af(x)+b"  "best af(x)+b"
1 112.302 112.302 52.5916 52.5916
2 67.1514 67.1514 7.4414 7.4414
5 60.5352 60.5352 0.825225 0.825225
15 58.9379 58.9379 -0.772087 -0.772087
24 51.2401 51.2401 -8.46994 -8.46994
75 46.7581 46.7581 -12.9519 -12.9519
225 40.9601 40.9601 -18.7499 -18.7499
249 35.8649 35.8649 -23.8451 -23.8451
514 28.3291 28.3291 -31.3809 -31.3809
1846 24.9494 24.9494 -34.7606 -34.7606
2150 117.427 24.9494 57.7168 -34.7606
"function evaluation" "current f(x)" "best-so-far f(x)" "current af(x)+b"  "best af(x)+b"
1 73.6183 73.6183 -23.2217 -23.2217
5 46.9679 46.9679 -49.8721 -49.8721
16 38.8788 38.8788 -57.9612 -57.9612
254 34.0635 34.0635 -62.7765 -62.7765
439 33.1678 33.1678 -63.6722 -63.6722
1720 26.9226 26.9226 -69.9174 -69.9174
2150 66.4505 26.9226 -30.3895 -69.9174
"function evaluation" "current f(x)" "best-so-far f(x)" "current af(x)+b"  "best af(x)+b"
1 108.665 108.665 140.735 140.735
2 57.4807 57.4807 89.5507 89.5507
32 53.4815 53.4815 85.5515 85.5515
62 50.4751 50.4751 82.5451 82.5451
83 49.2079 49.2079 81.2779 81.2779
94 45.0668 45.0668 77.1368 77.1368
232 43.6176 43.6176 75.6876 75.6876
391 42.4094 42.4094 74.4794 74.4794
429 35.6739 35.6739 67.7439 67.7439
778 31.2801 31.2801 63.3501 63.3501
2150 51.9317 31.2801 84.0017 63.3501
"function evaluation" "current f(x)" "best-so-far f(x)" "current af(x)+b"  "best af(x)+b"
1 97.4785 97.4785 123.718 123.718
2 60.4893 60.4893 86.7293 86.7293
6 40.1687 40.1687 66.4087 66.4087
340 34.0955 34.0955 60.3355 60.3355
1036 32.8837 32.8837 59.1237 59.1237
1878 29.3523 29.3523 55.5923 55.5923
1981 23.8135 23.8135 50.0535 50.0535
2150 101.256 23.8135 127.496 50.0535
"function evaluation" "current f(x)" "best-so-far f(x)" "current af(x)+b"  "best af(x)+b"
1 42.2654 42.2654 26.1654 26.1654
193 41.5567 41.5567 25.4567 25.4567
242 33.2411 33.2411 17.1411 17.1411
886 32.5794 32.5794 16.4794 16.4794
1896 31.136 31.136 15.036 15.036
2015 27.8411 27.8411 11.7411 11.7411
2150 124.283 27.8411 108.183 11.7411
"function evaluation" "current f(x)" "best-so-far f(x)" "current af(x)+b"  "best af(x)+b"
1 69.4932 69.4932 96.8632 96.8632
6 46.3829 46.3829 73.7529 73.7529
9 40.7389 40.7389 68.1089 68.1089
23 37.9243 37.9243 65.2943 65.2943
317 35.7105 35.7105 63.0805 63.0805
341 28.2759 28.2759 55.6459 55.6459
1310 23.9438 23.9438 51.3138 51.3138
2150 86.4515 23.9438 113.821 51.3138
"function evaluation" "current f(x)" "best-so-far f(x)" "current af(x)+b"  "best af(x)+b"
1 71.8472 71.8472 -61.3428 -61.3428
2 59.6203 59.6203 -73.5697 -73.5697
3 54.7727 54.7727 -78.4173 -78.4173
23 53.9097 53.9097 -79.2803 -79.2803
72 53.2152 53.2152 -79.9748 -79.9748
88 52.4629 52.4629 -80.7271 -80.7271
101 47.1512 47.1512 -86.0388 -86.0388
112 45.1462 45.1462 -88.0438 -88.0438
151 31.5449 31.5449 -101.645 -101.645
2150 87.4599 31.5449 -45.7301 -101.645
"function evaluation" "current f(x)" "best-so-far f(x)" "current af(x)+b"  "best af(x)+b"
1 42.5732 42.5732 53.4932 53.4932
251 27.3308 27.3308 38.2508 38.2508
2150 44.5337 27.3308 55.4537 38.2508
"function evaluation" "current f(x)" "best-so-far f(x)" "current af(x)+b"  "best af(x)+b"
1 77.0644 77.0644 -18.3856 -18.3856
2 65.8736 65.8736 -29.5764 -29.5764
12 65.5953 65.5953 -29.8547 -29.8547
13 54.6484 54.6484 -40.8016 -40.8016
22 45.2214 45.2214 -50.2286 -50.2286
36 36.0104 36.0104 -59.4396 -59.4396
369 33.1831 33.1831 -62.2669 -62.2669
1024 32.5288 32.5288 -62.9212 -62.9212
1647 31.0162 31.0162 -64.4338 -64.4338
2150 72.4511 31.0162 -22.9989 -64.4338
"function evaluation" "current f(x)" "best-so-far f(x)" "current af(x)+b"  "best af(x)+b"
1 60.6887 60.6887 501.899 501.899
11 35.2984 35.2984 476.508 476.508
72 34.3044 34.3044 475.514 475.514
527 33.1895 33.1895 474.399 474.399
1422 32.3903 32.3903 473.6 473.6
2022 28.6774 28.6774 469.887 469.887
2064 27.2715 27.2715 468.481 468.481
2150 101.964 27.2715 543.174 468.481
"function evaluation" "current f(x)" "best-so-far f(x)" "current af(x)+b"  "best af(x)+b"
1 78.4464 78.4464 532.986 532.986
5 64.2328 64.2328 518.773 518.773
21 57.0603 57.0603 511.6 511.6
28 47.9752 47.9752 502.515 502.515
32 39.62 39.62 494.16 494.16
94 31.9371 31.9371 486.477 486.477
585 31.9179 31.9179 486.458 486.458
619 30.0506 30.0506 484.591 484.591
1011 26.2066 26.2066 480.747 480.747
1165 25.562 25.562 480.102 480.102
2150 119.181 25.562 573.721 480.102
"function evaluation" "current f(x)" "best-so-far f(x)" "current af(x)+b"  "best af(x)+b"
1 78.1148 78.1148 -759.125 -759.125
3 39.6167 39.6167 -797.623 -797.623
12 38.0479 38.0479 -799.192 -799.192
57 36.3368 36.3368 -800.903 -800.903
143 34.5919 34.5919 -802.648 -802.648
861 32.0797 32.0797 -805.16 -805.16
1444 23.7102 23.7102 -813.53 -813.53
2150 78.491 23.7102 -758.749 -813.53
"function evaluation" "current f(x)" "best-so-far f(x)" "current af(x)+b"  "best af(x)+b"
1 111.584 111.584 487.704 487.704
2 69.739 69.739 445.859 445.859
4 62.2809 62.2809 438.401 438.401
12 55.8012 55.8012 431.921 431.921
32 28.6214 28.6214 404.741 404.741
223 27.5646 27.5646 403.685 403.685
1212 27.4899 27.4899 403.61 403.61
2150 101.094 27.4899 477.214 403.61
"function evaluation" "current f(x)" "best-so-far f(x)" "current af(x)+b"  "best af(x)+b"
1 109.763 109.763 33.4135 33.4135
2 99.1652 99.1652 22.8152 22.8152
3 70.134 70.134 -6.21605 -6.21605
13 53.6297 53.6297 -22.7203 -22.7203
28 52.3879 52.3879 -23.9621 -23.9621
64 49.996 49.996 -26.354 -26.354
66 40.7692 40.7692 -35.5808 -35.5808
78 35.5444 35.5444 -40.8056 -40.8056
298 33.7785 33.7785 -42.5715 -42.5715
1433 29.5138 29.5138 -46.8362 -46.8362
2002 28.2836 28.2836 -48.0664 -48.0664
2150 113.864 28.2836 37.5142 -48.0664
"function evaluation" "current f(x)" "best-so-far f(x)" "current af(x)+b"  "best af(x)+b"
1 63.7468 63.7468 -709.983 -709.983
5 54.0622 54.0622 -719.668 -719.668
11 44.542 44.542 -729.188 -729.188
113 41.7967 41.7967 -731.933 -731.933
136 40.1914 40.1914 -733.539 -733.539
155 31.0684 31.0684 -742.662 -742.662
816 30.5958 30.5958 -743.134 -743.134
2150 112.035 30.5958 -661.695 -743.134
