"function evaluation" "current f(x)" "best-so-far f(x)" "current af(x)+b"  "best af(x)+b"
1 147.837 147.837 250.447 250.447
7 94.9742 94.9742 197.584 197.584
8 85.6367 85.6367 188.247 188.247
19 48.8239 48.8239 151.434 151.434
629 31.6446 31.6446 134.255 134.255
1418 15.5595 15.5595 118.169 118.169
1805 15.4527 15.4527 118.063 118.063
13326 15.3319 15.3319 117.942 117.942
29943 14.1949 14.1949 116.805 116.805
35329 11.5809 11.5809 114.191 114.191
50050 558365 11.5809 558467 114.191
"function evaluation" "current f(x)" "best-so-far f(x)" "current af(x)+b"  "best af(x)+b"
1 119.768 119.768 213.068 213.068
4 62.7061 62.7061 156.006 156.006
23 54.3721 54.3721 147.672 147.672
212 50.761 50.761 144.061 144.061
502 43.8218 43.8218 137.122 137.122
1002 31.1912 31.1912 124.491 124.491
1602 30.197 30.197 123.497 123.497
3231 22.433 22.433 115.733 115.733
3706 11.3756 11.3756 104.676 104.676
20015 11.0845 11.0845 104.384 104.384
50050 623479 11.0845 623572 104.384
"function evaluation" "current f(x)" "best-so-far f(x)" "current af(x)+b"  "best af(x)+b"
1 97.3753 97.3753 111.015 111.015
4 60.6883 60.6883 74.3283 74.3283
34 58.4915 58.4915 72.1315 72.1315
137 49.0966 49.0966 62.7366 62.7366
326 36.3223 36.3223 49.9623 49.9623
934 29.041 29.041 42.681 42.681
3710 28.434 28.434 42.074 42.074
3728 27.0757 27.0757 40.7157 40.7157
3817 24.6251 24.6251 38.2651 38.2651
6136 17.2341 17.2341 30.8741 30.8741
11933 14.9767 14.9767 28.6167 28.6167
11939 8.23002 8.23002 21.87 21.87
50050 68.0633 8.23002 81.7033 21.87
"function evaluation" "current f(x)" "best-so-far f(x)" "current af(x)+b"  "best af(x)+b"
1 220.597 220.597 415.397 415.397
2 113.673 113.673 308.473 308.473
4 107.544 107.544 302.344 302.344
6 103.803 103.803 298.603 298.603
8 98.7819 98.7819 293.582 293.582
12 95.7336 95.7336 290.534 290.534
17 61.5782 61.5782 256.378 256.378
29 58.0464 58.0464 252.846 252.846
146 54.4423 54.4423 249.242 249.242
205 30.4502 30.4502 225.25 225.25
841 19.6029 19.6029 214.403 214.403
4750 15.3615 15.3615 210.162 210.162
11525 15.063 15.063 209.863 209.863
14709 14.9179 14.9179 209.718 209.718
22038 13.3023 13.3023 208.102 208.102
50050 84.5362 13.3023 279.336 208.102
"function evaluation" "current f(x)" "best-so-far f(x)" "current af(x)+b"  "best af(x)+b"
1 127.837 127.837 -5.7533 -5.7533
6 111.978 111.978 -21.612 -21.612
7 94.7409 94.7409 -38.8491 -38.8491
8 91.0987 91.0987 -42.4913 -42.4913
13 73.1704 73.1704 -60.4196 -60.4196
22 57.6599 57.6599 -75.9301 -75.9301
201 51.104 51.104 -82.486 -82.486
218 46.2671 46.2671 -87.3229 -87.3229
701 42.4652 42.4652 -91.1248 -91.1248
714 37.7261 37.7261 -95.8639 -95.8639
801 25.5236 25.5236 -108.066 -108.066
2845 23.8087 23.8087 -109.781 -109.781
13914 22.0013 22.0013 -111.589 -111.589
14903 18.9872 18.9872 -114.603 -114.603
16849 18.9039 18.9039 -114.686 -114.686
26121 17.0761 17.0761 -116.514 -116.514
30034 13.2615 13.2615 -120.329 -120.329
50050 88.8112 13.2615 -44.7788 -120.329
"function evaluation" "current f(x)" "best-so-far f(x)" "current af(x)+b"  "best af(x)+b"
1 106.715 106.715 261.085 261.085
10 89.6558 89.6558 244.026 244.026
11 74.8651 74.8651 229.235 229.235
22 71.735 71.735 226.105 226.105
109 69.6863 69.6863 224.056 224.056
134 44.6369 44.6369 199.007 199.007
601 34.8692 34.8692 189.239 189.239
904 34.2888 34.2888 188.659 188.659
2337 33.032 33.032 187.402 187.402
3204 22.263 22.263 176.633 176.633
4601 19.6989 19.6989 174.069 174.069
18939 19.5445 19.5445 173.914 173.914
20837 11.634 11.634 166.004 166.004
50050 77.1927 11.634 231.563 166.004
"function evaluation" "current f(x)" "best-so-far f(x)" "current af(x)+b"  "best af(x)+b"
1 103.858 103.858 -184.472 -184.472
4 84.2298 84.2298 -204.1 -204.1
14 62.8378 62.8378 -225.492 -225.492
41 47.6926 47.6926 -240.637 -240.637
239 42.5894 42.5894 -245.741 -245.741
340 41.2576 41.2576 -247.072 -247.072
349 28.6283 28.6283 -259.702 -259.702
1643 21.7828 21.7828 -266.547 -266.547
15622 21.7714 21.7714 -266.559 -266.559
26845 18.8092 18.8092 -269.521 -269.521
32247 18.3402 18.3402 -269.99 -269.99
50050 4.37485e+06 18.3402 4.37457e+06 -269.99
"function evaluation" "current f(x)" "best-so-far f(x)" "current af(x)+b"  "best af(x)+b"
1 145.002 145.002 -393.108 -393.108
3 125.18 125.18 -412.93 -412.93
5 121.485 121.485 -416.625 -416.625
8 88.7779 88.7779 -449.332 -449.332
9 82.6355 82.6355 -455.474 -455.474
15 82.4537 82.4537 -455.656 -455.656
28 75.9965 75.9965 -462.113 -462.113
125 60.5119 60.5119 -477.598 -477.598
607 41.9571 41.9571 -496.153 -496.153
1402 36.1194 36.1194 -501.991 -501.991
2908 35.5218 35.5218 -502.588 -502.588
2928 21.9475 21.9475 -516.163 -516.163
4848 21.7105 21.7105 -516.4 -516.4
9010 10.4695 10.4695 -527.641 -527.641
50050 5036.07 10.4695 4497.96 -527.641
"function evaluation" "current f(x)" "best-so-far f(x)" "current af(x)+b"  "best af(x)+b"
1 132.898 132.898 880.718 880.718
5 130.019 130.019 877.839 877.839
6 77.238 77.238 825.058 825.058
17 57.8324 57.8324 805.652 805.652
140 57.3699 57.3699 805.19 805.19
611 26.7242 26.7242 774.544 774.544
4209 23.586 23.586 771.406 771.406
4942 23.331 23.331 771.151 771.151
6520 22.7334 22.7334 770.553 770.553
9441 22.0397 22.0397 769.86 769.86
20603 20.5889 20.5889 768.409 768.409
25829 17.2126 17.2126 765.033 765.033
28334 15.559 15.559 763.379 763.379
50050 157.075 15.559 904.895 763.379
"function evaluation" "current f(x)" "best-so-far f(x)" "current af(x)+b"  "best af(x)+b"
1 198.288 198.288 214.958 214.958
3 101.712 101.712 118.382 118.382
4 66.444 66.444 83.114 83.114
17 55.0709 55.0709 71.7409 71.7409
231 46.3201 46.3201 62.9901 62.9901
303 45.7546 45.7546 62.4246 62.4246
335 42.0621 42.0621 58.7321 58.7321
338 33.6259 33.6259 50.2959 50.2959
1326 30.4203 30.4203 47.0903 47.0903
1601 19.417 19.417 36.087 36.087
3432 17.7313 17.7313 34.4013 34.4013
13834 8.79495 8.79495 25.4649 25.4649
50050 325.174 8.79495 341.844 25.4649
"function evaluation" "current f(x)" "best-so-far f(x)" "current af(x)+b"  "best af(x)+b"
1 238.047 238.047 175.277 175.277
2 133.441 133.441 70.6713 70.6713
6 102.719 102.719 39.9495 39.9495
10 99.8196 99.8196 37.0496 37.0496
11 97.5264 97.5264 34.7564 34.7564
13 85.832 85.832 23.062 23.062
24 67.6656 67.6656 4.89558 4.89558
30 54.299 54.299 -8.471 -8.471
409 51.4122 51.4122 -11.3578 -11.3578
413 45.6609 45.6609 -17.1091 -17.1091
1203 39.1839 39.1839 -23.5861 -23.5861
1739 33.2894 33.2894 -29.4806 -29.4806
1915 30.2512 30.2512 -32.5188 -32.5188
2515 23.4148 23.4148 -39.3552 -39.3552
4326 23.3675 23.3675 -39.4025 -39.4025
12136 19.1578 19.1578 -43.6122 -43.6122
23308 17.5687 17.5687 -45.2013 -45.2013
37450 17.239 17.239 -45.531 -45.531
41640 15.4558 15.4558 -47.3142 -47.3142
50050 84.3785 15.4558 21.6085 -47.3142
"function evaluation" "current f(x)" "best-so-far f(x)" "current af(x)+b"  "best af(x)+b"
1 125.298 125.298 136.258 136.258
3 118.763 118.763 129.723 129.723
5 87.86 87.86 98.82 98.82
16 85.7062 85.7062 96.6662 96.6662
20 84.8762 84.8762 95.8362 95.8362
23 78.8024 78.8024 89.7624 89.7624
30 72.2701 72.2701 83.2301 83.2301
37 70.7124 70.7124 81.6724 81.6724
204 69.3881 69.3881 80.3481 80.3481
302 52.2769 52.2769 63.2369 63.2369
507 34.7556 34.7556 45.7156 45.7156
1001 33.6269 33.6269 44.5869 44.5869
1331 21.3929 21.3929 32.3529 32.3529
8643 9.36583 9.36583 20.3258 20.3258
50050 72.1574 9.36583 83.1174 20.3258
"function evaluation" "current f(x)" "best-so-far f(x)" "current af(x)+b"  "best af(x)+b"
1 43.4546 43.4546 133.835 133.835
306 43.1705 43.1705 133.551 133.551
312 40.43 40.43 130.81 130.81
327 32.6473 32.6473 123.027 123.027
1530 31.0805 31.0805 121.46 121.46
2850 22.9923 22.9923 113.372 113.372
3807 21.3469 21.3469 111.727 111.727
5137 14.6602 14.6602 105.04 105.04
28519 14.0879 14.0879 104.468 104.468
40536 13.4563 13.4563 103.836 103.836
50050 577.441 13.4563 667.821 103.836
"function evaluation" "current f(x)" "best-so-far f(x)" "current af(x)+b"  "best af(x)+b"
1 174.132 174.132 -89.3883 -89.3883
2 146.358 146.358 -117.162 -117.162
8 124.986 124.986 -138.534 -138.534
9 97.9112 97.9112 -165.609 -165.609
11 80.0466 80.0466 -183.473 -183.473
12 76.4646 76.4646 -187.055 -187.055
231 68.7623 68.7623 -194.758 -194.758
325 66.5998 66.5998 -196.92 -196.92
601 63.9839 63.9839 -199.536 -199.536
647 50.0662 50.0662 -213.454 -213.454
731 50.0566 50.0566 -213.463 -213.463
810 31.1919 31.1919 -232.328 -232.328
819 21.6468 21.6468 -241.873 -241.873
14614 19.8904 19.8904 -243.63 -243.63
14643 15.1251 15.1251 -248.395 -248.395
50050 46.815 15.1251 -216.705 -248.395
"function evaluation" "current f(x)" "best-so-far f(x)" "current af(x)+b"  "best af(x)+b"
1 122.281 122.281 432.471 432.471
6 97.3212 97.3212 407.511 407.511
13 82.2627 82.2627 392.453 392.453
29 60.2034 60.2034 370.393 370.393
136 56.2149 56.2149 366.405 366.405
217 53.8742 53.8742 364.064 364.064
321 51.7906 51.7906 361.981 361.981
702 50.832 50.832 361.022 361.022
838 36.6569 36.6569 346.847 346.847
1625 35.6474 35.6474 345.837 345.837
2804 34.4626 34.4626 344.653 344.653
2849 28.471 28.471 338.661 338.661
3706 28.2107 28.2107 338.401 338.401
5408 17.9897 17.9897 328.18 328.18
5431 16.7843 16.7843 326.974 326.974
11928 15.2271 15.2271 325.417 325.417
44736 14.0566 14.0566 324.247 324.247
50050 606812 14.0566 607122 324.247
"function evaluation" "current f(x)" "best-so-far f(x)" "current af(x)+b"  "best af(x)+b"
1 76.0537 76.0537 19.6737 19.6737
16 53.5332 53.5332 -2.84677 -2.84677
46 49.7009 49.7009 -6.67908 -6.67908
423 17.7192 17.7192 -38.6608 -38.6608
29123 15.8304 15.8304 -40.5496 -40.5496
42240 15.2908 15.2908 -41.0892 -41.0892
50050 46.7106 15.2908 -9.66938 -41.0892
"function evaluation" "current f(x)" "best-so-far f(x)" "current af(x)+b"  "best af(x)+b"
1 129.722 129.722 -870.278 -870.278
2 75.3267 75.3267 -924.673 -924.673
12 73.4017 73.4017 -926.598 -926.598
13 69.4476 69.4476 -930.552 -930.552
16 56.4101 56.4101 -943.59 -943.59
208 36.9946 36.9946 -963.005 -963.005
825 32.9542 32.9542 -967.046 -967.046
4803 31.3745 31.3745 -968.626 -968.626
6124 27.7224 27.7224 -972.278 -972.278
6308 21.9379 21.9379 -978.062 -978.062
12015 14.1594 14.1594 -985.841 -985.841
38317 13.8278 13.8278 -986.172 -986.172
50050 5053.22 13.8278 4053.22 -986.172
"function evaluation" "current f(x)" "best-so-far f(x)" "current af(x)+b"  "best af(x)+b"
1 106.459 106.459 141.939 141.939
5 97.1434 97.1434 132.623 132.623
7 66.3752 66.3752 101.855 101.855
28 60.2111 60.2111 95.6911 95.6911
103 54.5629 54.5629 90.0429 90.0429
149 54.3764 54.3764 89.8564 89.8564
401 51.1439 51.1439 86.6239 86.6239
448 45.1934 45.1934 80.6734 80.6734
937 37.406 37.406 72.886 72.886
1243 35.9973 35.9973 71.4773 71.4773
2520 33.3653 33.3653 68.8453 68.8453
2529 21.7144 21.7144 57.1944 57.1944
6323 17.4821 17.4821 52.9621 52.9621
34615 9.58902 9.58902 45.069 45.069
50050 67.5223 9.58902 103.002 45.069
"function evaluation" "current f(x)" "best-so-far f(x)" "current af(x)+b"  "best af(x)+b"
1 173.062 173.062 120.432 120.432
3 144.326 144.326 91.6959 91.6959
5 134.973 134.973 82.3427 82.3427
6 107.807 107.807 55.1771 55.1771
10 102.211 102.211 49.5813 49.5813
11 100.045 100.045 47.4154 47.4154
12 97.3376 97.3376 44.7076 44.7076
13 79.9997 79.9997 27.3697 27.3697
15 69.748 69.748 17.118 17.118
39 65.0595 65.0595 12.4295 12.4295
108 60.1804 60.1804 7.55044 7.55044
146 51.2023 51.2023 -1.42771 -1.42771
433 39.1089 39.1089 -13.5211 -13.5211
525 23.1096 23.1096 -29.5204 -29.5204
21206 16.0717 16.0717 -36.5583 -36.5583
28620 15.7214 15.7214 -36.9086 -36.9086
50050 1.59085e+06 15.7214 1.5908e+06 -36.9086
"function evaluation" "current f(x)" "best-so-far f(x)" "current af(x)+b"  "best af(x)+b"
1 129.109 129.109 -559.781 -559.781
2 113.184 113.184 -575.706 -575.706
3 75.674 75.674 -613.216 -613.216
31 62.1593 62.1593 -626.731 -626.731
46 55.9215 55.9215 -632.968 -632.968
146 51.1161 51.1161 -637.774 -637.774
644 48.128 48.128 -640.762 -640.762
704 15.9859 15.9859 -672.904 -672.904
20441 14.2375 14.2375 -674.652 -674.652
50050 20452.2 14.2375 19763.3 -674.652
"function evaluation" "current f(x)" "best-so-far f(x)" "current af(x)+b"  "best af(x)+b"
1 125.856 125.856 84.966 84.966
6 78.6685 78.6685 37.7785 37.7785
13 61.233 61.233 20.343 20.343
325 58.9416 58.9416 18.0516 18.0516
404 48.1115 48.1115 7.22146 7.22146
1124 47.7279 47.7279 6.83792 6.83792
1132 47.6324 47.6324 6.74244 6.74244
1808 39.463 39.463 -1.42704 -1.42704
3511 38.6442 38.6442 -2.2458 -2.2458
3649 23.0915 23.0915 -17.7985 -17.7985
8633 10.524 10.524 -30.366 -30.366
50050 163.652 10.524 122.762 -30.366
"function evaluation" "current f(x)" "best-so-far f(x)" "current af(x)+b"  "best af(x)+b"
1 157.621 157.621 -93.6191 -93.6191
2 101.297 101.297 -149.943 -149.943
4 80.364 80.364 -170.876 -170.876
9 62.1102 62.1102 -189.13 -189.13
24 49.1147 49.1147 -202.125 -202.125
315 37.5405 37.5405 -213.699 -213.699
1620 28.3511 28.3511 -222.889 -222.889
3345 23.9713 23.9713 -227.269 -227.269
6615 18.5058 18.5058 -232.734 -232.734
27907 18.273 18.273 -232.967 -232.967
38229 18.1877 18.1877 -233.052 -233.052
40920 18.1368 18.1368 -233.103 -233.103
50050 104194 18.1368 103943 -233.103
"function evaluation" "current f(x)" "best-so-far f(x)" "current af(x)+b"  "best af(x)+b"
1 169.667 169.667 136.787 136.787
2 158.042 158.042 125.162 125.162
3 133.245 133.245 100.365 100.365
8 125.328 125.328 92.4481 92.4481
9 107.957 107.957 75.0769 75.0769
10 98.3718 98.3718 65.4918 65.4918
11 84.8558 84.8558 51.9758 51.9758
17 39.396 39.396 6.516 6.516
1710 31.8148 31.8148 -1.06519 -1.06519
2550 30.3574 30.3574 -2.52259 -2.52259
2637 19.1175 19.1175 -13.7625 -13.7625
4149 16.9338 16.9338 -15.9462 -15.9462
7038 14.8041 14.8041 -18.0759 -18.0759
43026 12.7012 12.7012 -20.1788 -20.1788
50050 115.059 12.7012 82.1786 -20.1788
"function evaluation" "current f(x)" "best-so-far f(x)" "current af(x)+b"  "best af(x)+b"
1 188.622 188.622 180.052 180.052
2 112.762 112.762 104.192 104.192
3 98.6509 98.6509 90.0809 90.0809
6 62.4882 62.4882 53.9182 53.9182
35 49.2591 49.2591 40.6891 40.6891
236 47.7244 47.7244 39.1544 39.1544
317 36.7528 36.7528 28.1828 28.1828
1005 34.1416 34.1416 25.5716 25.5716
3646 32.0227 32.0227 23.4527 23.4527
5520 20.2753 20.2753 11.7053 11.7053
14849 17.8916 17.8916 9.32155 9.32155
18521 16.0613 16.0613 7.49126 7.49126
50050 14873.4 16.0613 14864.9 7.49126
"function evaluation" "current f(x)" "best-so-far f(x)" "current af(x)+b"  "best af(x)+b"
1 145.527 145.527 5.27737 5.27737
2 114.983 114.983 -25.2675 -25.2675
6 108.791 108.791 -31.4588 -31.4588
7 80.7951 80.7951 -59.4549 -59.4549
15 59.5434 59.5434 -80.7066 -80.7066
17 38.3161 38.3161 -101.934 -101.934
1018 32.9698 32.9698 -107.28 -107.28
2344 30.846 30.846 -109.404 -109.404
3104 30.6423 30.6423 -109.608 -109.608
3131 21.8208 21.8208 -118.429 -118.429
3420 13.9301 13.9301 -126.32 -126.32
50050 126.466 13.9301 -13.7837 -126.32
