"function evaluation" "current f(x)" "best-so-far f(x)" "current af(x)+b"  "best af(x)+b"
1 53.8365 53.8365 156.446 156.446
2 31.1554 31.1554 133.765 133.765
9 29.1082 29.1082 131.718 131.718
10 28.2713 28.2713 130.881 130.881
12 11.5171 11.5171 114.127 114.127
13 4.73167 4.73167 107.342 107.342
431 4.54908 4.54908 107.159 107.159
603 2.23489 2.23489 104.845 104.845
20050 393754 2.23489 393856 104.845
"function evaluation" "current f(x)" "best-so-far f(x)" "current af(x)+b"  "best af(x)+b"
1 47.1175 47.1175 140.418 140.418
2 20.3798 20.3798 113.68 113.68
3 18.0183 18.0183 111.318 111.318
10 9.93595 9.93595 103.236 103.236
17 4.61922 4.61922 97.9192 97.9192
602 2.60822 2.60822 95.9082 95.9082
13744 2.11827 2.11827 95.4183 95.4183
20050 19.0389 2.11827 112.339 95.4183
"function evaluation" "current f(x)" "best-so-far f(x)" "current af(x)+b"  "best af(x)+b"
1 29.7731 29.7731 43.4131 43.4131
2 12.9191 12.9191 26.5591 26.5591
13 4.84464 4.84464 18.4846 18.4846
1318 3.64724 3.64724 17.2872 17.2872
1849 2.10385 2.10385 15.7438 15.7438
20050 1.26393e+07 2.10385 1.26393e+07 15.7438
"function evaluation" "current f(x)" "best-so-far f(x)" "current af(x)+b"  "best af(x)+b"
1 17.1264 17.1264 211.926 211.926
7 15.1932 15.1932 209.993 209.993
11 9.67819 9.67819 204.478 204.478
17 6.64259 6.64259 201.443 201.443
206 5.2632 5.2632 200.063 200.063
250 5.19633 5.19633 199.996 199.996
536 3.21922 3.21922 198.019 198.019
924 2.63742 2.63742 197.437 197.437
2536 2.60852 2.60852 197.409 197.409
3629 2.57262 2.57262 197.373 197.373
4006 2.52034 2.52034 197.32 197.32
6644 2.28839 2.28839 197.088 197.088
20050 11.4252 2.28839 206.225 197.088
"function evaluation" "current f(x)" "best-so-far f(x)" "current af(x)+b"  "best af(x)+b"
1 53.6238 53.6238 -79.9662 -79.9662
2 37.1963 37.1963 -96.3937 -96.3937
3 20.4582 20.4582 -113.132 -113.132
7 7.07584 7.07584 -126.514 -126.514
37 6.41985 6.41985 -127.17 -127.17
43 4.60811 4.60811 -128.982 -128.982
334 2.44801 2.44801 -131.142 -131.142
3001 1.86711 1.86711 -131.723 -131.723
20050 1.09902e+08 1.86711 1.09902e+08 -131.723
"function evaluation" "current f(x)" "best-so-far f(x)" "current af(x)+b"  "best af(x)+b"
1 87.1035 87.1035 241.473 241.473
2 30.7881 30.7881 185.158 185.158
3 12.6068 12.6068 166.977 166.977
102 7.07387 7.07387 161.444 161.444
105 6.18958 6.18958 160.56 160.56
628 5.77463 5.77463 160.145 160.145
936 5.13961 5.13961 159.51 159.51
2014 3.91327 3.91327 158.283 158.283
2032 3.50757 3.50757 157.878 157.878
5424 2.63003 2.63003 157 157
7806 2.53284 2.53284 156.903 156.903
8035 2.36858 2.36858 156.739 156.739
10149 2.34409 2.34409 156.714 156.714
20050 23.6348 2.34409 178.005 156.714
"function evaluation" "current f(x)" "best-so-far f(x)" "current af(x)+b"  "best af(x)+b"
1 27.9657 27.9657 -260.364 -260.364
2 19.4733 19.4733 -268.857 -268.857
8 10.3398 10.3398 -277.99 -277.99
23 5.29343 5.29343 -283.037 -283.037
1710 3.60908 3.60908 -284.721 -284.721
1724 3.0405 3.0405 -285.289 -285.289
2705 2.59469 2.59469 -285.735 -285.735
5648 2.22683 2.22683 -286.103 -286.103
9620 2.21721 2.21721 -286.113 -286.113
20050 80734.5 2.21721 80446.2 -286.113
"function evaluation" "current f(x)" "best-so-far f(x)" "current af(x)+b"  "best af(x)+b"
1 62.017 62.017 -476.093 -476.093
2 34.5459 34.5459 -503.564 -503.564
3 19.6593 19.6593 -518.451 -518.451
5 17.9375 17.9375 -520.173 -520.173
11 15.2378 15.2378 -522.872 -522.872
20 14.7024 14.7024 -523.408 -523.408
33 11.946 11.946 -526.164 -526.164
111 10.0499 10.0499 -528.06 -528.06
112 9.87567 9.87567 -528.234 -528.234
125 4.64486 4.64486 -533.465 -533.465
525 1.17236 1.17236 -536.938 -536.938
14335 0.664679 0.664679 -537.445 -537.445
20050 7.29741 0.664679 -530.813 -537.445
"function evaluation" "current f(x)" "best-so-far f(x)" "current af(x)+b"  "best af(x)+b"
1 27.9445 27.9445 775.764 775.764
10 3.87361 3.87361 751.694 751.694
643 2.56298 2.56298 750.383 750.383
2110 2.39365 2.39365 750.214 750.214
5438 1.72662 1.72662 749.547 749.547
7119 0.400699 0.400699 748.221 748.221
20050 1.5762e+07 0.400699 1.57628e+07 748.221
"function evaluation" "current f(x)" "best-so-far f(x)" "current af(x)+b"  "best af(x)+b"
1 43.7583 43.7583 60.4283 60.4283
2 21.3111 21.3111 37.9811 37.9811
21 18.3267 18.3267 34.9967 34.9967
38 4.1759 4.1759 20.8459 20.8459
436 3.68916 3.68916 20.3592 20.3592
1104 3.39913 3.39913 20.0691 20.0691
1350 1.97712 1.97712 18.6471 18.6471
2307 1.25309 1.25309 17.9231 17.9231
4920 1.17536 1.17536 17.8454 17.8454
15222 0.739858 0.739858 17.4099 17.4099
17125 0.600853 0.600853 17.2709 17.2709
20050 74.8416 0.600853 91.5116 17.2709
"function evaluation" "current f(x)" "best-so-far f(x)" "current af(x)+b"  "best af(x)+b"
1 26.0982 26.0982 -36.6718 -36.6718
5 25.1799 25.1799 -37.5901 -37.5901
6 6.48725 6.48725 -56.2827 -56.2827
115 4.49417 4.49417 -58.2758 -58.2758
134 0.680959 0.680959 -62.089 -62.089
20050 839212 0.680959 839149 -62.089
"function evaluation" "current f(x)" "best-so-far f(x)" "current af(x)+b"  "best af(x)+b"
1 31.622 31.622 42.582 42.582
8 24.8986 24.8986 35.8586 35.8586
9 9.2209 9.2209 20.1809 20.1809
116 8.60182 8.60182 19.5618 19.5618
309 4.21339 4.21339 15.1734 15.1734
1502 3.28859 3.28859 14.2486 14.2486
3040 2.91577 2.91577 13.8758 13.8758
3043 2.31258 2.31258 13.2726 13.2726
3147 2.20554 2.20554 13.1655 13.1655
7409 2.10693 2.10693 13.0669 13.0669
20050 13363.3 2.10693 13374.3 13.0669
"function evaluation" "current f(x)" "best-so-far f(x)" "current af(x)+b"  "best af(x)+b"
1 39.218 39.218 129.598 129.598
2 11.9981 11.9981 102.378 102.378
4 6.33483 6.33483 96.7148 96.7148
28 4.46906 4.46906 94.8491 94.8491
810 2.77486 2.77486 93.1549 93.1549
2231 0.901797 0.901797 91.2818 91.2818
20050 13.5224 0.901797 103.902 91.2818
"function evaluation" "current f(x)" "best-so-far f(x)" "current af(x)+b"  "best af(x)+b"
1 15.0945 15.0945 -248.426 -248.426
10 8.829 8.829 -254.691 -254.691
22 2.53667 2.53667 -260.983 -260.983
4936 2.42915 2.42915 -261.091 -261.091
14535 2.16918 2.16918 -261.351 -261.351
16820 1.62542 1.62542 -261.895 -261.895
20050 34.9944 1.62542 -228.526 -261.895
"function evaluation" "current f(x)" "best-so-far f(x)" "current af(x)+b"  "best af(x)+b"
1 44.4434 44.4434 354.633 354.633
2 17.0932 17.0932 327.283 327.283
5 8.06668 8.06668 318.257 318.257
12 7.11663 7.11663 317.307 317.307
311 4.9659 4.9659 315.156 315.156
1005 3.79345 3.79345 313.983 313.983
1442 3.7362 3.7362 313.926 313.926
2406 2.3734 2.3734 312.563 312.563
11133 2.28442 2.28442 312.474 312.474
12121 2.25191 2.25191 312.442 312.442
16630 2.07644 2.07644 312.266 312.266
20050 1.93151e+06 2.07644 1.93182e+06 312.266
"function evaluation" "current f(x)" "best-so-far f(x)" "current af(x)+b"  "best af(x)+b"
1 29.0932 29.0932 -27.2868 -27.2868
4 28.3896 28.3896 -27.9904 -27.9904
6 7.9352 7.9352 -48.4448 -48.4448
19 6.96731 6.96731 -49.4127 -49.4127
46 5.65474 5.65474 -50.7253 -50.7253
138 4.95937 4.95937 -51.4206 -51.4206
608 4.60557 4.60557 -51.7744 -51.7744
730 3.02499 3.02499 -53.355 -53.355
3032 2.63541 2.63541 -53.7446 -53.7446
4729 2.46771 2.46771 -53.9123 -53.9123
9847 2.4447 2.4447 -53.9353 -53.9353
10743 2.43332 2.43332 -53.9467 -53.9467
14039 2.39721 2.39721 -53.9828 -53.9828
20050 528.772 2.39721 472.392 -53.9828
"function evaluation" "current f(x)" "best-so-far f(x)" "current af(x)+b"  "best af(x)+b"
1 41.5474 41.5474 -958.453 -958.453
2 22.2411 22.2411 -977.759 -977.759
12 3.86886 3.86886 -996.131 -996.131
938 3.67347 3.67347 -996.327 -996.327
1536 3.64463 3.64463 -996.355 -996.355
1636 2.91665 2.91665 -997.083 -997.083
5540 2.8383 2.8383 -997.162 -997.162
5944 2.48142 2.48142 -997.519 -997.519
6945 2.44298 2.44298 -997.557 -997.557
7813 0.568309 0.568309 -999.432 -999.432
20050 20.9314 0.568309 -979.069 -999.432
"function evaluation" "current f(x)" "best-so-far f(x)" "current af(x)+b"  "best af(x)+b"
1 36.6641 36.6641 72.1441 72.1441
4 34.3169 34.3169 69.7969 69.7969
5 24.0054 24.0054 59.4854 59.4854
7 17.5524 17.5524 53.0324 53.0324
8 10.7138 10.7138 46.1938 46.1938
18 6.23246 6.23246 41.7125 41.7125
33 5.17984 5.17984 40.6598 40.6598
115 4.66878 4.66878 40.1488 40.1488
235 3.63036 3.63036 39.1104 39.1104
2943 3.61674 3.61674 39.0967 39.0967
3236 0.983258 0.983258 36.4633 36.4633
20050 475658 0.983258 475693 36.4633
"function evaluation" "current f(x)" "best-so-far f(x)" "current af(x)+b"  "best af(x)+b"
1 48.4453 48.4453 -4.18475 -4.18475
2 30.5389 30.5389 -22.0911 -22.0911
3 27.5862 27.5862 -25.0438 -25.0438
7 8.58439 8.58439 -44.0456 -44.0456
20 4.26403 4.26403 -48.366 -48.366
711 2.96633 2.96633 -49.6637 -49.6637
3731 2.89764 2.89764 -49.7324 -49.7324
4340 2.89205 2.89205 -49.738 -49.738
4511 2.80743 2.80743 -49.8226 -49.8226
4540 2.41983 2.41983 -50.2102 -50.2102
5401 2.40849 2.40849 -50.2215 -50.2215
8848 2.39661 2.39661 -50.2334 -50.2334
20050 2.14894e+06 2.39661 2.14889e+06 -50.2334
"function evaluation" "current f(x)" "best-so-far f(x)" "current af(x)+b"  "best af(x)+b"
1 46.7018 46.7018 -642.188 -642.188
3 38.7936 38.7936 -650.096 -650.096
12 25.3537 25.3537 -663.536 -663.536
13 15.967 15.967 -672.923 -672.923
31 11.6401 11.6401 -677.25 -677.25
36 9.05619 9.05619 -679.834 -679.834
342 5.29037 5.29037 -683.6 -683.6
602 4.19006 4.19006 -684.7 -684.7
733 2.79307 2.79307 -686.097 -686.097
1134 1.65525 1.65525 -687.235 -687.235
2418 0.936919 0.936919 -687.953 -687.953
17602 0.467216 0.467216 -688.423 -688.423
20050 27.6144 0.467216 -661.276 -688.423
"function evaluation" "current f(x)" "best-so-far f(x)" "current af(x)+b"  "best af(x)+b"
1 18.8237 18.8237 -22.0663 -22.0663
34 10.9863 10.9863 -29.9037 -29.9037
126 6.46779 6.46779 -34.4222 -34.4222
217 5.48345 5.48345 -35.4065 -35.4065
549 3.0586 3.0586 -37.8314 -37.8314
614 2.18751 2.18751 -38.7025 -38.7025
2121 0.77146 0.77146 -40.1185 -40.1185
15707 0.12556 0.12556 -40.7644 -40.7644
20050 75.6935 0.12556 34.8035 -40.7644
"function evaluation" "current f(x)" "best-so-far f(x)" "current af(x)+b"  "best af(x)+b"
1 16.8575 16.8575 -234.383 -234.383
5 7.76237 7.76237 -243.478 -243.478
121 6.88944 6.88944 -244.351 -244.351
305 3.55203 3.55203 -247.688 -247.688
2825 3.24322 3.24322 -247.997 -247.997
4347 2.45072 2.45072 -248.789 -248.789
4543 1.53235 1.53235 -249.708 -249.708
15521 1.47457 1.47457 -249.765 -249.765
20050 3.02859 1.47457 -248.211 -249.765
"function evaluation" "current f(x)" "best-so-far f(x)" "current af(x)+b"  "best af(x)+b"
1 54.9255 54.9255 22.0455 22.0455
3 44.6124 44.6124 11.7324 11.7324
5 24.8957 24.8957 -7.98431 -7.98431
8 22.9447 22.9447 -9.93534 -9.93534
9 21.4165 21.4165 -11.4635 -11.4635
17 18.0423 18.0423 -14.8377 -14.8377
18 11.0113 11.0113 -21.8687 -21.8687
29 8.92298 8.92298 -23.957 -23.957
124 6.41591 6.41591 -26.4641 -26.4641
214 4.98654 4.98654 -27.8935 -27.8935
1310 3.69326 3.69326 -29.1867 -29.1867
1626 2.6309 2.6309 -30.2491 -30.2491
5432 2.31046 2.31046 -30.5695 -30.5695
9503 2.18118 2.18118 -30.6988 -30.6988
15635 2.12186 2.12186 -30.7581 -30.7581
20050 39.5697 2.12186 6.68971 -30.7581
"function evaluation" "current f(x)" "best-so-far f(x)" "current af(x)+b"  "best af(x)+b"
1 11.458 11.458 2.88799 2.88799
36 6.11382 6.11382 -2.45618 -2.45618
514 2.96978 2.96978 -5.60022 -5.60022
2130 2.46217 2.46217 -6.10783 -6.10783
2404 1.99579 1.99579 -6.57421 -6.57421
20050 23.4614 1.99579 14.8914 -6.57421
"function evaluation" "current f(x)" "best-so-far f(x)" "current af(x)+b"  "best af(x)+b"
1 52.9293 52.9293 -87.3207 -87.3207
2 18.792 18.792 -121.458 -121.458
5 15.6012 15.6012 -124.649 -124.649
10 11.0773 11.0773 -129.173 -129.173
40 3.03401 3.03401 -137.216 -137.216
422 2.43176 2.43176 -137.818 -137.818
701 0.623411 0.623411 -139.627 -139.627
3710 0.397937 0.397937 -139.852 -139.852
20050 1.15461e+06 0.397937 1.15447e+06 -139.852
