"function evaluation" "current f(x)" "best-so-far f(x)" "current af(x)+b"  "best af(x)+b"
1 75842.6 75842.6 75878.5 75878.5
3 71214 71214 71249.9 71249.9
13 6027.98 6027.98 6063.88 6063.88
66 232.716 232.716 268.616 268.616
101 215.351 215.351 251.251 251.251
148 166.608 166.608 202.508 202.508
176 11.2318 11.2318 47.1318 47.1318
750 301.309 11.2318 337.209 47.1318
"function evaluation" "current f(x)" "best-so-far f(x)" "current af(x)+b"  "best af(x)+b"
1 62323.9 62323.9 62355.3 62355.3
2 305.705 305.705 337.075 337.075
10 185.047 185.047 216.417 216.417
29 90.0063 90.0063 121.376 121.376
60 73.9866 73.9866 105.357 105.357
72 67.0877 67.0877 98.4577 98.4577
324 51.2877 51.2877 82.6577 82.6577
421 40.5914 40.5914 71.9614 71.9614
505 23.4222 23.4222 54.7922 54.7922
750 448291 23.4222 448322 54.7922
"function evaluation" "current f(x)" "best-so-far f(x)" "current af(x)+b"  "best af(x)+b"
1 582181 582181 581181 581181
2 137220 137220 136220 136220
5 50520.5 50520.5 49520.5 49520.5
22 30700.1 30700.1 29700.1 29700.1
69 25579.2 25579.2 24579.2 24579.2
87 10860.3 10860.3 9860.33 9860.33
110 3699.57 3699.57 2699.57 2699.57
121 1136.36 1136.36 136.364 136.364
412 347.817 347.817 -652.183 -652.183
457 265.576 265.576 -734.424 -734.424
530 118.761 118.761 -881.239 -881.239
545 48.1809 48.1809 -951.819 -951.819
726 32.9961 32.9961 -967.004 -967.004
750 11377.1 32.9961 10377.1 -967.004
"function evaluation" "current f(x)" "best-so-far f(x)" "current af(x)+b"  "best af(x)+b"
1 2.07845e+06 2.07845e+06 2.07859e+06 2.07859e+06
2 467995 467995 468127 468127
13 410603 410603 410735 410735
15 299910 299910 300042 300042
18 66505.4 66505.4 66637.3 66637.3
55 62861.7 62861.7 62993.6 62993.6
61 44599.3 44599.3 44731.2 44731.2
112 210.646 210.646 342.566 342.566
443 111.245 111.245 243.165 243.165
446 17.5733 17.5733 149.493 149.493
750 190574 17.5733 190706 149.493
"function evaluation" "current f(x)" "best-so-far f(x)" "current af(x)+b"  "best af(x)+b"
1 1.0238e+06 1.0238e+06 1.02439e+06 1.02439e+06
2 403883 403883 404474 404474
6 209947 209947 210537 210537
8 7040.04 7040.04 7630.88 7630.88
48 6904.58 6904.58 7495.42 7495.42
51 144.225 144.225 735.065 735.065
356 60.5231 60.5231 651.363 651.363
410 51.1746 51.1746 642.015 642.015
445 23.193 23.193 614.033 614.033
458 12.5338 12.5338 603.374 603.374
750 109.451 12.5338 700.291 603.374
"function evaluation" "current f(x)" "best-so-far f(x)" "current af(x)+b"  "best af(x)+b"
1 67737.8 67737.8 67768.8 67768.8
6 41511.4 41511.4 41542.4 41542.4
10 11938.1 11938.1 11969.1 11969.1
15 11080.5 11080.5 11111.5 11111.5
19 216.699 216.699 247.679 247.679
146 47.7546 47.7546 78.7346 78.7346
240 29.966 29.966 60.946 60.946
562 24.0112 24.0112 54.9912 54.9912
619 23.9127 23.9127 54.8927 54.8927
750 30.8007 23.9127 61.7807 54.8927
"function evaluation" "current f(x)" "best-so-far f(x)" "current af(x)+b"  "best af(x)+b"
1 316956 316956 316812 316812
3 266732 266732 266588 266588
7 241479 241479 241334 241334
9 122128 122128 121983 121983
13 118692 118692 118547 118547
17 103646 103646 103502 103502
47 19456.4 19456.4 19311.8 19311.8
233 2933.46 2933.46 2788.92 2788.92
429 50.7756 50.7756 -93.7644 -93.7644
750 112684 50.7756 112540 -93.7644
"function evaluation" "current f(x)" "best-so-far f(x)" "current af(x)+b"  "best af(x)+b"
1 33028.9 33028.9 32932.4 32932.4
2 10394.4 10394.4 10297.9 10297.9
4 225.242 225.242 128.752 128.752
6 43.5116 43.5116 -52.9784 -52.9784
169 37.2179 37.2179 -59.2721 -59.2721
294 13.9128 13.9128 -82.5772 -82.5772
314 7.14759 7.14759 -89.3424 -89.3424
750 1.23354e+06 7.14759 1.23345e+06 -89.3424
"function evaluation" "current f(x)" "best-so-far f(x)" "current af(x)+b"  "best af(x)+b"
1 739999 739999 740999 740999
2 250542 250542 251542 251542
3 195807 195807 196807 196807
16 117972 117972 118972 118972
35 63592.8 63592.8 64592.8 64592.8
49 26335.9 26335.9 27335.9 27335.9
214 3113.3 3113.3 4113.3 4113.3
533 1354.27 1354.27 2354.27 2354.27
718 846.308 846.308 1846.31 1846.31
737 68.8518 68.8518 1068.85 1068.85
750 53551 68.8518 54551 1068.85
"function evaluation" "current f(x)" "best-so-far f(x)" "current af(x)+b"  "best af(x)+b"
1 474032 474032 473877 473877
2 57080.3 57080.3 56925.5 56925.5
3 40228 40228 40073.2 40073.2
8 17729.5 17729.5 17574.7 17574.7
33 13329.4 13329.4 13174.6 13174.6
48 11547.9 11547.9 11393.1 11393.1
163 6443.48 6443.48 6288.72 6288.72
424 1860.65 1860.65 1705.89 1705.89
443 699.501 699.501 544.741 544.741
524 94.2598 94.2598 -60.5002 -60.5002
601 33.9102 33.9102 -120.85 -120.85
750 63725.1 33.9102 63570.3 -120.85
"function evaluation" "current f(x)" "best-so-far f(x)" "current af(x)+b"  "best af(x)+b"
1 375828 375828 375867 375867
2 301825 301825 301864 301864
5 300200 300200 300239 300239
9 273648 273648 273688 273688
10 270244 270244 270283 270283
16 2281.19 2281.19 2320.33 2320.33
375 116.749 116.749 155.889 155.889
416 108.024 108.024 147.164 147.164
428 107.243 107.243 146.383 146.383
450 68.3085 68.3085 107.448 107.448
725 60.8487 60.8487 99.9887 99.9887
737 55.747 55.747 94.887 94.887
750 18251.2 55.747 18290.4 94.887
"function evaluation" "current f(x)" "best-so-far f(x)" "current af(x)+b"  "best af(x)+b"
1 419647 419647 419636 419636
2 124128 124128 124116 124116
3 1014.01 1014.01 1002.15 1002.15
133 212.968 212.968 201.108 201.108
216 179.968 179.968 168.108 168.108
245 117.805 117.805 105.945 105.945
328 27.9693 27.9693 16.1093 16.1093
750 354.223 27.9693 342.363 16.1093
"function evaluation" "current f(x)" "best-so-far f(x)" "current af(x)+b"  "best af(x)+b"
1 131310 131310 131380 131380
2 33113.4 33113.4 33184 33184
4 14299 14299 14369.7 14369.7
46 7551 7551 7621.68 7621.68
113 165.7 165.7 236.38 236.38
159 148.631 148.631 219.311 219.311
215 61.2366 61.2366 131.917 131.917
268 24.0698 24.0698 94.7498 94.7498
489 20.1764 20.1764 90.8564 90.8564
624 12.5588 12.5588 83.2388 83.2388
750 65339.8 12.5588 65410.5 83.2388
"function evaluation" "current f(x)" "best-so-far f(x)" "current af(x)+b"  "best af(x)+b"
1 148526 148526 148520 148520
2 119960 119960 119953 119953
6 97925.1 97925.1 97918.8 97918.8
13 68773.3 68773.3 68767 68767
17 44294 44294 44287.8 44287.8
20 41882.5 41882.5 41876.2 41876.2
37 8423.66 8423.66 8417.4 8417.4
57 3740.56 3740.56 3734.3 3734.3
61 36.0495 36.0495 29.7895 29.7895
471 26.9148 26.9148 20.6548 20.6548
523 24.9366 24.9366 18.6766 18.6766
706 21.8022 21.8022 15.5422 15.5422
750 12349.4 21.8022 12343.2 15.5422
"function evaluation" "current f(x)" "best-so-far f(x)" "current af(x)+b"  "best af(x)+b"
1 123855 123855 124039 124039
2 8290.25 8290.25 8474.11 8474.11
7 8227.48 8227.48 8411.34 8411.34
17 1427.58 1427.58 1611.44 1611.44
18 422.402 422.402 606.262 606.262
22 167.957 167.957 351.817 351.817
32 54.8395 54.8395 238.699 238.699
49 45.0165 45.0165 228.876 228.876
173 43.0437 43.0437 226.904 226.904
225 42.8786 42.8786 226.739 226.739
332 15.5384 15.5384 199.398 199.398
750 38.42 15.5384 222.28 199.398
"function evaluation" "current f(x)" "best-so-far f(x)" "current af(x)+b"  "best af(x)+b"
1 263110 263110 263176 263176
10 182430 182430 182496 182496
12 155062 155062 155128 155128
16 246.021 246.021 311.891 311.891
31 103.321 103.321 169.191 169.191
392 41.9979 41.9979 107.868 107.868
449 41.8949 41.8949 107.765 107.765
713 29.8576 29.8576 95.7276 95.7276
750 190.086 29.8576 255.956 95.7276
"function evaluation" "current f(x)" "best-so-far f(x)" "current af(x)+b"  "best af(x)+b"
1 160913 160913 160912 160912
3 28720.8 28720.8 28719.7 28719.7
34 23.4156 23.4156 22.2756 22.2756
563 19.276 19.276 18.136 18.136
750 271448 19.276 271447 18.136
"function evaluation" "current f(x)" "best-so-far f(x)" "current af(x)+b"  "best af(x)+b"
1 406544 406544 406327 406327
2 330905 330905 330687 330687
3 61307.8 61307.8 61090.2 61090.2
4 6850.66 6850.66 6633.1 6633.1
205 6012.01 6012.01 5794.45 5794.45
313 3804.43 3804.43 3586.87 3586.87
400 2578.2 2578.2 2360.64 2360.64
410 61.9005 61.9005 -155.66 -155.66
613 44.1389 44.1389 -173.421 -173.421
750 201565 44.1389 201347 -173.421
"function evaluation" "current f(x)" "best-so-far f(x)" "current af(x)+b"  "best af(x)+b"
1 115820 115820 116051 116051
4 64669.5 64669.5 64900.7 64900.7
13 64370.3 64370.3 64601.5 64601.5
18 15956.6 15956.6 16187.8 16187.8
19 664.017 664.017 895.157 895.157
30 49.5864 49.5864 280.726 280.726
137 36.9303 36.9303 268.07 268.07
227 24.8651 24.8651 256.005 256.005
750 808944 24.8651 809175 256.005
"function evaluation" "current f(x)" "best-so-far f(x)" "current af(x)+b"  "best af(x)+b"
1 442728 442728 442759 442759
2 216502 216502 216533 216533
3 52084 52084 52115.2 52115.2
18 16746.4 16746.4 16777.6 16777.6
30 13156.2 13156.2 13187.5 13187.5
48 7314.49 7314.49 7345.74 7345.74
135 6744.43 6744.43 6775.68 6775.68
261 78.2843 78.2843 109.534 109.534
425 30.0299 30.0299 61.2799 61.2799
492 24.9632 24.9632 56.2132 56.2132
708 13.2108 13.2108 44.4608 44.4608
750 4460.28 13.2108 4491.53 44.4608
"function evaluation" "current f(x)" "best-so-far f(x)" "current af(x)+b"  "best af(x)+b"
1 161715 161715 161513 161513
2 122459 122459 122258 122258
3 30749.5 30749.5 30547.5 30547.5
13 5704.04 5704.04 5502.13 5502.13
165 1928.87 1928.87 1726.96 1726.96
444 23.4882 23.4882 -178.422 -178.422
601 21.6451 21.6451 -180.265 -180.265
707 11.2557 11.2557 -190.654 -190.654
750 63359.5 11.2557 63157.6 -190.654
"function evaluation" "current f(x)" "best-so-far f(x)" "current af(x)+b"  "best af(x)+b"
1 789441 789441 789379 789379
2 281699 281699 281636 281636
3 229463 229463 229400 229400
7 219106 219106 219043 219043
9 173917 173917 173855 173855
12 91111.9 91111.9 91049.6 91049.6
33 66989 66989 66926.7 66926.7
141 38245.5 38245.5 38183.3 38183.3
145 32404.9 32404.9 32342.7 32342.7
342 20654.4 20654.4 20592.2 20592.2
421 17669.3 17669.3 17607 17607
503 15515.7 15515.7 15453.5 15453.5
523 12542.5 12542.5 12480.3 12480.3
539 683.036 683.036 620.796 620.796
609 42.7976 42.7976 -19.4424 -19.4424
750 64306.3 42.7976 64244.1 -19.4424
"function evaluation" "current f(x)" "best-so-far f(x)" "current af(x)+b"  "best af(x)+b"
1 185314 185314 185353 185353
3 144029 144029 144068 144068
21 70806.8 70806.8 70846.4 70846.4
101 4969.73 4969.73 5009.33 5009.33
182 41.6988 41.6988 81.2988 81.2988
526 24.3228 24.3228 63.9228 63.9228
731 19.1951 19.1951 58.7951 58.7951
750 320238 19.1951 320277 58.7951
"function evaluation" "current f(x)" "best-so-far f(x)" "current af(x)+b"  "best af(x)+b"
1 206328 206328 206253 206253
17 140609 140609 140534 140534
26 68456.6 68456.6 68381.7 68381.7
71 64958.8 64958.8 64883.8 64883.8
186 46007.8 46007.8 45932.9 45932.9
333 4020.72 4020.72 3945.78 3945.78
446 864.214 864.214 789.274 789.274
532 89.2792 89.2792 14.3392 14.3392
585 85.0884 85.0884 10.1484 10.1484
750 24357.9 85.0884 24283 10.1484
"function evaluation" "current f(x)" "best-so-far f(x)" "current af(x)+b"  "best af(x)+b"
1 174473 174473 174521 174521
4 123783 123783 123832 123832
5 34375.6 34375.6 34424 34424
7 16968.8 16968.8 17017.1 17017.1
14 6817.96 6817.96 6866.34 6866.34
42 64.9289 64.9289 113.309 113.309
89 25.6364 25.6364 74.0164 74.0164
519 23.3747 23.3747 71.7547 71.7547
750 93.1581 23.3747 141.538 71.7547
