"function evaluation" "current f(x)" "best-so-far f(x)" "current af(x)+b"  "best af(x)+b"
1 346.296 346.296 425.776 425.776
2 221.456 221.456 300.936 300.936
3 199.99 199.99 279.47 279.47
9 152.663 152.663 232.143 232.143
48 104.827 104.827 184.307 184.307
75 94.678 94.678 174.158 174.158
154 93.3127 93.3127 172.793 172.793
277 81.4994 81.4994 160.979 160.979
321 67.5367 67.5367 147.017 147.017
406 61.2848 61.2848 140.765 140.765
469 57.8611 57.8611 137.341 137.341
525 55.0086 55.0086 134.489 134.489
758 54.3988 54.3988 133.879 133.879
768 53.3819 53.3819 132.862 132.862
826 51.5229 51.5229 131.003 131.003
986 50.8953 50.8953 130.375 130.375
1102 50.277 50.277 129.757 129.757
1107 50.1596 50.1596 129.64 129.64
1112 49.2743 49.2743 128.754 128.754
1159 49.1998 49.1998 128.68 128.68
1216 49.1639 49.1639 128.644 128.644
1217 49.1571 49.1571 128.637 128.637
1219 48.9753 48.9753 128.455 128.455
1314 48.6259 48.6259 128.106 128.106
1325 48.2586 48.2586 127.739 127.739
1417 48.0956 48.0956 127.576 127.576
1420 48.0767 48.0767 127.557 127.557
1451 47.8071 47.8071 127.287 127.287
1455 47.675 47.675 127.155 127.155
1494 47.6393 47.6393 127.119 127.119
1504 47.2889 47.2889 126.769 126.769
1803 47.125 47.125 126.605 126.605
1839 47.1157 47.1157 126.596 126.596
1859 47.1065 47.1065 126.586 126.586
1964 47.0208 47.0208 126.501 126.501
2150 47.5795 47.0208 127.059 126.501
"function evaluation" "current f(x)" "best-so-far f(x)" "current af(x)+b"  "best af(x)+b"
1 201.718 201.718 596.198 596.198
14 198.367 198.367 592.847 592.847
34 171.633 171.633 566.113 566.113
58 116.623 116.623 511.103 511.103
270 109.105 109.105 503.585 503.585
401 107.325 107.325 501.805 501.805
409 99.897 99.897 494.377 494.377
422 76.9245 76.9245 471.404 471.404
685 76.0514 76.0514 470.531 470.531
773 69.4488 69.4488 463.929 463.929
982 67.0094 67.0094 461.489 461.489
1108 66.4361 66.4361 460.916 460.916
1171 65.6494 65.6494 460.129 460.129
1335 64.8925 64.8925 459.372 459.372
1478 64.5327 64.5327 459.013 459.013
1707 64.45 64.45 458.93 458.93
1815 64.3271 64.3271 458.807 458.807
1956 64.2843 64.2843 458.764 458.764
2096 64.2329 64.2329 458.713 458.713
2150 64.7281 64.2329 459.208 458.713
"function evaluation" "current f(x)" "best-so-far f(x)" "current af(x)+b"  "best af(x)+b"
1 234.762 234.762 -12.348 -12.348
2 196.588 196.588 -50.522 -50.522
5 171.56 171.56 -75.5497 -75.5497
25 132.98 132.98 -114.13 -114.13
43 109.677 109.677 -137.433 -137.433
56 77.6895 77.6895 -169.42 -169.42
403 69.9296 69.9296 -177.18 -177.18
417 67.0407 67.0407 -180.069 -180.069
491 64.7287 64.7287 -182.381 -182.381
631 62.1302 62.1302 -184.98 -184.98
632 60.5398 60.5398 -186.57 -186.57
751 60.2931 60.2931 -186.817 -186.817
754 57.8296 57.8296 -189.28 -189.28
761 53.992 53.992 -193.118 -193.118
792 48.6435 48.6435 -198.467 -198.467
1286 47.9761 47.9761 -199.134 -199.134
1301 47.8417 47.8417 -199.268 -199.268
1457 47.781 47.781 -199.329 -199.329
1460 47.6292 47.6292 -199.481 -199.481
1527 47.5891 47.5891 -199.521 -199.521
1546 47.4869 47.4869 -199.623 -199.623
1629 47.4748 47.4748 -199.635 -199.635
1805 47.4045 47.4045 -199.706 -199.706
1812 47.3575 47.3575 -199.752 -199.752
1831 47.3567 47.3567 -199.753 -199.753
1849 47.2809 47.2809 -199.829 -199.829
1912 47.265 47.265 -199.845 -199.845
2150 47.6961 47.265 -199.414 -199.845
"function evaluation" "current f(x)" "best-so-far f(x)" "current af(x)+b"  "best af(x)+b"
1 287.288 287.288 135.248 135.248
2 241.609 241.609 89.5688 89.5688
7 174.298 174.298 22.258 22.258
17 154.334 154.334 2.29356 2.29356
49 150.871 150.871 -1.16936 -1.16936
52 123.72 123.72 -28.3197 -28.3197
56 105.337 105.337 -46.7025 -46.7025
79 96.7825 96.7825 -55.2575 -55.2575
408 91.0309 91.0309 -61.0091 -61.0091
416 71.072 71.072 -80.968 -80.968
692 67.7865 67.7865 -84.2535 -84.2535
760 64.6627 64.6627 -87.3773 -87.3773
831 61.1261 61.1261 -90.9139 -90.9139
1107 59.1979 59.1979 -92.8421 -92.8421
1453 58.795 58.795 -93.245 -93.245
1801 58.7161 58.7161 -93.3239 -93.3239
1804 58.6852 58.6852 -93.3548 -93.3548
1815 58.6054 58.6054 -93.4346 -93.4346
1835 58.557 58.557 -93.483 -93.483
1874 58.4849 58.4849 -93.5551 -93.5551
2150 59.0191 58.4849 -93.0209 -93.5551
"function evaluation" "current f(x)" "best-so-far f(x)" "current af(x)+b"  "best af(x)+b"
1 193.442 193.442 168.192 168.192
9 160.658 160.658 135.408 135.408
36 157.615 157.615 132.365 132.365
39 128.24 128.24 102.99 102.99
52 95.2574 95.2574 70.0074 70.0074
59 92.1198 92.1198 66.8698 66.8698
64 76.9845 76.9845 51.7345 51.7345
338 65.9375 65.9375 40.6875 40.6875
401 50.0702 50.0702 24.8202 24.8202
441 49.9584 49.9584 24.7084 24.7084
442 47.4169 47.4169 22.1669 22.1669
445 45.9267 45.9267 20.6767 20.6767
558 44.5566 44.5566 19.3066 19.3066
647 40.4473 40.4473 15.1973 15.1973
753 39.6649 39.6649 14.4149 14.4149
754 39.448 39.448 14.198 14.198
755 38.1531 38.1531 12.9031 12.9031
763 38.0709 38.0709 12.8209 12.8209
767 36.5918 36.5918 11.3418 11.3418
772 33.6783 33.6783 8.42833 8.42833
778 33.0717 33.0717 7.82169 7.82169
865 32.5952 32.5952 7.34516 7.34516
885 30.3923 30.3923 5.14232 5.14232
1115 28.3156 28.3156 3.06564 3.06564
1454 28.2738 28.2738 3.02377 3.02377
1455 28.2605 28.2605 3.01046 3.01046
1459 28.1788 28.1788 2.92882 2.92882
1463 28.0627 28.0627 2.81273 2.81273
1495 27.6445 27.6445 2.39447 2.39447
1499 27.2081 27.2081 1.95809 1.95809
2150 27.7718 27.2081 2.52178 1.95809
"function evaluation" "current f(x)" "best-so-far f(x)" "current af(x)+b"  "best af(x)+b"
1 258.383 258.383 56.6631 56.6631
2 243.754 243.754 42.0337 42.0337
5 236.21 236.21 34.4898 34.4898
9 196.359 196.359 -5.36059 -5.36059
11 195.993 195.993 -5.7268 -5.7268
14 128.057 128.057 -73.6626 -73.6626
65 120.548 120.548 -81.1715 -81.1715
76 86.7835 86.7835 -114.936 -114.936
157 66.3764 66.3764 -135.344 -135.344
404 56.337 56.337 -145.383 -145.383
412 55.5512 55.5512 -146.169 -146.169
752 48.3524 48.3524 -153.368 -153.368
843 47.6788 47.6788 -154.041 -154.041
896 47.3346 47.3346 -154.385 -154.385
1101 46.3638 46.3638 -155.356 -155.356
1103 45.7121 45.7121 -156.008 -156.008
1104 45.6509 45.6509 -156.069 -156.069
1125 44.8653 44.8653 -156.855 -156.855
1147 44.4092 44.4092 -157.311 -157.311
1176 43.7849 43.7849 -157.935 -157.935
1463 43.6388 43.6388 -158.081 -158.081
1527 43.1839 43.1839 -158.536 -158.536
1815 43.0529 43.0529 -158.667 -158.667
2150 43.6584 43.0529 -158.062 -158.667
"function evaluation" "current f(x)" "best-so-far f(x)" "current af(x)+b"  "best af(x)+b"
1 360.409 360.409 -639.591 -639.591
2 171.205 171.205 -828.795 -828.795
8 162.748 162.748 -837.252 -837.252
16 157.36 157.36 -842.64 -842.64
20 138.115 138.115 -861.885 -861.885
51 127.73 127.73 -872.27 -872.27
56 127.397 127.397 -872.603 -872.603
61 93.614 93.614 -906.386 -906.386
77 76.8 76.8 -923.2 -923.2
401 76.6759 76.6759 -923.324 -923.324
405 63.8607 63.8607 -936.139 -936.139
408 61.1815 61.1815 -938.819 -938.819
411 61.0019 61.0019 -938.998 -938.998
418 54.6754 54.6754 -945.325 -945.325
443 52.1321 52.1321 -947.868 -947.868
692 50.3312 50.3312 -949.669 -949.669
751 47.0611 47.0611 -952.939 -952.939
752 42.7664 42.7664 -957.234 -957.234
753 40.3847 40.3847 -959.615 -959.615
828 39.7333 39.7333 -960.267 -960.267
1102 38.7425 38.7425 -961.257 -961.257
1168 38.4553 38.4553 -961.545 -961.545
1207 38.2986 38.2986 -961.701 -961.701
1287 37.4795 37.4795 -962.521 -962.521
1468 37.4175 37.4175 -962.583 -962.583
1546 37.2789 37.2789 -962.721 -962.721
1629 37.1456 37.1456 -962.854 -962.854
1674 36.9095 36.9095 -963.091 -963.091
1890 36.8984 36.8984 -963.102 -963.102
2150 37.252 36.8984 -962.748 -963.102
"function evaluation" "current f(x)" "best-so-far f(x)" "current af(x)+b"  "best af(x)+b"
1 269.926 269.926 227.026 227.026
6 146.405 146.405 103.505 103.505
54 141.046 141.046 98.1463 98.1463
68 138.128 138.128 95.2277 95.2277
69 123.022 123.022 80.1222 80.1222
160 121.958 121.958 79.0583 79.0583
210 117.155 117.155 74.2555 74.2555
373 110.384 110.384 67.4844 67.4844
401 89.1706 89.1706 46.2706 46.2706
407 88.054 88.054 45.154 45.154
437 84.1963 84.1963 41.2963 41.2963
483 83.2441 83.2441 40.3441 40.3441
562 83.2348 83.2348 40.3348 40.3348
580 80.416 80.416 37.516 37.516
756 77.0789 77.0789 34.1789 34.1789
759 74.4548 74.4548 31.5548 31.5548
777 73.8254 73.8254 30.9254 30.9254
783 72.2322 72.2322 29.3322 29.3322
990 71.0698 71.0698 28.1698 28.1698
1102 70.8086 70.8086 27.9086 27.9086
1107 70.6871 70.6871 27.7871 27.7871
1115 70.2474 70.2474 27.3474 27.3474
1120 69.3233 69.3233 26.4233 26.4233
1333 68.6125 68.6125 25.7125 25.7125
1439 68.1823 68.1823 25.2823 25.2823
1461 68.1739 68.1739 25.2739 25.2739
1462 67.8658 67.8658 24.9658 24.9658
1811 67.6003 67.6003 24.7003 24.7003
1835 67.5112 67.5112 24.6112 24.6112
2150 68.1014 67.5112 25.2014 24.6112
"function evaluation" "current f(x)" "best-so-far f(x)" "current af(x)+b"  "best af(x)+b"
1 365.666 365.666 264.346 264.346
2 338.987 338.987 237.667 237.667
3 232.648 232.648 131.328 131.328
6 197.967 197.967 96.6468 96.6468
34 174.534 174.534 73.2139 73.2139
52 138.66 138.66 37.3395 37.3395
58 132.645 132.645 31.3252 31.3252
94 127.172 127.172 25.8516 25.8516
183 126.9 126.9 25.5802 25.5802
197 112.165 112.165 10.8449 10.8449
332 108.357 108.357 7.0375 7.0375
402 102.947 102.947 1.62679 1.62679
405 98.8322 98.8322 -2.48779 -2.48779
414 95.5649 95.5649 -5.7551 -5.7551
440 93.9424 93.9424 -7.37755 -7.37755
450 85.0873 85.0873 -16.2327 -16.2327
545 81.6342 81.6342 -19.6858 -19.6858
555 76.9369 76.9369 -24.3831 -24.3831
759 75.1557 75.1557 -26.1643 -26.1643
788 73.9978 73.9978 -27.3222 -27.3222
857 72.299 72.299 -29.021 -29.021
868 70.8122 70.8122 -30.5078 -30.5078
887 69.251 69.251 -32.069 -32.069
1107 68.5762 68.5762 -32.7438 -32.7438
1211 67.6641 67.6641 -33.6559 -33.6559
1468 67.3514 67.3514 -33.9686 -33.9686
1721 67.2731 67.2731 -34.0469 -34.0469
1803 67.2594 67.2594 -34.0606 -34.0606
1826 67.2372 67.2372 -34.0828 -34.0828
1831 67.1733 67.1733 -34.1467 -34.1467
1847 67.1522 67.1522 -34.1678 -34.1678
1856 67.1283 67.1283 -34.1917 -34.1917
2150 67.6808 67.1283 -33.6392 -34.1917
"function evaluation" "current f(x)" "best-so-far f(x)" "current af(x)+b"  "best af(x)+b"
1 181.508 181.508 185.158 185.158
2 168.454 168.454 172.104 172.104
5 148.188 148.188 151.838 151.838
22 129.161 129.161 132.811 132.811
25 128.531 128.531 132.181 132.181
78 100.394 100.394 104.044 104.044
89 64.4665 64.4665 68.1165 68.1165
386 62.7075 62.7075 66.3575 66.3575
401 53.887 53.887 57.537 57.537
446 53.6697 53.6697 57.3197 57.3197
518 51.734 51.734 55.384 55.384
524 48.5334 48.5334 52.1834 52.1834
527 44.4294 44.4294 48.0794 48.0794
589 36.4071 36.4071 40.0571 40.0571
758 34.9375 34.9375 38.5875 38.5875
774 34.286 34.286 37.936 37.936
806 33.8181 33.8181 37.4681 37.4681
822 32.4326 32.4326 36.0826 36.0826
881 30.2278 30.2278 33.8778 33.8778
928 29.9332 29.9332 33.5832 33.5832
1102 29.8814 29.8814 33.5314 33.5314
1103 29.0228 29.0228 32.6728 32.6728
1130 28.2065 28.2065 31.8565 31.8565
1157 28.1235 28.1235 31.7735 31.7735
1215 27.9761 27.9761 31.6261 31.6261
1347 27.9742 27.9742 31.6242 31.6242
1367 27.4951 27.4951 31.1451 31.1451
1460 27.3702 27.3702 31.0202 31.0202
1470 27.2309 27.2309 30.8809 30.8809
1487 27.0579 27.0579 30.7079 30.7079
1809 27.0077 27.0077 30.6577 30.6577
1819 26.9845 26.9845 30.6345 30.6345
1876 26.9355 26.9355 30.5855 30.5855
2150 27.1314 26.9355 30.7814 30.5855
"function evaluation" "current f(x)" "best-so-far f(x)" "current af(x)+b"  "best af(x)+b"
1 433.306 433.306 653.836 653.836
2 260.661 260.661 481.191 481.191
3 231.032 231.032 451.562 451.562
15 195.842 195.842 416.372 416.372
16 158.411 158.411 378.941 378.941
20 107.173 107.173 327.703 327.703
33 81.2588 81.2588 301.789 301.789
390 73.3459 73.3459 293.876 293.876
446 68.5573 68.5573 289.087 289.087
488 68.5515 68.5515 289.081 289.081
501 67.5337 67.5337 288.064 288.064
751 65.0069 65.0069 285.537 285.537
769 61.0235 61.0235 281.553 281.553
939 60.9854 60.9854 281.515 281.515
1024 59.5966 59.5966 280.127 280.127
1105 59.5723 59.5723 280.102 280.102
1110 59.4688 59.4688 279.999 279.999
1120 57.7347 57.7347 278.265 278.265
1286 57.1169 57.1169 277.647 277.647
1497 56.9833 56.9833 277.513 277.513
1526 56.9543 56.9543 277.484 277.484
1541 56.7045 56.7045 277.235 277.235
1672 56.6926 56.6926 277.223 277.223
1688 56.5814 56.5814 277.111 277.111
1815 56.5162 56.5162 277.046 277.046
1830 56.4752 56.4752 277.005 277.005
1832 56.3547 56.3547 276.885 276.885
1895 56.3018 56.3018 276.832 276.832
2006 56.133 56.133 276.663 276.663
2150 56.9277 56.133 277.458 276.663
"function evaluation" "current f(x)" "best-so-far f(x)" "current af(x)+b"  "best af(x)+b"
1 254.759 254.759 676.049 676.049
3 220.452 220.452 641.742 641.742
6 214.02 214.02 635.31 635.31
12 172.534 172.534 593.824 593.824
14 171.762 171.762 593.052 593.052
24 151.417 151.417 572.707 572.707
57 128.329 128.329 549.619 549.619
62 119.413 119.413 540.703 540.703
68 108.62 108.62 529.91 529.91
91 85.6212 85.6212 506.911 506.911
403 82.8931 82.8931 504.183 504.183
407 79.5099 79.5099 500.8 500.8
415 77.1446 77.1446 498.435 498.435
418 70.5019 70.5019 491.792 491.792
444 69.685 69.685 490.975 490.975
490 68.0719 68.0719 489.362 489.362
616 67.668 67.668 488.958 488.958
751 65.5109 65.5109 486.801 486.801
756 61.1393 61.1393 482.429 482.429
770 60.6827 60.6827 481.973 481.973
777 59.4681 59.4681 480.758 480.758
850 59.3039 59.3039 480.594 480.594
911 55.5357 55.5357 476.826 476.826
1150 53.7519 53.7519 475.042 475.042
1502 53.6974 53.6974 474.987 474.987
1579 53.6612 53.6612 474.951 474.951
1813 53.5959 53.5959 474.886 474.886
1817 53.5165 53.5165 474.806 474.806
1839 53.4063 53.4063 474.696 474.696
2150 53.6872 53.4063 474.977 474.696
"function evaluation" "current f(x)" "best-so-far f(x)" "current af(x)+b"  "best af(x)+b"
1 292.001 292.001 213.001 213.001
2 210.565 210.565 131.565 131.565
6 169.659 169.659 90.6591 90.6591
13 113.322 113.322 34.3216 34.3216
51 110.154 110.154 31.1537 31.1537
54 78.1733 78.1733 -0.826659 -0.826659
142 69.7767 69.7767 -9.2233 -9.2233
158 61.2259 61.2259 -17.7741 -17.7741
407 59.2964 59.2964 -19.7036 -19.7036
414 56.7085 56.7085 -22.2915 -22.2915
418 52.032 52.032 -26.968 -26.968
425 50.7447 50.7447 -28.2553 -28.2553
438 40.9051 40.9051 -38.0949 -38.0949
483 38.8625 38.8625 -40.1375 -40.1375
537 36.3323 36.3323 -42.6677 -42.6677
546 33.2516 33.2516 -45.7484 -45.7484
844 31.2863 31.2863 -47.7137 -47.7137
859 30.4671 30.4671 -48.5329 -48.5329
876 28.8712 28.8712 -50.1288 -50.1288
1101 27.2996 27.2996 -51.7004 -51.7004
1132 27.1097 27.1097 -51.8903 -51.8903
1464 26.6716 26.6716 -52.3284 -52.3284
1500 26.3785 26.3785 -52.6215 -52.6215
1734 25.9819 25.9819 -53.0181 -53.0181
2150 26.2882 25.9819 -52.7118 -53.0181
"function evaluation" "current f(x)" "best-so-far f(x)" "current af(x)+b"  "best af(x)+b"
1 211.667 211.667 170.337 170.337
7 207.854 207.854 166.524 166.524
8 203.058 203.058 161.728 161.728
28 172.605 172.605 131.275 131.275
45 161.272 161.272 119.942 119.942
58 158.758 158.758 117.428 117.428
60 157.584 157.584 116.254 116.254
63 131.877 131.877 90.547 90.547
89 89.7489 89.7489 48.4189 48.4189
406 80.1522 80.1522 38.8222 38.8222
753 79.5806 79.5806 38.2506 38.2506
756 76.9814 76.9814 35.6514 35.6514
759 75.9413 75.9413 34.6113 34.6113
761 74.4135 74.4135 33.0835 33.0835
766 73.2039 73.2039 31.8739 31.8739
779 70.4472 70.4472 29.1172 29.1172
1008 69.779 69.779 28.449 28.449
1103 69.5648 69.5648 28.2348 28.2348
1104 68.6244 68.6244 27.2944 27.2944
1149 68.38 68.38 27.05 27.05
1152 67.4688 67.4688 26.1388 26.1388
1425 67.3751 67.3751 26.0451 26.0451
1466 67.2831 67.2831 25.9531 25.9531
1480 67.238 67.238 25.908 25.908
1487 67.172 67.172 25.842 25.842
1551 67.1709 67.1709 25.8409 25.8409
1596 67.0098 67.0098 25.6798 25.6798
1808 66.9134 66.9134 25.5834 25.5834
1835 66.8775 66.8775 25.5475 25.5475
1843 66.7809 66.7809 25.4509 25.4509
2150 67.133 66.7809 25.803 25.4509
"function evaluation" "current f(x)" "best-so-far f(x)" "current af(x)+b"  "best af(x)+b"
1 215.526 215.526 428.276 428.276
11 156.919 156.919 369.669 369.669
14 135.612 135.612 348.362 348.362
74 127.508 127.508 340.258 340.258
162 114.833 114.833 327.583 327.583
166 85.9257 85.9257 298.676 298.676
403 69.2182 69.2182 281.968 281.968
755 68.5995 68.5995 281.349 281.349
774 67.3536 67.3536 280.104 280.104
780 66.9638 66.9638 279.714 279.714
792 62.0201 62.0201 274.77 274.77
1109 61.2427 61.2427 273.993 273.993
1117 61.1568 61.1568 273.907 273.907
1143 60.799 60.799 273.549 273.549
1162 60.5743 60.5743 273.324 273.324
1185 60.2275 60.2275 272.977 272.977
1339 60.0238 60.0238 272.774 272.774
1381 59.3802 59.3802 272.13 272.13
1453 59.2484 59.2484 271.998 271.998
1475 59.2212 59.2212 271.971 271.971
1500 59.0007 59.0007 271.751 271.751
1599 58.9861 58.9861 271.736 271.736
1814 58.9821 58.9821 271.732 271.732
1827 58.9528 58.9528 271.703 271.703
1875 58.9136 58.9136 271.664 271.664
1915 58.8882 58.8882 271.638 271.638
2150 59.2882 58.8882 272.038 271.638
"function evaluation" "current f(x)" "best-so-far f(x)" "current af(x)+b"  "best af(x)+b"
1 224.613 224.613 231.093 231.093
3 196.466 196.466 202.946 202.946
5 190.268 190.268 196.748 196.748
20 94.9679 94.9679 101.448 101.448
91 92.8427 92.8427 99.3227 99.3227
153 57.8059 57.8059 64.2859 64.2859
407 48.3656 48.3656 54.8456 54.8456
561 44.3304 44.3304 50.8104 50.8104
592 43.1702 43.1702 49.6502 49.6502
708 39.1143 39.1143 45.5943 45.5943
767 37.5866 37.5866 44.0666 44.0666
786 36.7258 36.7258 43.2058 43.2058
1052 36.2759 36.2759 42.7559 42.7559
1105 35.8999 35.8999 42.3799 42.3799
1107 35.4206 35.4206 41.9006 41.9006
1109 34.7959 34.7959 41.2759 41.2759
1123 34.6438 34.6438 41.1238 41.1238
1138 33.9464 33.9464 40.4264 40.4264
1146 32.8623 32.8623 39.3423 39.3423
1470 32.824 32.824 39.304 39.304
1476 32.3736 32.3736 38.8536 38.8536
1505 32.2062 32.2062 38.6862 38.6862
1818 32.1613 32.1613 38.6413 38.6413
1834 32.053 32.053 38.533 38.533
2150 32.5899 32.053 39.0699 38.533
"function evaluation" "current f(x)" "best-so-far f(x)" "current af(x)+b"  "best af(x)+b"
1 293.891 293.891 -5.61858 -5.61858
3 266.339 266.339 -33.1713 -33.1713
4 241.939 241.939 -57.5709 -57.5709
14 224.471 224.471 -75.0394 -75.0394
21 183.102 183.102 -116.408 -116.408
29 165.01 165.01 -134.5 -134.5
36 124.576 124.576 -174.934 -174.934
56 113.591 113.591 -185.919 -185.919
64 111.227 111.227 -188.283 -188.283
120 87.2602 87.2602 -212.25 -212.25
326 86.3318 86.3318 -213.178 -213.178
401 86.2042 86.2042 -213.306 -213.306
404 83.7899 83.7899 -215.72 -215.72
406 76.0443 76.0443 -223.466 -223.466
417 71.9921 71.9921 -227.518 -227.518
423 68.1196 68.1196 -231.39 -231.39
443 65.9915 65.9915 -233.518 -233.518
479 55.4483 55.4483 -244.062 -244.062
771 53.2474 53.2474 -246.263 -246.263
781 51.5106 51.5106 -247.999 -247.999
970 50.5959 50.5959 -248.914 -248.914
984 49.7639 49.7639 -249.746 -249.746
1101 48.6757 48.6757 -250.834 -250.834
1129 48.3649 48.3649 -251.145 -251.145
1130 48.0102 48.0102 -251.5 -251.5
1278 47.9564 47.9564 -251.554 -251.554
1396 47.8808 47.8808 -251.629 -251.629
1452 47.7128 47.7128 -251.797 -251.797
1458 47.3807 47.3807 -252.129 -252.129
1460 47.2029 47.2029 -252.307 -252.307
1617 46.942 46.942 -252.568 -252.568
1805 46.7853 46.7853 -252.725 -252.725
1857 46.6716 46.6716 -252.838 -252.838
1983 46.6714 46.6714 -252.839 -252.839
2150 46.935 46.6714 -252.575 -252.839
"function evaluation" "current f(x)" "best-so-far f(x)" "current af(x)+b"  "best af(x)+b"
1 315.817 315.817 481.117 481.117
3 288.169 288.169 453.469 453.469
11 238.708 238.708 404.008 404.008
13 204.236 204.236 369.536 369.536
19 180.342 180.342 345.642 345.642
47 165.488 165.488 330.788 330.788
57 155.473 155.473 320.773 320.773
60 152.376 152.376 317.676 317.676
83 136.234 136.234 301.534 301.534
99 131.9 131.9 297.2 297.2
174 127.798 127.798 293.098 293.098
270 117.493 117.493 282.793 282.793
401 110.776 110.776 276.076 276.076
403 89.9703 89.9703 255.27 255.27
482 87.6452 87.6452 252.945 252.945
497 85.0172 85.0172 250.317 250.317
618 82.5209 82.5209 247.821 247.821
751 77.5152 77.5152 242.815 242.815
827 76.6782 76.6782 241.978 241.978
859 75.0274 75.0274 240.327 240.327
940 74.3024 74.3024 239.602 239.602
948 70.5993 70.5993 235.899 235.899
1158 70.2945 70.2945 235.595 235.595
1220 69.7197 69.7197 235.02 235.02
1451 69.2448 69.2448 234.545 234.545
1643 69.0963 69.0963 234.396 234.396
1679 69.0434 69.0434 234.343 234.343
1801 68.9665 68.9665 234.267 234.267
1812 68.9602 68.9602 234.26 234.26
1830 68.8378 68.8378 234.138 234.138
1895 68.7438 68.7438 234.044 234.044
1937 68.6939 68.6939 233.994 233.994
2150 69.3902 68.6939 234.69 233.994
"function evaluation" "current f(x)" "best-so-far f(x)" "current af(x)+b"  "best af(x)+b"
1 221.989 221.989 48.2788 48.2788
4 196.063 196.063 22.3526 22.3526
6 191.028 191.028 17.3182 17.3182
7 135.951 135.951 -37.7587 -37.7587
8 102.14 102.14 -71.5698 -71.5698
71 97.524 97.524 -76.186 -76.186
78 82.8201 82.8201 -90.8899 -90.8899
80 44.6984 44.6984 -129.012 -129.012
419 38.4751 38.4751 -135.235 -135.235
424 32.8707 32.8707 -140.839 -140.839
511 32.3614 32.3614 -141.349 -141.349
753 28.6359 28.6359 -145.074 -145.074
760 26.3909 26.3909 -147.319 -147.319
767 25.5146 25.5146 -148.195 -148.195
768 23.1635 23.1635 -150.546 -150.546
812 21.5593 21.5593 -152.151 -152.151
884 21.5584 21.5584 -152.152 -152.152
949 18.5244 18.5244 -155.186 -155.186
1401 18.478 18.478 -155.232 -155.232
1456 18.0397 18.0397 -155.67 -155.67
1528 17.4985 17.4985 -156.212 -156.212
1596 17.4952 17.4952 -156.215 -156.215
1983 17.4587 17.4587 -156.251 -156.251
2150 18.3137 17.4587 -155.396 -156.251
"function evaluation" "current f(x)" "best-so-far f(x)" "current af(x)+b"  "best af(x)+b"
1 292.837 292.837 349.777 349.777
2 229.988 229.988 286.928 286.928
3 215.55 215.55 272.49 272.49
7 182.552 182.552 239.492 239.492
10 131.247 131.247 188.187 188.187
53 127.904 127.904 184.844 184.844
56 118.619 118.619 175.559 175.559
57 118.491 118.491 175.431 175.431
77 80.507 80.507 137.447 137.447
174 64.3456 64.3456 121.286 121.286
403 50.829 50.829 107.769 107.769
446 49.4835 49.4835 106.423 106.423
540 47.1999 47.1999 104.14 104.14
554 46.7668 46.7668 103.707 103.707
635 45.3724 45.3724 102.312 102.312
759 44.3534 44.3534 101.293 101.293
765 43.6623 43.6623 100.602 100.602
773 43.3946 43.3946 100.335 100.335
774 41.9754 41.9754 98.9154 98.9154
781 41.661 41.661 98.601 98.601
794 38.7413 38.7413 95.6813 95.6813
868 38.5864 38.5864 95.5264 95.5264
1059 38.3207 38.3207 95.2607 95.2607
1101 37.3691 37.3691 94.3091 94.3091
1106 37.3126 37.3126 94.2526 94.2526
1111 36.2613 36.2613 93.2013 93.2013
1129 36.2231 36.2231 93.1631 93.1631
1150 35.5845 35.5845 92.5245 92.5245
1357 35.2715 35.2715 92.2115 92.2115
1451 35.2027 35.2027 92.1427 92.1427
1454 35.152 35.152 92.092 92.092
1462 34.9677 34.9677 91.9077 91.9077
1474 34.6005 34.6005 91.5405 91.5405
1476 34.4946 34.4946 91.4346 91.4346
1505 34.2341 34.2341 91.1741 91.1741
1805 34.155 34.155 91.095 91.095
1865 34.117 34.117 91.057 91.057
1938 34.086 34.086 91.026 91.026
2150 34.155 34.086 91.095 91.026
"function evaluation" "current f(x)" "best-so-far f(x)" "current af(x)+b"  "best af(x)+b"
1 365.595 365.595 231.955 231.955
2 329.57 329.57 195.93 195.93
3 262.078 262.078 128.438 128.438
5 180.055 180.055 46.4154 46.4154
8 81.5423 81.5423 -52.0977 -52.0977
394 72.5084 72.5084 -61.1316 -61.1316
430 71.5683 71.5683 -62.0717 -62.0717
663 66.3256 66.3256 -67.3144 -67.3144
755 63.369 63.369 -70.271 -70.271
867 61.6472 61.6472 -71.9928 -71.9928
1111 61.3129 61.3129 -72.3271 -72.3271
1112 60.204 60.204 -73.436 -73.436
1125 60.0965 60.0965 -73.5435 -73.5435
1180 59.7014 59.7014 -73.9386 -73.9386
1343 59.4729 59.4729 -74.1671 -74.1671
1452 59.0155 59.0155 -74.6245 -74.6245
1453 58.9679 58.9679 -74.6721 -74.6721
1470 58.4526 58.4526 -75.1874 -75.1874
1809 58.4397 58.4397 -75.2003 -75.2003
1810 58.3517 58.3517 -75.2883 -75.2883
1818 58.2581 58.2581 -75.3819 -75.3819
1841 58.2286 58.2286 -75.4114 -75.4114
1875 58.1907 58.1907 -75.4493 -75.4493
1890 58.1318 58.1318 -75.5082 -75.5082
1955 58.1297 58.1297 -75.5103 -75.5103
1977 58.0921 58.0921 -75.5479 -75.5479
2150 58.4235 58.0921 -75.2165 -75.5479
"function evaluation" "current f(x)" "best-so-far f(x)" "current af(x)+b"  "best af(x)+b"
1 269.742 269.742 263.962 263.962
3 243.348 243.348 237.568 237.568
4 205.176 205.176 199.396 199.396
6 126.786 126.786 121.006 121.006
26 124.352 124.352 118.572 118.572
52 115.513 115.513 109.733 109.733
54 114.271 114.271 108.491 108.491
55 106.201 106.201 100.421 100.421
63 101.46 101.46 95.6804 95.6804
136 93.7638 93.7638 87.9838 87.9838
182 88.8072 88.8072 83.0272 83.0272
198 65.8789 65.8789 60.0989 60.0989
402 64.8897 64.8897 59.1097 59.1097
410 52.9305 52.9305 47.1505 47.1505
675 52.6822 52.6822 46.9022 46.9022
759 51.4961 51.4961 45.7161 45.7161
761 50.5208 50.5208 44.7408 44.7408
776 49.879 49.879 44.099 44.099
797 48.4378 48.4378 42.6578 42.6578
868 46.8983 46.8983 41.1183 41.1183
1102 45.5418 45.5418 39.7618 39.7618
1436 45.4218 45.4218 39.6418 39.6418
1451 45.3853 45.3853 39.6053 39.6053
1463 45.2581 45.2581 39.4781 39.4781
1466 44.8986 44.8986 39.1186 39.1186
1477 44.7472 44.7472 38.9672 38.9672
1729 44.5187 44.5187 38.7387 38.7387
1752 44.4606 44.4606 38.6806 38.6806
1896 44.4105 44.4105 38.6305 38.6305
2150 44.7089 44.4105 38.9289 38.6305
"function evaluation" "current f(x)" "best-so-far f(x)" "current af(x)+b"  "best af(x)+b"
1 256.542 256.542 306.502 306.502
4 217.355 217.355 267.315 267.315
6 168.598 168.598 218.558 218.558
10 145.089 145.089 195.049 195.049
20 116.452 116.452 166.412 166.412
56 85.3659 85.3659 135.326 135.326
91 78.9531 78.9531 128.913 128.913
138 75.6166 75.6166 125.577 125.577
223 69.8122 69.8122 119.772 119.772
327 53.9368 53.9368 103.897 103.897
418 50.27 50.27 100.23 100.23
419 47.9824 47.9824 97.9424 97.9424
429 38.4836 38.4836 88.4436 88.4436
441 36.5099 36.5099 86.4699 86.4699
600 30.1078 30.1078 80.0678 80.0678
754 29.8495 29.8495 79.8095 79.8095
756 25.091 25.091 75.051 75.051
788 24.4959 24.4959 74.4559 74.4559
1106 22.2704 22.2704 72.2304 72.2304
1199 21.9246 21.9246 71.8846 71.8846
1468 21.8393 21.8393 71.7993 71.7993
1478 21.7824 21.7824 71.7424 71.7424
1484 21.5909 21.5909 71.5509 71.5509
1515 21.5544 21.5544 71.5144 71.5144
1812 21.5009 21.5009 71.4609 71.4609
1818 21.4432 21.4432 71.4032 71.4032
1915 21.3711 21.3711 71.3311 71.3311
1942 21.2264 21.2264 71.1864 71.1864
2150 21.6695 21.2264 71.6295 71.1864
"function evaluation" "current f(x)" "best-so-far f(x)" "current af(x)+b"  "best af(x)+b"
1 307.791 307.791 181.121 181.121
2 286.301 286.301 159.631 159.631
4 176.851 176.851 50.1809 50.1809
14 175.186 175.186 48.5159 48.5159
16 169.481 169.481 42.811 42.811
53 116.96 116.96 -9.71012 -9.71012
56 70.3336 70.3336 -56.3364 -56.3364
401 69.8092 69.8092 -56.8608 -56.8608
402 66.3253 66.3253 -60.3447 -60.3447
414 52.1343 52.1343 -74.5357 -74.5357
418 50.2957 50.2957 -76.3743 -76.3743
684 48.9889 48.9889 -77.6811 -77.6811
733 46.732 46.732 -79.938 -79.938
751 44.7687 44.7687 -81.9013 -81.9013
754 44.3261 44.3261 -82.3439 -82.3439
760 42.9677 42.9677 -83.7023 -83.7023
764 39.8087 39.8087 -86.8613 -86.8613
765 37.2303 37.2303 -89.4397 -89.4397
1107 36.0889 36.0889 -90.5811 -90.5811
1110 35.9316 35.9316 -90.7384 -90.7384
1135 35.3879 35.3879 -91.2821 -91.2821
1139 35.1389 35.1389 -91.5311 -91.5311
1167 34.9048 34.9048 -91.7652 -91.7652
1217 34.6137 34.6137 -92.0563 -92.0563
1261 34.5788 34.5788 -92.0912 -92.0912
1392 33.8253 33.8253 -92.8447 -92.8447
1620 33.7759 33.7759 -92.8941 -92.8941
1814 33.7226 33.7226 -92.9474 -92.9474
1833 33.6164 33.6164 -93.0536 -93.0536
1843 33.5766 33.5766 -93.0934 -93.0934
1888 33.523 33.523 -93.147 -93.147
2085 33.4984 33.4984 -93.1716 -93.1716
2150 34.1574 33.4984 -92.5126 -93.1716
"function evaluation" "current f(x)" "best-so-far f(x)" "current af(x)+b"  "best af(x)+b"
1 285.722 285.722 359.992 359.992
2 268.324 268.324 342.594 342.594
7 177.143 177.143 251.413 251.413
33 99.1154 99.1154 173.385 173.385
60 80.1711 80.1711 154.441 154.441
109 74.8967 74.8967 149.167 149.167
402 62.8009 62.8009 137.071 137.071
413 49.4359 49.4359 123.706 123.706
752 48.1604 48.1604 122.43 122.43
757 46.1298 46.1298 120.4 120.4
808 42.4748 42.4748 116.745 116.745
1068 42.4135 42.4135 116.684 116.684
1107 40.9059 40.9059 115.176 115.176
1457 40.8677 40.8677 115.138 115.138
1467 40.8601 40.8601 115.13 115.13
1479 40.7963 40.7963 115.066 115.066
1515 40.5394 40.5394 114.809 114.809
1736 40.3917 40.3917 114.662 114.662
1830 40.3911 40.3911 114.661 114.661
1872 40.2835 40.2835 114.553 114.553
2150 40.6929 40.2835 114.963 114.553
