"function evaluation" "current f(x)" "best-so-far f(x)" "current af(x)+b"  "best af(x)+b"
1 8.96477e+06 8.96477e+06 8.96456e+06 8.96456e+06
2 688870 688870 688660 688660
5 279187 279187 278977 278977
7 196637 196637 196427 196427
56 45614.8 45614.8 45404.9 45404.9
103 32838.3 32838.3 32628.4 32628.4
456 26026.2 26026.2 25816.4 25816.4
483 21062.8 21062.8 20852.9 20852.9
554 18492.1 18492.1 18282.2 18282.2
715 5088.86 5088.86 4878.98 4878.98
750 161622 5088.86 161412 4878.98
"function evaluation" "current f(x)" "best-so-far f(x)" "current af(x)+b"  "best af(x)+b"
1 644780 644780 644688 644688
5 538756 538756 538664 538664
31 252681 252681 252589 252589
48 118748 118748 118656 118656
55 9506.02 9506.02 9413.93 9413.93
403 6511.63 6511.63 6419.54 6419.54
480 5047.49 5047.49 4955.4 4955.4
489 4815.06 4815.06 4722.97 4722.97
750 2.17651e+06 4815.06 2.17642e+06 4722.97
"function evaluation" "current f(x)" "best-so-far f(x)" "current af(x)+b"  "best af(x)+b"
1 6.72601e+07 6.72601e+07 6.726e+07 6.726e+07
2 1.26389e+06 1.26389e+06 1.2638e+06 1.2638e+06
7 450467 450467 450379 450379
16 280636 280636 280548 280548
26 76865.8 76865.8 76777.9 76777.9
113 15880.1 15880.1 15792.2 15792.2
750 3.3115e+06 15880.1 3.31142e+06 15792.2
"function evaluation" "current f(x)" "best-so-far f(x)" "current af(x)+b"  "best af(x)+b"
1 2.2417e+07 2.2417e+07 2.24173e+07 2.24173e+07
3 1.17029e+07 1.17029e+07 1.17032e+07 1.17032e+07
5 2.70679e+06 2.70679e+06 2.70711e+06 2.70711e+06
6 2.57077e+06 2.57077e+06 2.57109e+06 2.57109e+06
11 883181 883181 883501 883501
15 316926 316926 317246 317246
16 164578 164578 164898 164898
65 51539.8 51539.8 51859.9 51859.9
512 49002.1 49002.1 49322.3 49322.3
549 41785.2 41785.2 42105.4 42105.4
749 39584.5 39584.5 39904.7 39904.7
750 104679 39584.5 104999 39904.7
"function evaluation" "current f(x)" "best-so-far f(x)" "current af(x)+b"  "best af(x)+b"
1 2.28024e+07 2.28024e+07 2.28023e+07 2.28023e+07
3 2.94464e+06 2.94464e+06 2.94454e+06 2.94454e+06
4 26952.8 26952.8 26848.5 26848.5
237 20564.9 20564.9 20460.6 20460.6
282 7341.58 7341.58 7237.34 7237.34
432 6313.07 6313.07 6208.83 6208.83
742 3904.66 3904.66 3800.42 3800.42
750 1.54502e+07 3904.66 1.54501e+07 3800.42
"function evaluation" "current f(x)" "best-so-far f(x)" "current af(x)+b"  "best af(x)+b"
1 7.91232e+06 7.91232e+06 7.91228e+06 7.91228e+06
2 3.96671e+06 3.96671e+06 3.96667e+06 3.96667e+06
14 1.47205e+06 1.47205e+06 1.47202e+06 1.47202e+06
23 138338 138338 138302 138302
25 67631.8 67631.8 67596.1 67596.1
540 23330.6 23330.6 23294.9 23294.9
569 21310.5 21310.5 21274.8 21274.8
750 1.5794e+06 21310.5 1.57936e+06 21274.8
"function evaluation" "current f(x)" "best-so-far f(x)" "current af(x)+b"  "best af(x)+b"
1 737097 737097 737117 737117
9 176948 176948 176968 176968
19 169274 169274 169295 169295
67 101096 101096 101117 101117
129 49688.8 49688.8 49709.5 49709.5
181 39876.3 39876.3 39897 39897
276 28919.3 28919.3 28940 28940
284 23100.4 23100.4 23121.1 23121.1
351 18738.1 18738.1 18758.8 18758.8
549 13517.4 13517.4 13538.1 13538.1
566 10192.8 10192.8 10213.5 10213.5
723 6810.78 6810.78 6831.48 6831.48
750 22670.1 6810.78 22690.8 6831.48
"function evaluation" "current f(x)" "best-so-far f(x)" "current af(x)+b"  "best af(x)+b"
1 4.69422e+07 4.69422e+07 4.69422e+07 4.69422e+07
2 2.5401e+06 2.5401e+06 2.54014e+06 2.54014e+06
3 457267 457267 457305 457305
12 179238 179238 179276 179276
20 151966 151966 152004 152004
191 78558.4 78558.4 78596.5 78596.5
390 55193.9 55193.9 55231.9 55231.9
391 35947.7 35947.7 35985.8 35985.8
412 683.907 683.907 721.977 721.977
750 300416 683.907 300454 721.977
"function evaluation" "current f(x)" "best-so-far f(x)" "current af(x)+b"  "best af(x)+b"
1 175067 175067 175022 175022
27 112224 112224 112178 112178
93 47829.3 47829.3 47783.9 47783.9
95 44271.7 44271.7 44226.3 44226.3
257 14809.3 14809.3 14763.9 14763.9
414 3947.38 3947.38 3901.96 3901.96
750 2.34573e+06 3947.38 2.34568e+06 3901.96
"function evaluation" "current f(x)" "best-so-far f(x)" "current af(x)+b"  "best af(x)+b"
1 2.24395e+07 2.24395e+07 2.24396e+07 2.24396e+07
2 275381 275381 275448 275448
24 56434 56434 56501 56501
36 13976.1 13976.1 14043.1 14043.1
670 13360.7 13360.7 13427.6 13427.6
750 2.56163e+06 13360.7 2.56169e+06 13427.6
"function evaluation" "current f(x)" "best-so-far f(x)" "current af(x)+b"  "best af(x)+b"
1 1.95627e+07 1.95627e+07 1.95628e+07 1.95628e+07
2 9.65252e+06 9.65252e+06 9.65258e+06 9.65258e+06
5 865542 865542 865601 865601
8 50933.4 50933.4 50991.7 50991.7
163 5106.45 5106.45 5164.77 5164.77
750 1.78722e+06 5106.45 1.78728e+06 5164.77
"function evaluation" "current f(x)" "best-so-far f(x)" "current af(x)+b"  "best af(x)+b"
1 418543 418543 418736 418736
6 265965 265965 266158 266158
50 48184.8 48184.8 48378.1 48378.1
147 46420.7 46420.7 46613.9 46613.9
391 9446 9446 9639.27 9639.27
576 5792.1 5792.1 5985.37 5985.37
750 2.3566e+07 5792.1 2.35662e+07 5985.37
"function evaluation" "current f(x)" "best-so-far f(x)" "current af(x)+b"  "best af(x)+b"
1 1.754e+07 1.754e+07 1.75395e+07 1.75395e+07
2 1.45921e+06 1.45921e+06 1.45879e+06 1.45879e+06
4 88996.1 88996.1 88577.1 88577.1
11 88269.4 88269.4 87850.4 87850.4
17 3160.29 3160.29 2741.28 2741.28
562 1000.13 1000.13 581.12 581.12
750 8.31863e+06 1000.13 8.31821e+06 581.12
"function evaluation" "current f(x)" "best-so-far f(x)" "current af(x)+b"  "best af(x)+b"
1 2.56576e+06 2.56576e+06 2.56617e+06 2.56617e+06
4 1.16522e+06 1.16522e+06 1.16563e+06 1.16563e+06
5 807395 807395 807802 807802
20 508429 508429 508836 508836
28 402411 402411 402819 402819
54 324787 324787 325194 325194
103 180268 180268 180675 180675
108 102654 102654 103061 103061
113 98621.2 98621.2 99028.8 99028.8
264 76112.6 76112.6 76520.2 76520.2
316 47134.9 47134.9 47542.5 47542.5
344 30716.1 30716.1 31123.7 31123.7
384 9593.56 9593.56 10001.2 10001.2
427 7235.55 7235.55 7643.16 7643.16
750 233881 7235.55 234288 7643.16
"function evaluation" "current f(x)" "best-so-far f(x)" "current af(x)+b"  "best af(x)+b"
1 3.39805e+07 3.39805e+07 3.39805e+07 3.39805e+07
2 8.79133e+06 8.79133e+06 8.79136e+06 8.79136e+06
3 2.6517e+06 2.6517e+06 2.65173e+06 2.65173e+06
6 2.26316e+06 2.26316e+06 2.26319e+06 2.26319e+06
8 965460 965460 965489 965489
14 851082 851082 851110 851110
19 771582 771582 771611 771611
36 327176 327176 327205 327205
69 128697 128697 128726 128726
122 75720.8 75720.8 75749.5 75749.5
130 34372.9 34372.9 34401.6 34401.6
371 8318.58 8318.58 8347.3 8347.3
484 5444.93 5444.93 5473.65 5473.65
683 2102.06 2102.06 2130.78 2130.78
750 430313 2102.06 430342 2130.78
"function evaluation" "current f(x)" "best-so-far f(x)" "current af(x)+b"  "best af(x)+b"
1 2.33968e+07 2.33968e+07 2.33967e+07 2.33967e+07
3 2.00166e+07 2.00166e+07 2.00165e+07 2.00165e+07
4 4.46869e+06 4.46869e+06 4.4686e+06 4.4686e+06
6 478663 478663 478574 478574
16 233439 233439 233350 233350
78 5644.57 5644.57 5555.34 5555.34
750 1.7998e+07 5644.57 1.79979e+07 5555.34
"function evaluation" "current f(x)" "best-so-far f(x)" "current af(x)+b"  "best af(x)+b"
1 3.24824e+07 3.24824e+07 3.24825e+07 3.24825e+07
2 1.71411e+06 1.71411e+06 1.71417e+06 1.71417e+06
4 515491 515491 515549 515549
6 173441 173441 173500 173500
140 153408 153408 153467 153467
141 7252.77 7252.77 7311.09 7311.09
715 4704.18 4704.18 4762.5 4762.5
750 175274 4704.18 175333 4762.5
"function evaluation" "current f(x)" "best-so-far f(x)" "current af(x)+b"  "best af(x)+b"
1 2.48115e+06 2.48115e+06 2.48146e+06 2.48146e+06
7 907819 907819 908131 908131
12 48915.1 48915.1 49226.9 49226.9
136 39359.8 39359.8 39671.6 39671.6
424 7645.67 7645.67 7957.48 7957.48
750 118206 7645.67 118518 7957.48
"function evaluation" "current f(x)" "best-so-far f(x)" "current af(x)+b"  "best af(x)+b"
1 1.06741e+07 1.06741e+07 1.06741e+07 1.06741e+07
2 873200 873200 873215 873215
5 45069 45069 45083.9 45083.9
214 22925.7 22925.7 22940.6 22940.6
750 4.80623e+06 22925.7 4.80625e+06 22940.6
"function evaluation" "current f(x)" "best-so-far f(x)" "current af(x)+b"  "best af(x)+b"
1 2.94053e+06 2.94053e+06 2.94047e+06 2.94047e+06
5 1.6533e+06 1.6533e+06 1.65324e+06 1.65324e+06
7 144283 144283 144220 144220
40 134521 134521 134459 134459
77 41318 41318 41255.7 41255.7
432 36343.7 36343.7 36281.5 36281.5
531 28491.4 28491.4 28429.2 28429.2
551 15207.9 15207.9 15145.6 15145.6
750 2.55956e+06 15207.9 2.5595e+06 15145.6
"function evaluation" "current f(x)" "best-so-far f(x)" "current af(x)+b"  "best af(x)+b"
1 749160 749160 749223 749223
2 686833 686833 686897 686897
3 348724 348724 348787 348787
21 203926 203926 203990 203990
39 133381 133381 133445 133445
50 27170 27170 27233.6 27233.6
347 23303.4 23303.4 23366.9 23366.9
750 969403 23303.4 969466 23366.9
"function evaluation" "current f(x)" "best-so-far f(x)" "current af(x)+b"  "best af(x)+b"
1 1.1504e+07 1.1504e+07 1.15034e+07 1.15034e+07
2 9.82218e+06 9.82218e+06 9.82161e+06 9.82161e+06
3 3.18813e+06 3.18813e+06 3.18756e+06 3.18756e+06
4 1.2143e+06 1.2143e+06 1.21373e+06 1.21373e+06
9 943954 943954 943383 943383
17 787598 787598 787026 787026
18 357900 357900 357329 357329
29 133742 133742 133171 133171
102 82816 82816 82244.7 82244.7
134 53064.5 53064.5 52493.2 52493.2
260 27621.2 27621.2 27049.9 27049.9
316 5563.78 5563.78 4992.49 4992.49
600 1292.72 1292.72 721.425 721.425
750 515988 1292.72 515417 721.425
"function evaluation" "current f(x)" "best-so-far f(x)" "current af(x)+b"  "best af(x)+b"
1 1.95406e+06 1.95406e+06 1.95401e+06 1.95401e+06
10 452119 452119 452067 452067
17 224889 224889 224836 224836
24 8599.36 8599.36 8546.76 8546.76
262 3185.63 3185.63 3133.03 3133.03
524 2334.67 2334.67 2282.07 2282.07
750 59214.8 2334.67 59162.2 2282.07
"function evaluation" "current f(x)" "best-so-far f(x)" "current af(x)+b"  "best af(x)+b"
1 1.41925e+07 1.41925e+07 1.41924e+07 1.41924e+07
2 123742 123742 123616 123616
13 104101 104101 103975 103975
231 101647 101647 101522 101522
380 92044.2 92044.2 91918.5 91918.5
415 27640 27640 27514.3 27514.3
444 25876 25876 25750.3 25750.3
488 3052.87 3052.87 2927.17 2927.17
701 2610.9 2610.9 2485.2 2485.2
750 374907 2610.9 374781 2485.2
"function evaluation" "current f(x)" "best-so-far f(x)" "current af(x)+b"  "best af(x)+b"
1 6.02124e+06 6.02124e+06 6.02024e+06 6.02024e+06
2 4.93823e+06 4.93823e+06 4.93723e+06 4.93723e+06
8 2.90221e+06 2.90221e+06 2.90121e+06 2.90121e+06
10 594567 594567 593567 593567
12 473210 473210 472210 472210
26 140558 140558 139558 139558
63 46205.5 46205.5 45205.5 45205.5
241 30174 30174 29174 29174
289 10356.7 10356.7 9356.74 9356.74
750 3.00123e+06 10356.7 3.00023e+06 9356.74
